200 200 12033
1 6
1 8
1 14
1 16
1 23
1 24
1 32
1 34
1 36
1 39
1 40
1 41
1 42
1 43
1 47
1 55
1 57
1 60
1 61
1 62
1 70
1 71
1 75
1 76
1 80
1 83
1 85
1 86
1 87
1 90
1 95
1 96
1 98
1 103
1 105
1 107
1 110
1 112
1 113
1 115
1 120
1 121
1 124
1 132
1 137
1 138
1 140
1 141
1 142
1 143
1 144
1 145
1 150
1 166
1 168
1 169
1 170
1 171
1 172
1 176
1 179
1 180
1 182
1 184
1 185
1 187
1 191
1 197
1 199
2 1
2 9
2 10
2 16
2 30
2 39
2 41
2 42
2 44
2 53
2 54
2 55
2 58
2 61
2 63
2 66
2 69
2 71
2 74
2 77
2 78
2 81
2 82
2 83
2 87
2 89
2 90
2 91
2 94
2 95
2 99
2 100
2 103
2 105
2 106
2 108
2 115
2 117
2 122
2 129
2 131
2 136
2 140
2 142
2 143
2 145
2 146
2 147
2 148
2 155
2 169
2 170
2 172
2 173
2 174
2 175
2 186
2 187
2 188
2 189
2 197
3 2
3 3
3 6
3 12
3 13
3 15
3 18
3 20
3 32
3 36
3 37
3 39
3 53
3 54
3 55
3 56
3 58
3 67
3 74
3 77
3 79
3 81
3 85
3 87
3 88
3 89
3 90
3 95
3 96
3 97
3 98
3 101
3 104
3 105
3 106
3 112
3 113
3 117
3 118
3 119
3 120
3 121
3 123
3 124
3 130
3 135
3 142
3 143
3 145
3 154
3 156
3 157
3 158
3 169
3 170
3 176
3 181
3 182
3 183
3 190
3 193
3 199
3 200
4 1
4 2
4 3
4 6
4 10
4 14
4 16
4 20
4 22
4 24
4 30
4 31
4 32
4 33
4 34
4 35
4 37
4 38
4 44
4 46
4 50
4 51
4 56
4 57
4 61
4 64
4 70
4 75
4 76
4 78
4 86
4 87
4 88
4 91
4 94
4 96
4 105
4 111
4 130
4 138
4 140
4 144
4 146
4 152
4 155
4 161
4 165
4 167
4 171
4 173
4 176
4 178
4 180
4 181
4 182
4 183
4 187
4 189
4 192
4 194
4 197
4 198
4 199
5 5
5 7
5 8
5 19
5 21
5 37
5 38
5 44
5 51
5 54
5 60
5 64
5 66
5 67
5 68
5 69
5 73
5 74
5 75
5 82
5 83
5 84
5 87
5 90
5 91
5 92
5 93
5 94
5 96
5 97
5 98
5 103
5 104
5 105
5 115
5 117
5 120
5 123
5 126
5 129
5 130
5 131
5 132
5 135
5 142
5 143
5 145
5 146
5 149
5 150
5 153
5 164
5 167
5 171
5 175
5 177
5 179
5 180
5 182
5 183
5 185
5 188
5 189
5 193
5 195
5 197
6 1
6 2
6 6
6 7
6 10
6 11
6 21
6 22
6 25
6 26
6 27
6 32
6 38
6 42
6 43
6 47
6 50
6 66
6 69
6 71
6 72
6 82
6 90
6 91
6 92
6 98
6 101
6 102
6 104
6 105
6 107
6 115
6 116
6 119
6 123
6 127
6 128
6 129
6 133
6 136
6 138
6 142
6 144
6 147
6 152
6 154
6 155
6 161
6 163
6 167
6 171
6 173
6 175
6 182
6 189
6 190
6 191
6 193
6 195
6 198
7 4
7 5
7 9
7 10
7 14
7 17
7 23
7 24
7 25
7 26
7 27
7 29
7 35
7 37
7 40
7 45
7 47
7 50
7 51
7 52
7 53
7 58
7 61
7 63
7 65
7 66
7 68
7 69
7 75
7 76
7 80
7 81
7 82
7 86
7 88
7 89
7 95
7 100
7 107
7 108
7 109
7 111
7 127
7 128
7 132
7 133
7 134
7 142
7 143
7 148
7 150
7 154
7 155
7 161
7 162
7 164
7 166
7 168
7 175
7 180
7 182
7 186
7 187
7 188
7 190
7 193
7 194
8 9
8 10
8 14
8 17
8 23
8 27
8 29
8 30
8 31
8 32
8 33
8 35
8 41
8 47
8 48
8 50
8 52
8 53
8 55
8 56
8 58
8 62
8 63
8 64
8 65
8 70
8 71
8 74
8 77
8 78
8 79
8 82
8 83
8 85
8 88
8 90
8 91
8 95
8 103
8 104
8 106
8 108
8 112
8 113
8 115
8 117
8 120
8 122
8 124
8 126
8 127
8 128
8 129
8 135
8 136
8 137
8 143
8 154
8 167
8 170
8 173
8 178
8 181
8 183
8 184
8 187
8 193
8 194
8 197
9 1
9 5
9 7
9 14
9 19
9 26
9 33
9 49
9 56
9 60
9 64
9 75
9 78
9 80
9 84
9 89
9 94
9 97
9 98
9 99
9 102
9 110
9 114
9 123
9 125
9 126
9 129
9 131
9 132
9 133
9 134
9 135
9 138
9 142
9 143
9 149
9 150
9 153
9 155
9 162
9 168
9 170
9 171
9 173
9 174
9 176
9 178
9 180
9 188
9 189
10 8
10 10
10 11
10 14
10 19
10 20
10 34
10 35
10 36
10 41
10 42
10 48
10 51
10 53
10 58
10 59
10 62
10 64
10 65
10 67
10 71
10 76
10 77
10 79
10 85
10 87
10 90
10 91
10 92
10 93
10 95
10 107
10 111
10 113
10 119
10 121
10 122
10 127
10 128
10 132
10 134
10 140
10 147
10 151
10 154
10 156
10 159
10 166
10 169
10 172
10 175
10 177
10 178
10 191
10 193
11 5
11 7
11 12
11 14
11 16
11 25
11 26
11 28
11 45
11 47
11 50
11 52
11 56
11 58
11 62
11 64
11 67
11 73
11 75
11 81
11 83
11 86
11 87
11 89
11 92
11 95
11 96
11 98
11 100
11 102
11 103
11 105
11 110
11 111
11 114
11 117
11 118
11 119
11 120
11 121
11 123
11 126
11 132
11 136
11 140
11 147
11 150
11 158
11 166
11 171
11 172
11 176
11 177
11 188
11 191
11 192
11 194
11 196
12 4
12 10
12 12
12 15
12 22
12 23
12 26
12 27
12 30
12 31
12 32
12 34
12 36
12 39
12 43
12 44
12 49
12 54
12 55
12 61
12 62
12 63
12 64
12 65
12 66
12 67
12 74
12 80
12 81
12 84
12 89
12 97
12 99
12 103
12 106
12 108
12 113
12 114
12 121
12 124
12 126
12 129
12 130
12 135
12 139
12 141
12 145
12 149
12 150
12 151
12 155
12 156
12 157
12 158
12 161
12 164
12 166
12 167
12 170
12 174
12 178
12 185
12 190
12 192
12 193
12 197
12 200
13 1
13 2
13 5
13 6
13 7
13 9
13 10
13 13
13 14
13 16
13 28
13 35
13 37
13 39
13 41
13 44
13 55
13 58
13 59
13 61
13 66
13 67
13 69
13 70
13 73
13 78
13 79
13 81
13 82
13 92
13 102
13 111
13 116
13 117
13 119
13 124
13 133
13 136
13 138
13 139
13 141
13 148
13 153
13 154
13 155
13 157
13 158
13 159
13 164
13 167
13 180
13 189
13 193
13 194
13 195
13 196
13 200
14 2
14 5
14 6
14 10
14 13
14 15
14 21
14 23
14 27
14 28
14 37
14 38
14 39
14 42
14 44
14 45
14 47
14 49
14 58
14 63
14 66
14 68
14 73
14 82
14 84
14 92
14 94
14 110
14 115
14 117
14 124
14 126
14 128
14 129
14 131
14 136
14 137
14 140
14 144
14 145
14 151
14 153
14 161
14 169
14 170
14 173
14 174
14 175
14 176
14 177
14 180
14 186
14 192
14 195
14 197
15 6
15 7
15 10
15 22
15 26
15 28
15 31
15 33
15 34
15 38
15 46
15 53
15 55
15 57
15 60
15 71
15 72
15 74
15 76
15 87
15 89
15 91
15 98
15 105
15 107
15 108
15 112
15 115
15 123
15 129
15 130
15 134
15 135
15 141
15 142
15 147
15 150
15 151
15 152
15 153
15 154
15 155
15 156
15 162
15 164
15 166
15 167
15 168
15 171
15 174
15 176
15 177
15 178
15 182
15 183
15 191
15 194
15 197
15 198
15 200
16 1
16 3
16 4
16 5
16 7
16 19
16 24
16 25
16 27
16 29
16 30
16 31
16 33
16 40
16 49
16 50
16 64
16 65
16 66
16 67
16 70
16 73
16 78
16 82
16 87
16 88
16 94
16 99
16 100
16 103
16 107
16 108
16 111
16 112
16 115
16 118
16 120
16 123
16 128
16 136
16 138
16 145
16 148
16 151
16 155
16 161
16 166
16 182
16 185
16 187
16 198
17 3
17 8
17 10
17 13
17 17
17 18
17 19
17 26
17 28
17 37
17 42
17 43
17 45
17 46
17 52
17 54
17 56
17 60
17 64
17 69
17 70
17 71
17 74
17 75
17 79
17 81
17 83
17 84
17 85
17 86
17 87
17 90
17 93
17 95
17 98
17 108
17 110
17 116
17 122
17 125
17 132
17 141
17 142
17 146
17 147
17 148
17 152
17 155
17 159
17 164
17 167
17 173
17 179
17 183
17 184
17 185
17 188
17 189
17 191
17 192
17 197
18 1
18 10
18 14
18 17
18 18
18 27
18 31
18 33
18 34
18 37
18 38
18 39
18 42
18 43
18 46
18 50
18 51
18 52
18 61
18 65
18 67
18 68
18 73
18 74
18 75
18 81
18 82
18 83
18 86
18 89
18 90
18 93
18 95
18 96
18 98
18 99
18 101
18 102
18 110
18 117
18 118
18 120
18 126
18 128
18 137
18 140
18 141
18 142
18 148
18 149
18 155
18 156
18 157
18 158
18 162
18 163
18 166
18 174
18 179
18 183
18 186
18 187
18 188
18 192
19 5
19 8
19 9
19 13
19 20
19 21
19 22
19 24
19 27
19 28
19 29
19 30
19 31
19 36
19 38
19 44
19 46
19 47
19 49
19 53
19 56
19 60
19 67
19 69
19 74
19 75
19 78
19 79
19 87
19 88
19 89
19 91
19 95
19 101
19 116
19 119
19 129
19 131
19 134
19 138
19 144
19 146
19 147
19 149
19 150
19 151
19 153
19 155
19 156
19 165
19 168
19 171
19 175
19 177
19 178
19 179
19 199
20 2
20 6
20 8
20 12
20 14
20 18
20 20
20 21
20 23
20 25
20 33
20 34
20 35
20 37
20 44
20 49
20 50
20 55
20 59
20 62
20 65
20 69
20 73
20 75
20 76
20 78
20 80
20 81
20 86
20 87
20 91
20 92
20 96
20 97
20 103
20 104
20 105
20 107
20 108
20 119
20 120
20 123
20 127
20 130
20 137
20 138
20 140
20 143
20 144
20 149
20 150
20 155
20 157
20 161
20 167
20 171
20 174
20 175
20 177
20 178
20 179
20 197
21 6
21 9
21 16
21 18
21 21
21 26
21 28
21 30
21 31
21 33
21 38
21 42
21 52
21 55
21 58
21 66
21 72
21 78
21 79
21 80
21 89
21 90
21 97
21 105
21 119
21 123
21 131
21 132
21 135
21 136
21 142
21 147
21 149
21 150
21 152
21 155
21 156
21 167
21 169
21 177
21 191
21 192
21 193
21 195
21 196
21 199
21 200
22 8
22 10
22 16
22 17
22 23
22 25
22 27
22 30
22 32
22 33
22 35
22 38
22 47
22 60
22 75
22 81
22 87
22 92
22 93
22 100
22 104
22 113
22 114
22 116
22 118
22 119
22 122
22 124
22 128
22 131
22 133
22 138
22 148
22 149
22 158
22 161
22 165
22 166
22 167
22 171
22 176
22 179
22 181
22 184
22 189
22 194
22 195
22 199
23 1
23 2
23 6
23 11
23 13
23 17
23 18
23 19
23 21
23 22
23 23
23 24
23 25
23 26
23 35
23 36
23 37
23 39
23 41
23 42
23 45
23 46
23 48
23 52
23 64
23 69
23 75
23 76
23 78
23 79
23 84
23 86
23 90
23 91
23 93
23 94
23 96
23 98
23 103
23 104
23 107
23 119
23 121
23 126
23 130
23 132
23 135
23 137
23 142
23 151
23 153
23 157
23 160
23 165
23 168
23 169
23 170
23 172
23 181
23 183
23 185
23 191
24 2
24 3
24 7
24 10
24 17
24 20
24 21
24 28
24 37
24 49
24 51
24 53
24 55
24 56
24 58
24 59
24 60
24 64
24 68
24 69
24 76
24 77
24 78
24 79
24 86
24 87
24 91
24 93
24 95
24 98
24 100
24 102
24 106
24 108
24 114
24 116
24 117
24 133
24 136
24 137
24 141
24 142
24 144
24 145
24 147
24 151
24 154
24 156
24 158
24 160
24 165
24 168
24 169
24 172
24 177
24 178
24 185
24 186
24 190
24 195
24 196
24 200
25 4
25 6
25 7
25 13
25 19
25 20
25 25
25 26
25 27
25 28
25 31
25 32
25 35
25 36
25 42
25 43
25 47
25 64
25 66
25 67
25 71
25 77
25 79
25 84
25 85
25 89
25 90
25 91
25 92
25 94
25 95
25 97
25 104
25 106
25 110
25 116
25 120
25 126
25 127
25 130
25 132
25 135
25 136
25 138
25 140
25 141
25 142
25 144
25 145
25 146
25 153
25 161
25 163
25 167
25 168
25 179
25 180
25 181
25 182
25 184
25 191
25 192
25 195
26 2
26 5
26 7
26 8
26 11
26 12
26 13
26 17
26 19
26 23
26 24
26 25
26 28
26 30
26 32
26 33
26 37
26 40
26 45
26 50
26 52
26 56
26 58
26 59
26 60
26 62
26 65
26 69
26 70
26 72
26 77
26 78
26 80
26 81
26 86
26 87
26 88
26 89
26 96
26 103
26 104
26 105
26 106
26 107
26 108
26 112
26 113
26 114
26 116
26 119
26 120
26 121
26 123
26 125
26 127
26 133
26 137
26 139
26 140
26 143
26 144
26 147
26 155
26 159
26 160
26 166
26 171
26 172
26 174
26 175
26 177
26 185
26 195
26 197
26 198
27 1
27 2
27 18
27 23
27 26
27 27
27 29
27 33
27 34
27 40
27 43
27 44
27 52
27 57
27 61
27 63
27 69
27 73
27 74
27 76
27 81
27 84
27 96
27 97
27 99
27 108
27 109
27 114
27 117
27 122
27 124
27 128
27 135
27 136
27 144
27 151
27 158
27 162
27 177
27 179
27 180
27 184
27 187
27 189
27 191
27 197
27 198
27 200
28 1
28 4
28 5
28 7
28 9
28 14
28 17
28 21
28 23
28 28
28 29
28 31
28 32
28 38
28 41
28 43
28 44
28 47
28 50
28 51
28 52
28 59
28 60
28 64
28 65
28 67
28 71
28 78
28 79
28 81
28 85
28 87
28 89
28 94
28 95
28 99
28 100
28 107
28 108
28 109
28 110
28 113
28 118
28 122
28 125
28 130
28 133
28 135
28 142
28 152
28 154
28 156
28 157
28 167
28 169
28 172
28 173
28 175
28 181
28 182
28 183
28 184
28 193
28 195
28 197
29 2
29 3
29 5
29 8
29 9
29 10
29 11
29 15
29 16
29 20
29 23
29 25
29 36
29 45
29 46
29 48
29 49
29 57
29 59
29 62
29 67
29 72
29 74
29 76
29 79
29 84
29 86
29 89
29 91
29 95
29 96
29 101
29 105
29 110
29 122
29 123
29 125
29 127
29 132
29 133
29 134
29 135
29 137
29 139
29 140
29 141
29 142
29 143
29 147
29 149
29 150
29 152
29 153
29 156
29 159
29 162
29 164
29 173
29 180
29 184
29 187
29 190
29 199
30 2
30 7
30 14
30 15
30 17
30 18
30 28
30 29
30 31
30 32
30 33
30 37
30 39
30 40
30 41
30 48
30 49
30 50
30 52
30 57
30 61
30 63
30 71
30 72
30 78
30 81
30 84
30 87
30 88
30 89
30 91
30 93
30 95
30 99
30 103
30 106
30 107
30 110
30 112
30 124
30 125
30 133
30 135
30 143
30 144
30 148
30 149
30 150
30 154
30 164
30 166
30 168
30 174
30 183
30 185
30 197
30 198
31 3
31 5
31 10
31 20
31 21
31 24
31 25
31 27
31 29
31 37
31 38
31 42
31 43
31 44
31 51
31 55
31 61
31 63
31 64
31 66
31 67
31 68
31 70
31 77
31 79
31 85
31 91
31 92
31 96
31 99
31 103
31 108
31 110
31 111
31 120
31 130
31 133
31 136
31 137
31 138
31 142
31 150
31 151
31 160
31 166
31 170
31 174
31 177
31 178
31 182
31 183
31 186
31 187
31 191
31 193
31 195
31 196
31 197
31 199
31 200
32 4
32 10
32 14
32 19
32 20
32 21
32 22
32 24
32 27
32 33
32 34
32 35
32 38
32 44
32 47
32 48
32 52
32 54
32 55
32 56
32 58
32 59
32 65
32 66
32 67
32 68
32 72
32 73
32 74
32 75
32 79
32 84
32 94
32 96
32 100
32 105
32 109
32 110
32 111
32 112
32 115
32 123
32 124
32 126
32 131
32 133
32 137
32 140
32 142
32 150
32 151
32 153
32 154
32 155
32 174
32 180
32 182
32 183
32 184
32 186
32 189
32 194
32 196
32 199
33 2
33 3
33 4
33 8
33 10
33 18
33 21
33 23
33 30
33 32
33 38
33 42
33 46
33 47
33 54
33 63
33 64
33 71
33 72
33 73
33 74
33 77
33 78
33 81
33 82
33 86
33 87
33 96
33 99
33 100
33 110
33 111
33 112
33 116
33 117
33 120
33 124
33 126
33 127
33 135
33 138
33 141
33 145
33 146
33 151
33 156
33 159
33 164
33 171
33 174
33 175
33 177
33 181
33 182
33 185
33 189
33 197
33 200
34 4
34 5
34 12
34 13
34 19
34 22
34 23
34 28
34 32
34 35
34 37
34 38
34 46
34 47
34 59
34 61
34 64
34 66
34 67
34 71
34 72
34 77
34 80
34 84
34 91
34 94
34 95
34 97
34 99
34 100
34 103
34 104
34 106
34 108
34 109
34 115
34 124
34 125
34 126
34 127
34 130
34 131
34 133
34 137
34 138
34 140
34 141
34 143
34 147
34 150
34 154
34 156
34 158
34 162
34 163
34 166
34 167
34 177
34 179
34 180
34 183
34 184
34 187
34 190
34 196
34 198
34 200
35 4
35 9
35 11
35 12
35 14
35 15
35 18
35 21
35 24
35 25
35 28
35 30
35 31
35 39
35 40
35 44
35 48
35 52
35 55
35 57
35 61
35 63
35 64
35 66
35 69
35 72
35 73
35 76
35 81
35 84
35 86
35 88
35 97
35 103
35 105
35 115
35 117
35 120
35 123
35 124
35 128
35 129
35 130
35 140
35 141
35 143
35 145
35 146
35 147
35 153
35 155
35 156
35 157
35 158
35 160
35 163
35 164
35 168
35 169
35 172
35 174
35 181
35 191
35 198
35 200
36 1
36 3
36 4
36 20
36 24
36 25
36 31
36 32
36 38
36 39
36 41
36 43
36 58
36 62
36 64
36 72
36 74
36 77
36 80
36 89
36 91
36 95
36 100
36 104
36 108
36 109
36 110
36 114
36 115
36 116
36 122
36 127
36 131
36 132
36 133
36 138
36 145
36 146
36 148
36 154
36 158
36 159
36 163
36 165
36 166
36 167
36 168
36 170
36 174
36 175
36 183
36 185
36 189
36 193
37 18
37 23
37 25
37 27
37 29
37 33
37 35
37 37
37 38
37 40
37 45
37 46
37 54
37 58
37 60
37 62
37 70
37 74
37 79
37 83
37 87
37 88
37 93
37 94
37 95
37 96
37 101
37 102
37 103
37 108
37 110
37 114
37 119
37 121
37 123
37 124
37 125
37 127
37 128
37 130
37 131
37 135
37 141
37 146
37 147
37 150
37 154
37 157
37 159
37 160
37 165
37 169
37 176
37 178
37 181
37 182
37 185
37 186
37 187
37 192
37 200
38 5
38 7
38 10
38 11
38 12
38 14
38 16
38 17
38 18
38 19
38 21
38 26
38 28
38 35
38 37
38 40
38 41
38 42
38 45
38 46
38 47
38 49
38 50
38 51
38 53
38 56
38 58
38 59
38 61
38 64
38 66
38 69
38 74
38 77
38 78
38 79
38 85
38 87
38 89
38 99
38 102
38 105
38 108
38 113
38 115
38 116
38 119
38 120
38 124
38 130
38 135
38 144
38 146
38 152
38 160
38 162
38 168
38 170
38 175
38 176
38 179
38 183
38 184
38 197
39 1
39 2
39 7
39 14
39 15
39 17
39 19
39 22
39 23
39 26
39 28
39 36
39 39
39 41
39 49
39 52
39 57
39 58
39 64
39 73
39 76
39 79
39 80
39 85
39 94
39 98
39 99
39 100
39 103
39 106
39 108
39 109
39 110
39 112
39 115
39 116
39 123
39 124
39 125
39 126
39 127
39 131
39 132
39 137
39 138
39 140
39 142
39 144
39 154
39 162
39 163
39 167
39 168
39 172
39 176
39 177
39 180
39 183
39 185
39 192
39 195
39 198
40 1
40 2
40 4
40 6
40 9
40 10
40 13
40 21
40 25
40 31
40 34
40 35
40 44
40 45
40 47
40 48
40 53
40 57
40 59
40 65
40 73
40 77
40 79
40 85
40 89
40 90
40 92
40 95
40 98
40 99
40 101
40 106
40 109
40 111
40 114
40 116
40 125
40 135
40 140
40 142
40 149
40 152
40 153
40 158
40 159
40 161
40 162
40 163
40 164
40 167
40 169
40 170
40 171
40 178
40 180
40 190
40 191
40 193
40 194
40 196
40 197
41 1
41 9
41 11
41 13
41 15
41 19
41 22
41 24
41 27
41 28
41 30
41 35
41 40
41 45
41 47
41 49
41 51
41 54
41 55
41 78
41 82
41 83
41 84
41 88
41 89
41 91
41 92
41 93
41 96
41 99
41 104
41 105
41 107
41 110
41 116
41 118
41 120
41 121
41 125
41 128
41 129
41 135
41 136
41 139
41 143
41 149
41 150
41 151
41 152
41 153
41 156
41 157
41 158
41 159
41 162
41 166
41 168
41 169
41 173
41 183
41 184
41 185
41 193
41 194
41 195
41 196
41 200
42 4
42 5
42 6
42 8
42 10
42 12
42 14
42 20
42 24
42 30
42 31
42 38
42 42
42 45
42 49
42 63
42 64
42 69
42 71
42 72
42 73
42 76
42 81
42 84
42 86
42 90
42 96
42 97
42 98
42 107
42 110
42 113
42 115
42 119
42 122
42 123
42 124
42 125
42 126
42 133
42 134
42 135
42 139
42 140
42 152
42 153
42 157
42 168
42 173
42 176
42 181
42 183
42 193
42 197
42 199
43 5
43 12
43 14
43 16
43 17
43 20
43 21
43 22
43 24
43 29
43 30
43 31
43 34
43 35
43 36
43 38
43 40
43 45
43 48
43 50
43 51
43 54
43 55
43 56
43 58
43 59
43 62
43 69
43 71
43 73
43 75
43 78
43 80
43 85
43 88
43 89
43 92
43 97
43 98
43 99
43 101
43 102
43 103
43 111
43 113
43 114
43 126
43 129
43 130
43 142
43 143
43 156
43 159
43 160
43 163
43 169
43 170
43 171
43 172
43 174
43 178
43 182
43 186
43 187
43 189
43 192
43 194
43 196
43 197
44 1
44 2
44 4
44 6
44 8
44 9
44 11
44 14
44 19
44 21
44 27
44 28
44 29
44 31
44 36
44 46
44 52
44 54
44 65
44 67
44 68
44 69
44 73
44 76
44 77
44 78
44 81
44 82
44 91
44 94
44 96
44 97
44 99
44 100
44 102
44 103
44 104
44 106
44 107
44 111
44 112
44 113
44 114
44 115
44 117
44 118
44 124
44 125
44 131
44 132
44 135
44 140
44 143
44 144
44 147
44 148
44 151
44 153
44 156
44 160
44 163
44 165
44 166
44 168
44 172
44 174
44 176
44 182
44 184
44 185
44 186
44 196
44 197
44 198
45 6
45 7
45 11
45 14
45 15
45 19
45 25
45 26
45 31
45 44
45 52
45 64
45 66
45 70
45 76
45 78
45 80
45 81
45 84
45 87
45 88
45 89
45 93
45 103
45 105
45 113
45 115
45 116
45 118
45 124
45 128
45 132
45 134
45 137
45 138
45 139
45 141
45 142
45 147
45 151
45 159
45 160
45 162
45 164
45 171
45 186
45 188
45 193
45 200
46 2
46 11
46 13
46 14
46 17
46 23
46 31
46 34
46 37
46 40
46 41
46 45
46 53
46 55
46 56
46 63
46 69
46 70
46 79
46 81
46 93
46 95
46 98
46 100
46 101
46 108
46 109
46 110
46 111
46 120
46 126
46 128
46 129
46 131
46 132
46 133
46 135
46 138
46 141
46 146
46 149
46 153
46 158
46 159
46 160
46 166
46 169
46 171
46 173
46 174
46 175
46 176
46 177
46 178
46 183
46 190
46 191
46 196
46 199
46 200
47 6
47 8
47 9
47 19
47 20
47 24
47 25
47 26
47 29
47 30
47 31
47 34
47 39
47 44
47 46
47 52
47 55
47 56
47 57
47 59
47 67
47 70
47 78
47 80
47 90
47 100
47 103
47 105
47 115
47 116
47 117
47 121
47 123
47 129
47 130
47 134
47 140
47 142
47 143
47 144
47 147
47 151
47 152
47 155
47 159
47 162
47 167
47 168
47 174
47 175
47 176
47 177
47 178
47 179
47 182
47 185
47 186
47 187
47 188
47 190
47 192
47 193
48 5
48 11
48 14
48 18
48 26
48 31
48 42
48 43
48 52
48 57
48 59
48 66
48 71
48 75
48 80
48 81
48 84
48 85
48 86
48 87
48 93
48 94
48 96
48 105
48 106
48 107
48 109
48 110
48 112
48 114
48 122
48 125
48 126
48 128
48 131
48 133
48 137
48 141
48 142
48 149
48 156
48 160
48 161
48 166
48 167
48 168
48 171
48 173
48 176
48 177
48 178
48 179
48 182
48 184
48 193
48 194
48 198
49 1
49 4
49 11
49 15
49 16
49 28
49 30
49 32
49 36
49 39
49 42
49 51
49 54
49 58
49 64
49 65
49 73
49 82
49 94
49 99
49 100
49 101
49 106
49 107
49 109
49 111
49 116
49 117
49 118
49 120
49 121
49 129
49 130
49 135
49 139
49 141
49 145
49 147
49 148
49 154
49 156
49 165
49 168
49 169
49 170
49 177
49 185
49 189
49 190
49 193
49 195
49 199
50 6
50 14
50 19
50 24
50 26
50 30
50 33
50 38
50 39
50 40
50 41
50 43
50 44
50 49
50 50
50 52
50 58
50 59
50 61
50 64
50 70
50 75
50 83
50 85
50 88
50 92
50 95
50 96
50 99
50 101
50 102
50 106
50 107
50 109
50 110
50 113
50 114
50 118
50 119
50 120
50 122
50 123
50 124
50 127
50 130
50 132
50 143
50 146
50 153
50 155
50 168
50 171
50 172
50 175
50 176
50 179
50 184
50 186
50 187
50 199
51 1
51 3
51 7
51 9
51 15
51 19
51 21
51 22
51 23
51 26
51 29
51 30
51 34
51 35
51 37
51 38
51 39
51 40
51 41
51 49
51 50
51 51
51 52
51 58
51 60
51 63
51 64
51 67
51 71
51 72
51 74
51 77
51 88
51 89
51 90
51 96
51 98
51 100
51 103
51 108
51 111
51 117
51 118
51 119
51 124
51 125
51 127
51 128
51 132
51 133
51 135
51 138
51 148
51 149
51 150
51 152
51 158
51 159
51 160
51 166
51 168
51 170
51 172
51 177
51 179
51 185
51 190
51 196
52 1
52 2
52 4
52 8
52 11
52 14
52 27
52 29
52 31
52 40
52 41
52 42
52 49
52 59
52 60
52 62
52 65
52 67
52 69
52 73
52 78
52 81
52 85
52 91
52 93
52 104
52 107
52 108
52 109
52 110
52 116
52 119
52 121
52 122
52 123
52 124
52 125
52 127
52 128
52 139
52 141
52 148
52 150
52 151
52 152
52 167
52 172
52 173
52 174
52 176
52 179
52 181
52 193
52 195
52 196
52 198
53 1
53 4
53 10
53 12
53 17
53 20
53 23
53 24
53 25
53 27
53 31
53 32
53 33
53 34
53 36
53 38
53 39
53 43
53 44
53 48
53 49
53 50
53 51
53 58
53 64
53 67
53 68
53 70
53 73
53 83
53 85
53 86
53 87
53 91
53 92
53 96
53 100
53 107
53 113
53 114
53 118
53 119
53 124
53 126
53 131
53 133
53 135
53 142
53 145
53 162
53 163
53 165
53 167
53 171
53 173
53 174
53 182
53 184
53 188
53 192
53 193
53 194
53 196
53 198
53 200
54 5
54 9
54 11
54 12
54 26
54 37
54 39
54 42
54 46
54 47
54 48
54 51
54 52
54 53
54 55
54 58
54 60
54 69
54 74
54 78
54 82
54 84
54 86
54 87
54 90
54 93
54 97
54 98
54 99
54 100
54 102
54 104
54 111
54 112
54 120
54 121
54 126
54 131
54 132
54 135
54 137
54 141
54 143
54 144
54 146
54 148
54 153
54 154
54 156
54 158
54 159
54 172
54 175
54 176
54 177
54 178
54 182
54 197
55 1
55 5
55 7
55 11
55 12
55 13
55 16
55 18
55 21
55 22
55 26
55 28
55 39
55 40
55 44
55 48
55 54
55 55
55 56
55 58
55 59
55 60
55 61
55 62
55 63
55 67
55 71
55 72
55 75
55 77
55 78
55 80
55 81
55 84
55 90
55 98
55 100
55 108
55 110
55 113
55 118
55 123
55 124
55 128
55 130
55 131
55 133
55 136
55 137
55 138
55 139
55 149
55 158
55 160
55 162
55 165
55 172
55 173
55 179
55 184
55 192
55 196
55 198
56 7
56 9
56 10
56 14
56 16
56 17
56 22
56 24
56 25
56 26
56 30
56 38
56 39
56 41
56 42
56 46
56 53
56 55
56 56
56 61
56 62
56 67
56 78
56 80
56 87
56 89
56 90
56 91
56 94
56 97
56 98
56 99
56 101
56 108
56 109
56 111
56 116
56 122
56 124
56 126
56 130
56 135
56 136
56 141
56 142
56 145
56 147
56 148
56 153
56 155
56 157
56 160
56 162
56 170
56 175
56 177
56 187
56 190
56 191
56 193
56 200
57 3
57 7
57 8
57 10
57 16
57 17
57 19
57 27
57 31
57 32
57 38
57 40
57 50
57 51
57 54
57 59
57 64
57 67
57 77
57 84
57 85
57 87
57 88
57 89
57 91
57 95
57 96
57 97
57 111
57 115
57 117
57 118
57 119
57 120
57 122
57 128
57 131
57 134
57 135
57 136
57 138
57 140
57 141
57 150
57 151
57 158
57 159
57 166
57 175
57 177
57 178
57 179
57 181
57 187
57 188
57 190
57 191
57 194
57 196
57 198
57 200
58 1
58 3
58 6
58 16
58 24
58 27
58 28
58 29
58 36
58 39
58 43
58 44
58 45
58 46
58 47
58 49
58 50
58 51
58 58
58 60
58 62
58 65
58 66
58 67
58 71
58 72
58 75
58 76
58 85
58 86
58 90
58 91
58 94
58 95
58 99
58 102
58 108
58 114
58 116
58 118
58 121
58 123
58 124
58 129
58 130
58 132
58 134
58 135
58 137
58 138
58 140
58 147
58 148
58 149
58 150
58 153
58 159
58 163
58 165
58 166
58 170
58 175
58 181
58 186
58 192
58 199
59 1
59 4
59 10
59 11
59 13
59 18
59 20
59 21
59 22
59 26
59 31
59 35
59 45
59 49
59 50
59 51
59 52
59 58
59 63
59 66
59 69
59 82
59 85
59 86
59 95
59 96
59 99
59 104
59 105
59 108
59 114
59 115
59 119
59 122
59 123
59 128
59 132
59 137
59 138
59 139
59 140
59 141
59 144
59 145
59 147
59 150
59 152
59 169
59 170
59 186
59 187
59 189
59 192
59 194
60 2
60 5
60 6
60 9
60 11
60 12
60 15
60 20
60 23
60 29
60 31
60 33
60 39
60 40
60 43
60 44
60 45
60 48
60 50
60 57
60 59
60 60
60 62
60 67
60 68
60 69
60 70
60 75
60 84
60 85
60 86
60 87
60 89
60 91
60 92
60 95
60 98
60 103
60 105
60 107
60 110
60 114
60 115
60 116
60 119
60 120
60 121
60 127
60 135
60 139
60 140
60 141
60 142
60 144
60 145
60 147
60 148
60 149
60 153
60 164
60 166
60 169
60 175
60 179
60 180
60 190
60 195
60 196
61 1
61 2
61 5
61 6
61 19
61 20
61 23
61 29
61 30
61 37
61 38
61 41
61 42
61 46
61 47
61 52
61 54
61 55
61 56
61 68
61 71
61 76
61 77
61 78
61 79
61 82
61 86
61 87
61 88
61 89
61 93
61 97
61 103
61 104
61 107
61 110
61 117
61 118
61 119
61 121
61 125
61 129
61 134
61 136
61 137
61 146
61 148
61 150
61 151
61 152
61 157
61 160
61 162
61 165
61 166
61 168
61 171
61 177
61 178
61 182
61 185
61 188
61 190
61 191
61 195
61 196
61 198
62 1
62 2
62 10
62 11
62 13
62 19
62 21
62 22
62 24
62 25
62 26
62 30
62 34
62 37
62 38
62 44
62 46
62 47
62 48
62 51
62 53
62 54
62 57
62 61
62 69
62 72
62 73
62 75
62 78
62 82
62 83
62 84
62 85
62 87
62 92
62 95
62 101
62 104
62 107
62 117
62 121
62 125
62 126
62 127
62 128
62 131
62 132
62 133
62 136
62 137
62 140
62 142
62 146
62 151
62 152
62 157
62 163
62 167
62 168
62 172
62 173
62 175
62 181
62 185
62 186
62 189
62 199
63 4
63 7
63 8
63 11
63 21
63 28
63 30
63 31
63 32
63 34
63 38
63 42
63 45
63 49
63 50
63 54
63 57
63 66
63 68
63 69
63 71
63 76
63 79
63 84
63 91
63 93
63 94
63 102
63 104
63 107
63 109
63 111
63 112
63 113
63 114
63 120
63 126
63 127
63 129
63 134
63 135
63 143
63 144
63 146
63 147
63 148
63 153
63 155
63 156
63 161
63 165
63 169
63 170
63 172
63 173
63 175
63 176
63 181
63 185
63 188
63 192
64 1
64 2
64 4
64 10
64 11
64 16
64 19
64 20
64 21
64 24
64 27
64 30
64 45
64 46
64 52
64 66
64 74
64 79
64 81
64 83
64 85
64 97
64 98
64 101
64 103
64 109
64 111
64 112
64 119
64 121
64 123
64 124
64 138
64 144
64 145
64 147
64 148
64 150
64 152
64 155
64 156
64 158
64 160
64 164
64 167
64 168
64 169
64 174
64 175
64 176
64 179
64 181
64 193
64 194
64 195
64 199
64 200
65 4
65 5
65 7
65 10
65 13
65 18
65 19
65 22
65 26
65 29
65 30
65 38
65 43
65 46
65 49
65 52
65 55
65 56
65 58
65 59
65 62
65 73
65 76
65 77
65 79
65 83
65 84
65 85
65 87
65 91
65 97
65 98
65 101
65 102
65 103
65 107
65 109
65 123
65 132
65 134
65 135
65 136
65 138
65 142
65 144
65 149
65 151
65 158
65 161
65 162
65 166
65 170
65 176
65 177
65 179
65 181
65 182
65 183
65 184
65 185
65 187
65 190
65 191
65 196
65 197
65 198
66 8
66 9
66 14
66 17
66 18
66 22
66 24
66 26
66 27
66 29
66 32
66 39
66 40
66 44
66 46
66 47
66 51
66 52
66 62
66 63
66 71
66 72
66 75
66 78
66 79
66 82
66 83
66 87
66 90
66 91
66 101
66 106
66 107
66 112
66 113
66 115
66 120
66 121
66 122
66 129
66 130
66 131
66 134
66 139
66 140
66 146
66 153
66 155
66 157
66 158
66 163
66 166
66 173
66 175
66 177
66 178
66 182
66 183
66 186
66 188
66 193
66 197
66 198
67 1
67 2
67 6
67 7
67 9
67 11
67 12
67 14
67 18
67 20
67 22
67 23
67 24
67 26
67 33
67 43
67 45
67 47
67 50
67 51
67 56
67 58
67 61
67 71
67 73
67 74
67 75
67 77
67 79
67 82
67 89
67 91
67 92
67 93
67 96
67 97
67 99
67 105
67 106
67 107
67 113
67 115
67 124
67 128
67 131
67 132
67 134
67 136
67 143
67 144
67 147
67 148
67 149
67 152
67 158
67 166
67 169
67 171
67 182
67 183
67 187
67 189
67 191
67 192
67 196
67 197
68 1
68 4
68 5
68 11
68 16
68 18
68 20
68 21
68 25
68 26
68 29
68 31
68 32
68 34
68 35
68 36
68 43
68 44
68 47
68 50
68 53
68 54
68 55
68 58
68 59
68 60
68 62
68 66
68 67
68 70
68 77
68 79
68 84
68 86
68 87
68 88
68 89
68 90
68 91
68 94
68 97
68 98
68 101
68 108
68 110
68 113
68 115
68 117
68 120
68 121
68 122
68 123
68 130
68 133
68 136
68 147
68 149
68 155
68 157
68 158
68 162
68 164
68 168
68 169
68 170
68 171
68 173
68 176
68 180
68 181
68 182
68 183
68 185
68 188
68 194
68 195
68 197
69 3
69 5
69 9
69 10
69 13
69 17
69 21
69 23
69 26
69 29
69 30
69 32
69 33
69 34
69 36
69 38
69 39
69 41
69 43
69 44
69 46
69 48
69 50
69 51
69 53
69 60
69 61
69 63
69 65
69 70
69 79
69 81
69 83
69 86
69 87
69 91
69 93
69 103
69 104
69 110
69 111
69 116
69 119
69 121
69 126
69 129
69 141
69 146
69 156
69 160
69 162
69 164
69 167
69 169
69 170
69 172
69 173
69 179
69 180
69 182
69 196
69 197
69 200
70 2
70 7
70 11
70 17
70 20
70 24
70 27
70 32
70 33
70 34
70 38
70 45
70 50
70 55
70 59
70 60
70 66
70 67
70 68
70 70
70 73
70 75
70 77
70 81
70 86
70 88
70 97
70 98
70 101
70 102
70 108
70 110
70 112
70 114
70 116
70 117
70 119
70 120
70 121
70 126
70 129
70 131
70 134
70 136
70 137
70 139
70 141
70 145
70 150
70 154
70 156
70 161
70 162
70 163
70 166
70 167
70 172
70 175
70 183
70 188
70 190
70 191
71 1
71 3
71 14
71 19
71 21
71 22
71 23
71 26
71 31
71 33
71 34
71 37
71 41
71 42
71 46
71 50
71 55
71 58
71 59
71 62
71 66
71 71
71 72
71 76
71 85
71 86
71 92
71 101
71 102
71 106
71 130
71 137
71 139
71 142
71 146
71 153
71 154
71 159
71 160
71 161
71 175
71 176
71 184
71 185
71 188
71 191
71 193
71 194
71 197
72 2
72 3
72 5
72 7
72 8
72 12
72 13
72 15
72 16
72 20
72 21
72 22
72 25
72 26
72 36
72 37
72 40
72 43
72 44
72 46
72 49
72 51
72 52
72 54
72 56
72 64
72 65
72 66
72 69
72 71
72 73
72 75
72 76
72 80
72 84
72 86
72 87
72 89
72 90
72 93
72 95
72 100
72 111
72 114
72 115
72 116
72 120
72 123
72 124
72 126
72 129
72 131
72 144
72 146
72 154
72 157
72 158
72 168
72 169
72 172
72 174
72 175
72 178
72 182
72 189
72 194
73 9
73 10
73 11
73 12
73 17
73 20
73 21
73 22
73 27
73 32
73 42
73 44
73 49
73 53
73 56
73 62
73 68
73 73
73 74
73 77
73 84
73 86
73 88
73 91
73 93
73 95
73 96
73 98
73 103
73 105
73 108
73 115
73 118
73 121
73 124
73 126
73 130
73 133
73 140
73 141
73 147
73 149
73 151
73 153
73 155
73 156
73 160
73 166
73 176
73 180
73 184
73 185
73 195
73 199
73 200
74 1
74 8
74 10
74 20
74 22
74 23
74 32
74 39
74 41
74 43
74 44
74 46
74 49
74 52
74 54
74 55
74 63
74 67
74 68
74 69
74 75
74 76
74 77
74 80
74 82
74 87
74 91
74 97
74 100
74 104
74 107
74 109
74 110
74 113
74 114
74 118
74 119
74 123
74 128
74 129
74 134
74 136
74 139
74 140
74 146
74 148
74 159
74 163
74 172
74 177
74 178
74 180
74 183
74 184
74 190
74 191
74 192
74 193
74 194
74 198
75 3
75 8
75 9
75 12
75 14
75 22
75 27
75 30
75 47
75 48
75 50
75 59
75 62
75 63
75 64
75 65
75 78
75 80
75 81
75 84
75 89
75 90
75 92
75 93
75 96
75 97
75 101
75 102
75 103
75 105
75 108
75 111
75 113
75 115
75 123
75 127
75 128
75 131
75 133
75 135
75 137
75 138
75 139
75 143
75 144
75 145
75 154
75 156
75 158
75 160
75 162
75 167
75 170
75 177
75 182
75 188
75 189
75 190
75 192
75 196
75 199
76 1
76 2
76 3
76 13
76 15
76 16
76 19
76 23
76 26
76 27
76 30
76 32
76 34
76 35
76 36
76 43
76 47
76 48
76 51
76 53
76 55
76 64
76 71
76 73
76 75
76 80
76 90
76 91
76 93
76 99
76 105
76 110
76 111
76 114
76 122
76 126
76 127
76 133
76 137
76 146
76 147
76 148
76 149
76 152
76 157
76 159
76 161
76 162
76 168
76 178
76 179
76 183
76 184
76 190
76 191
76 192
76 195
76 196
76 198
76 199
76 200
77 6
77 10
77 12
77 18
77 26
77 44
77 46
77 50
77 54
77 57
77 58
77 60
77 67
77 68
77 81
77 82
77 83
77 87
77 92
77 94
77 96
77 98
77 99
77 100
77 101
77 105
77 110
77 115
77 118
77 120
77 122
77 123
77 127
77 129
77 130
77 132
77 133
77 136
77 140
77 153
77 156
77 159
77 166
77 171
77 176
77 179
77 180
77 181
77 185
77 187
77 194
77 195
77 196
77 199
77 200
78 4
78 8
78 11
78 16
78 18
78 20
78 25
78 30
78 32
78 39
78 40
78 42
78 43
78 49
78 54
78 59
78 60
78 65
78 66
78 68
78 76
78 77
78 79
78 85
78 89
78 92
78 95
78 98
78 99
78 107
78 108
78 111
78 117
78 118
78 121
78 123
78 133
78 134
78 135
78 138
78 142
78 147
78 148
78 150
78 151
78 152
78 156
78 157
78 158
78 166
78 169
78 176
78 178
78 180
78 181
78 186
78 192
78 193
78 198
79 2
79 3
79 19
79 23
79 24
79 25
79 26
79 28
79 29
79 30
79 34
79 35
79 37
79 38
79 42
79 46
79 54
79 57
79 60
79 63
79 67
79 69
79 71
79 79
79 81
79 86
79 89
79 97
79 98
79 104
79 109
79 110
79 114
79 121
79 126
79 127
79 129
79 133
79 135
79 146
79 151
79 152
79 153
79 160
79 164
79 165
79 167
79 169
79 172
79 178
79 186
79 187
79 191
79 195
79 196
80 10
80 14
80 15
80 16
80 17
80 18
80 21
80 26
80 29
80 33
80 35
80 38
80 39
80 40
80 42
80 45
80 48
80 51
80 54
80 56
80 63
80 64
80 68
80 69
80 72
80 76
80 80
80 83
80 85
80 88
80 89
80 90
80 91
80 101
80 102
80 106
80 108
80 109
80 112
80 113
80 117
80 118
80 122
80 124
80 128
80 136
80 145
80 154
80 155
80 159
80 160
80 166
80 169
80 170
80 174
80 175
80 176
80 178
80 183
80 184
80 185
80 186
80 187
80 188
81 2
81 5
81 7
81 14
81 16
81 19
81 28
81 29
81 32
81 34
81 40
81 46
81 49
81 52
81 60
81 65
81 66
81 67
81 68
81 70
81 73
81 74
81 78
81 79
81 80
81 81
81 84
81 86
81 88
81 93
81 95
81 97
81 101
81 108
81 114
81 120
81 121
81 122
81 123
81 125
81 127
81 129
81 133
81 142
81 146
81 147
81 149
81 155
81 156
81 157
81 161
81 162
81 163
81 166
81 168
81 174
81 176
81 182
81 184
81 187
81 188
81 194
81 198
81 199
82 1
82 3
82 6
82 9
82 13
82 15
82 19
82 21
82 29
82 38
82 43
82 45
82 47
82 49
82 50
82 52
82 53
82 56
82 57
82 58
82 60
82 64
82 70
82 72
82 73
82 81
82 87
82 88
82 95
82 98
82 101
82 103
82 111
82 118
82 132
82 133
82 141
82 142
82 143
82 144
82 147
82 162
82 163
82 166
82 170
82 171
82 175
82 176
82 178
82 179
82 180
82 186
82 187
82 188
82 189
82 194
82 196
82 199
83 1
83 2
83 5
83 7
83 17
83 18
83 21
83 25
83 30
83 41
83 46
83 48
83 51
83 53
83 55
83 58
83 61
83 63
83 68
83 70
83 79
83 81
83 83
83 89
83 92
83 98
83 107
83 111
83 113
83 114
83 116
83 117
83 118
83 119
83 125
83 130
83 131
83 132
83 138
83 143
83 144
83 145
83 148
83 150
83 151
83 158
83 160
83 166
83 167
83 168
83 170
83 177
83 180
83 184
83 185
83 190
83 192
83 193
83 194
83 196
83 200
84 1
84 3
84 5
84 7
84 10
84 11
84 12
84 13
84 14
84 18
84 27
84 29
84 30
84 32
84 33
84 40
84 42
84 43
84 47
84 49
84 53
84 55
84 59
84 61
84 66
84 68
84 69
84 72
84 74
84 75
84 80
84 82
84 83
84 84
84 85
84 86
84 88
84 92
84 98
84 99
84 102
84 105
84 109
84 115
84 119
84 122
84 124
84 128
84 135
84 137
84 144
84 154
84 156
84 157
84 159
84 164
84 165
84 168
84 169
84 171
84 175
84 183
84 184
84 188
84 191
84 193
84 197
85 11
85 13
85 18
85 23
85 30
85 34
85 38
85 42
85 44
85 47
85 50
85 53
85 57
85 61
85 64
85 67
85 70
85 72
85 73
85 75
85 77
85 80
85 81
85 92
85 95
85 105
85 107
85 109
85 112
85 113
85 118
85 122
85 123
85 129
85 131
85 138
85 139
85 143
85 145
85 148
85 149
85 151
85 154
85 157
85 164
85 170
85 175
85 176
85 179
85 182
85 187
85 192
85 194
85 199
85 200
86 3
86 5
86 6
86 7
86 14
86 15
86 19
86 26
86 37
86 40
86 49
86 50
86 53
86 55
86 63
86 66
86 68
86 69
86 75
86 83
86 89
86 97
86 99
86 104
86 106
86 109
86 112
86 114
86 122
86 127
86 128
86 129
86 135
86 138
86 143
86 144
86 146
86 147
86 148
86 149
86 150
86 161
86 162
86 167
86 170
86 171
86 173
86 175
86 176
86 179
86 181
86 183
86 184
86 185
86 189
86 190
86 191
86 192
86 194
87 3
87 4
87 5
87 11
87 14
87 19
87 20
87 25
87 26
87 30
87 33
87 34
87 37
87 38
87 41
87 42
87 43
87 44
87 45
87 46
87 47
87 49
87 50
87 51
87 57
87 64
87 66
87 71
87 75
87 76
87 78
87 85
87 86
87 95
87 102
87 106
87 107
87 109
87 111
87 113
87 114
87 120
87 122
87 126
87 131
87 133
87 136
87 138
87 141
87 149
87 151
87 155
87 156
87 159
87 160
87 161
87 169
87 170
87 173
87 176
87 177
87 180
87 183
87 193
87 195
87 199
87 200
88 7
88 9
88 10
88 11
88 13
88 14
88 18
88 21
88 22
88 28
88 29
88 31
88 36
88 38
88 44
88 45
88 46
88 49
88 50
88 51
88 52
88 59
88 61
88 66
88 69
88 77
88 83
88 84
88 89
88 103
88 105
88 108
88 110
88 116
88 123
88 128
88 130
88 133
88 135
88 140
88 144
88 151
88 156
88 158
88 160
88 166
88 174
88 180
88 186
88 189
88 191
88 192
89 3
89 6
89 11
89 12
89 15
89 23
89 25
89 26
89 30
89 49
89 56
89 61
89 62
89 64
89 66
89 72
89 80
89 81
89 82
89 84
89 85
89 87
89 94
89 95
89 97
89 101
89 103
89 105
89 106
89 111
89 112
89 115
89 117
89 118
89 120
89 122
89 123
89 133
89 134
89 137
89 139
89 146
89 147
89 149
89 156
89 157
89 161
89 165
89 169
89 170
89 174
89 175
89 178
89 183
89 185
89 190
89 192
89 197
89 198
90 1
90 5
90 7
90 10
90 12
90 14
90 16
90 17
90 18
90 19
90 26
90 28
90 29
90 30
90 32
90 33
90 41
90 43
90 44
90 45
90 47
90 49
90 53
90 56
90 59
90 69
90 72
90 74
90 79
90 81
90 84
90 86
90 87
90 99
90 103
90 110
90 112
90 116
90 117
90 122
90 123
90 124
90 125
90 128
90 130
90 134
90 138
90 139
90 150
90 152
90 153
90 157
90 159
90 164
90 168
90 169
90 170
90 172
90 176
90 178
90 181
90 182
90 183
90 186
90 189
90 193
90 194
90 197
90 198
90 199
90 200
91 1
91 3
91 4
91 6
91 7
91 8
91 9
91 10
91 13
91 14
91 25
91 27
91 34
91 36
91 37
91 39
91 40
91 42
91 44
91 49
91 50
91 61
91 63
91 65
91 66
91 67
91 72
91 87
91 89
91 91
91 96
91 98
91 99
91 105
91 107
91 109
91 114
91 118
91 120
91 126
91 128
91 132
91 133
91 141
91 143
91 144
91 145
91 148
91 151
91 154
91 155
91 157
91 159
91 167
91 168
91 169
91 170
91 176
91 178
91 179
91 182
91 190
91 192
91 195
91 197
92 3
92 4
92 6
92 8
92 9
92 19
92 26
92 34
92 44
92 49
92 51
92 55
92 57
92 58
92 60
92 61
92 67
92 71
92 78
92 82
92 86
92 92
92 96
92 97
92 99
92 100
92 101
92 106
92 108
92 110
92 114
92 115
92 130
92 147
92 150
92 159
92 165
92 166
92 167
92 170
92 171
92 172
92 176
92 179
92 180
92 181
92 182
92 190
92 192
92 195
92 197
93 4
93 7
93 8
93 10
93 11
93 15
93 22
93 23
93 25
93 26
93 29
93 30
93 33
93 34
93 36
93 38
93 45
93 46
93 50
93 54
93 57
93 60
93 64
93 70
93 72
93 74
93 76
93 85
93 86
93 88
93 92
93 93
93 96
93 98
93 100
93 101
93 103
93 104
93 105
93 106
93 107
93 108
93 110
93 111
93 112
93 117
93 120
93 123
93 129
93 134
93 135
93 140
93 141
93 142
93 145
93 146
93 147
93 148
93 150
93 152
93 153
93 154
93 156
93 162
93 163
93 172
93 174
93 175
93 176
93 182
93 183
93 186
93 189
93 193
93 196
93 200
94 2
94 6
94 12
94 13
94 17
94 18
94 21
94 22
94 23
94 28
94 31
94 36
94 39
94 40
94 42
94 44
94 45
94 50
94 51
94 54
94 55
94 62
94 69
94 75
94 82
94 83
94 86
94 95
94 96
94 99
94 104
94 106
94 107
94 108
94 110
94 111
94 112
94 115
94 117
94 119
94 121
94 124
94 125
94 128
94 129
94 136
94 150
94 159
94 163
94 164
94 166
94 172
94 178
94 182
94 183
94 185
94 187
94 189
94 190
94 192
95 3
95 5
95 8
95 9
95 12
95 15
95 20
95 30
95 32
95 34
95 37
95 39
95 44
95 54
95 56
95 59
95 61
95 62
95 65
95 66
95 68
95 73
95 75
95 77
95 79
95 80
95 84
95 85
95 88
95 91
95 94
95 96
95 99
95 104
95 110
95 117
95 119
95 120
95 121
95 136
95 148
95 151
95 156
95 159
95 160
95 161
95 162
95 163
95 165
95 166
95 169
95 173
95 180
95 182
95 183
95 186
95 189
95 190
95 193
95 194
95 195
95 200
96 1
96 3
96 5
96 8
96 9
96 14
96 21
96 22
96 25
96 26
96 32
96 33
96 36
96 37
96 39
96 43
96 45
96 46
96 47
96 48
96 49
96 59
96 60
96 62
96 65
96 72
96 74
96 75
96 77
96 82
96 86
96 89
96 90
96 97
96 100
96 102
96 109
96 110
96 117
96 122
96 124
96 126
96 128
96 129
96 131
96 141
96 142
96 149
96 150
96 152
96 153
96 155
96 159
96 160
96 161
96 165
96 172
96 181
96 182
96 187
96 189
96 191
96 194
96 195
97 1
97 3
97 4
97 10
97 13
97 17
97 21
97 24
97 25
97 27
97 28
97 32
97 33
97 34
97 36
97 45
97 46
97 48
97 51
97 56
97 62
97 63
97 70
97 79
97 80
97 83
97 86
97 88
97 91
97 96
97 97
97 99
97 110
97 111
97 116
97 118
97 120
97 121
97 125
97 130
97 134
97 137
97 143
97 144
97 147
97 150
97 154
97 158
97 168
97 173
97 174
97 179
97 181
97 184
97 186
97 187
97 188
97 190
97 194
97 195
97 196
97 200
98 1
98 4
98 7
98 9
98 13
98 17
98 19
98 21
98 22
98 28
98 29
98 37
98 38
98 48
98 49
98 51
98 52
98 54
98 57
98 60
98 61
98 62
98 66
98 70
98 73
98 76
98 78
98 79
98 89
98 92
98 93
98 96
98 112
98 120
98 126
98 131
98 137
98 139
98 140
98 142
98 145
98 146
98 148
98 149
98 151
98 153
98 154
98 155
98 160
98 162
98 169
98 170
98 172
98 179
98 182
98 184
98 186
98 187
98 188
98 197
98 199
99 4
99 6
99 7
99 8
99 14
99 15
99 20
99 21
99 22
99 34
99 35
99 38
99 42
99 44
99 50
99 52
99 53
99 54
99 60
99 61
99 68
99 71
99 72
99 77
99 78
99 82
99 83
99 84
99 90
99 94
99 97
99 101
99 103
99 104
99 105
99 107
99 109
99 110
99 112
99 116
99 118
99 119
99 123
99 124
99 125
99 138
99 144
99 145
99 150
99 154
99 158
99 163
99 165
99 167
99 168
99 169
99 171
99 174
99 175
99 176
99 185
99 190
99 192
99 198
100 5
100 10
100 13
100 20
100 26
100 34
100 37
100 39
100 46
100 50
100 51
100 52
100 53
100 54
100 59
100 62
100 72
100 75
100 78
100 80
100 82
100 84
100 87
100 88
100 91
100 94
100 96
100 97
100 99
100 101
100 104
100 105
100 110
100 111
100 113
100 114
100 115
100 118
100 123
100 125
100 126
100 131
100 133
100 136
100 142
100 148
100 150
100 160
100 161
100 163
100 164
100 165
100 171
100 173
100 177
100 179
100 184
100 185
100 186
100 189
100 190
100 195
100 197
100 200
101 1
101 9
101 10
101 15
101 16
101 21
101 22
101 24
101 25
101 26
101 28
101 30
101 34
101 43
101 44
101 50
101 52
101 53
101 55
101 60
101 75
101 79
101 86
101 95
101 98
101 103
101 109
101 115
101 119
101 121
101 125
101 127
101 128
101 129
101 130
101 131
101 132
101 133
101 136
101 140
101 144
101 145
101 150
101 152
101 154
101 156
101 157
101 161
101 167
101 169
101 170
101 172
101 173
101 177
101 178
101 180
101 181
101 182
101 185
101 186
101 187
101 188
101 189
101 195
101 198
101 199
101 200
102 8
102 10
102 12
102 14
102 22
102 25
102 27
102 30
102 33
102 34
102 36
102 41
102 44
102 45
102 47
102 49
102 53
102 55
102 61
102 69
102 70
102 74
102 75
102 76
102 78
102 79
102 80
102 81
102 83
102 87
102 96
102 97
102 105
102 106
102 110
102 112
102 117
102 118
102 119
102 121
102 123
102 124
102 125
102 126
102 133
102 139
102 140
102 143
102 145
102 146
102 149
102 154
102 156
102 165
102 166
102 167
102 169
102 171
102 172
102 176
102 179
102 185
102 186
102 191
102 193
102 197
102 198
102 199
102 200
103 2
103 3
103 4
103 5
103 6
103 7
103 8
103 11
103 14
103 21
103 22
103 25
103 27
103 28
103 34
103 38
103 39
103 40
103 51
103 52
103 58
103 60
103 62
103 65
103 67
103 69
103 71
103 75
103 83
103 86
103 94
103 96
103 99
103 101
103 106
103 109
103 115
103 122
103 123
103 141
103 144
103 145
103 159
103 161
103 176
103 177
103 179
103 181
103 187
103 192
103 193
103 194
103 195
103 199
104 1
104 4
104 6
104 10
104 15
104 18
104 20
104 23
104 27
104 34
104 35
104 38
104 40
104 41
104 46
104 49
104 50
104 53
104 59
104 61
104 62
104 63
104 65
104 82
104 85
104 88
104 89
104 91
104 98
104 100
104 101
104 104
104 105
104 111
104 112
104 113
104 115
104 121
104 122
104 124
104 125
104 128
104 130
104 134
104 150
104 155
104 157
104 162
104 164
104 171
104 173
104 175
104 178
104 184
104 187
104 188
104 191
104 198
105 1
105 2
105 9
105 12
105 21
105 22
105 23
105 27
105 28
105 31
105 33
105 34
105 35
105 38
105 40
105 45
105 46
105 47
105 49
105 50
105 51
105 58
105 61
105 62
105 63
105 66
105 71
105 76
105 79
105 81
105 85
105 86
105 89
105 93
105 96
105 98
105 102
105 107
105 111
105 113
105 115
105 116
105 121
105 122
105 134
105 135
105 137
105 141
105 147
105 149
105 151
105 156
105 159
105 166
105 167
105 168
105 173
105 177
105 181
105 182
105 183
105 184
105 185
105 186
105 187
105 190
105 193
105 199
105 200
106 6
106 10
106 13
106 15
106 22
106 26
106 27
106 30
106 31
106 32
106 35
106 37
106 40
106 43
106 45
106 47
106 54
106 61
106 67
106 73
106 75
106 78
106 90
106 91
106 93
106 99
106 102
106 105
106 109
106 110
106 112
106 126
106 135
106 138
106 139
106 142
106 145
106 146
106 147
106 150
106 152
106 154
106 155
106 158
106 162
106 170
106 171
106 175
106 178
106 180
106 182
106 183
106 185
106 194
106 196
106 197
106 199
107 3
107 5
107 6
107 12
107 13
107 22
107 24
107 26
107 28
107 29
107 40
107 41
107 44
107 45
107 47
107 48
107 50
107 57
107 59
107 60
107 62
107 66
107 71
107 73
107 81
107 89
107 92
107 93
107 95
107 96
107 97
107 98
107 99
107 108
107 109
107 112
107 113
107 115
107 117
107 122
107 125
107 127
107 128
107 129
107 130
107 131
107 133
107 145
107 146
107 155
107 159
107 161
107 165
107 169
107 171
107 172
107 174
107 175
107 177
107 179
107 186
107 190
107 196
107 199
108 2
108 3
108 12
108 13
108 15
108 16
108 30
108 35
108 37
108 41
108 47
108 57
108 62
108 63
108 67
108 72
108 75
108 77
108 78
108 79
108 81
108 83
108 89
108 91
108 93
108 98
108 99
108 100
108 105
108 106
108 113
108 124
108 126
108 128
108 131
108 134
108 145
108 147
108 153
108 154
108 156
108 160
108 166
108 169
108 185
108 187
108 188
108 190
108 191
108 193
108 198
109 12
109 13
109 14
109 16
109 22
109 23
109 26
109 27
109 28
109 29
109 30
109 40
109 45
109 48
109 51
109 53
109 56
109 58
109 65
109 68
109 70
109 71
109 72
109 74
109 77
109 78
109 79
109 85
109 88
109 89
109 95
109 98
109 100
109 101
109 104
109 106
109 108
109 112
109 121
109 122
109 128
109 131
109 135
109 137
109 141
109 147
109 149
109 150
109 151
109 153
109 154
109 155
109 157
109 160
109 162
109 163
109 164
109 168
109 169
109 170
109 172
109 177
109 183
109 184
109 188
109 195
109 196
109 198
110 1
110 8
110 10
110 13
110 18
110 20
110 22
110 27
110 30
110 34
110 35
110 38
110 39
110 44
110 47
110 54
110 56
110 58
110 66
110 69
110 71
110 72
110 77
110 78
110 82
110 92
110 93
110 95
110 103
110 113
110 115
110 121
110 122
110 130
110 132
110 148
110 154
110 156
110 159
110 163
110 164
110 168
110 172
110 177
110 178
110 179
110 190
110 194
110 195
110 196
110 197
110 200
111 2
111 3
111 7
111 8
111 10
111 16
111 18
111 19
111 23
111 36
111 43
111 45
111 50
111 51
111 53
111 57
111 63
111 68
111 77
111 78
111 79
111 80
111 91
111 93
111 95
111 96
111 106
111 111
111 113
111 115
111 116
111 117
111 118
111 122
111 126
111 130
111 131
111 134
111 135
111 137
111 146
111 151
111 164
111 170
111 176
111 180
111 184
111 187
111 188
111 189
111 192
111 200
112 1
112 6
112 7
112 11
112 20
112 24
112 27
112 28
112 29
112 30
112 31
112 34
112 45
112 50
112 51
112 52
112 63
112 66
112 68
112 69
112 70
112 71
112 74
112 81
112 85
112 86
112 87
112 98
112 102
112 106
112 107
112 108
112 113
112 114
112 115
112 118
112 121
112 123
112 125
112 127
112 133
112 134
112 141
112 142
112 143
112 149
112 151
112 156
112 161
112 162
112 164
112 166
112 171
112 175
112 178
112 182
112 185
112 187
112 195
112 197
113 8
113 11
113 15
113 16
113 19
113 20
113 21
113 22
113 23
113 27
113 28
113 34
113 35
113 36
113 37
113 39
113 45
113 54
113 55
113 58
113 65
113 66
113 67
113 70
113 81
113 88
113 89
113 92
113 93
113 96
113 99
113 103
113 104
113 108
113 111
113 112
113 114
113 115
113 117
113 118
113 122
113 126
113 128
113 134
113 139
113 142
113 144
113 145
113 147
113 148
113 154
113 158
113 167
113 170
113 174
113 175
113 177
113 179
113 181
113 184
113 198
113 200
114 2
114 8
114 9
114 12
114 16
114 18
114 23
114 24
114 28
114 30
114 34
114 37
114 45
114 46
114 48
114 49
114 54
114 56
114 57
114 62
114 64
114 67
114 68
114 76
114 77
114 82
114 83
114 86
114 87
114 88
114 95
114 102
114 104
114 107
114 112
114 116
114 121
114 125
114 126
114 127
114 130
114 132
114 134
114 142
114 144
114 145
114 149
114 151
114 153
114 155
114 156
114 161
114 164
114 167
114 169
114 173
114 178
114 181
114 188
114 190
114 193
114 199
115 2
115 3
115 4
115 5
115 11
115 14
115 15
115 16
115 18
115 21
115 23
115 24
115 25
115 29
115 36
115 38
115 39
115 40
115 42
115 46
115 50
115 59
115 61
115 63
115 64
115 69
115 70
115 73
115 84
115 85
115 95
115 96
115 102
115 106
115 108
115 109
115 113
115 117
115 126
115 128
115 134
115 135
115 139
115 141
115 146
115 148
115 152
115 160
115 161
115 167
115 170
115 173
115 175
115 179
115 181
115 182
115 185
115 186
115 189
115 190
115 191
115 193
116 6
116 9
116 10
116 11
116 13
116 18
116 29
116 35
116 37
116 38
116 39
116 42
116 47
116 53
116 60
116 64
116 66
116 69
116 72
116 77
116 78
116 79
116 80
116 81
116 87
116 90
116 98
116 107
116 108
116 109
116 113
116 114
116 120
116 122
116 123
116 124
116 128
116 130
116 132
116 134
116 135
116 136
116 138
116 139
116 152
116 155
116 156
116 157
116 158
116 164
116 169
116 170
116 171
116 172
116 179
116 180
116 181
116 183
116 184
116 187
116 189
116 190
116 192
116 194
116 196
116 198
116 200
117 2
117 4
117 5
117 6
117 8
117 10
117 15
117 43
117 48
117 49
117 50
117 52
117 53
117 54
117 56
117 61
117 69
117 75
117 82
117 92
117 93
117 96
117 102
117 113
117 114
117 115
117 129
117 131
117 134
117 138
117 142
117 143
117 145
117 148
117 155
117 156
117 167
117 170
117 174
117 177
117 178
117 179
117 183
117 185
117 188
117 191
117 192
117 193
117 195
117 199
118 1
118 4
118 6
118 10
118 14
118 16
118 20
118 23
118 25
118 26
118 28
118 29
118 31
118 42
118 47
118 50
118 53
118 59
118 61
118 63
118 67
118 69
118 75
118 80
118 81
118 83
118 85
118 88
118 93
118 97
118 98
118 101
118 103
118 107
118 108
118 114
118 118
118 119
118 123
118 126
118 128
118 133
118 135
118 138
118 139
118 142
118 145
118 151
118 154
118 156
118 160
118 161
118 162
118 167
118 175
118 179
118 182
118 183
118 189
118 195
118 199
118 200
119 1
119 5
119 10
119 15
119 17
119 23
119 26
119 27
119 28
119 30
119 33
119 34
119 39
119 40
119 42
119 44
119 49
119 53
119 56
119 58
119 61
119 68
119 69
119 79
119 81
119 84
119 87
119 92
119 105
119 109
119 114
119 116
119 119
119 121
119 122
119 123
119 124
119 128
119 132
119 134
119 135
119 144
119 147
119 149
119 152
119 153
119 155
119 156
119 158
119 167
119 168
119 169
119 170
119 172
119 173
119 174
119 175
119 181
119 183
119 187
119 191
119 193
119 196
119 198
120 4
120 5
120 8
120 16
120 18
120 20
120 22
120 25
120 32
120 39
120 41
120 42
120 44
120 46
120 51
120 53
120 58
120 59
120 63
120 64
120 65
120 67
120 68
120 69
120 76
120 77
120 82
120 84
120 93
120 96
120 99
120 105
120 110
120 111
120 113
120 121
120 124
120 129
120 131
120 133
120 142
120 143
120 144
120 147
120 150
120 152
120 157
120 160
120 161
120 164
120 167
120 184
120 193
120 197
121 1
121 6
121 13
121 14
121 17
121 18
121 22
121 25
121 28
121 29
121 30
121 31
121 32
121 37
121 39
121 42
121 44
121 45
121 47
121 49
121 52
121 53
121 54
121 57
121 64
121 67
121 73
121 82
121 84
121 86
121 88
121 90
121 96
121 97
121 104
121 106
121 107
121 110
121 115
121 116
121 121
121 123
121 127
121 131
121 136
121 139
121 142
121 144
121 147
121 150
121 155
121 157
121 164
121 165
121 166
121 168
121 171
121 174
121 192
121 197
122 1
122 3
122 5
122 8
122 14
122 15
122 16
122 23
122 24
122 25
122 29
122 39
122 43
122 51
122 53
122 54
122 56
122 58
122 59
122 61
122 64
122 71
122 73
122 75
122 76
122 82
122 84
122 86
122 88
122 92
122 93
122 94
122 100
122 101
122 103
122 109
122 113
122 115
122 124
122 126
122 128
122 130
122 133
122 135
122 137
122 139
122 145
122 149
122 153
122 158
122 162
122 165
122 166
122 167
122 175
122 184
122 185
122 191
122 192
122 194
122 198
122 200
123 2
123 4
123 6
123 7
123 15
123 17
123 19
123 26
123 28
123 29
123 32
123 37
123 39
123 42
123 43
123 46
123 47
123 49
123 52
123 56
123 59
123 61
123 64
123 69
123 72
123 73
123 74
123 77
123 79
123 85
123 86
123 89
123 92
123 93
123 97
123 98
123 100
123 101
123 107
123 108
123 110
123 111
123 115
123 117
123 119
123 121
123 122
123 123
123 126
123 127
123 135
123 139
123 147
123 148
123 152
123 153
123 154
123 156
123 160
123 164
123 168
123 176
123 180
123 186
123 187
123 189
123 196
123 198
123 199
124 2
124 5
124 6
124 11
124 16
124 17
124 18
124 19
124 20
124 32
124 34
124 40
124 46
124 47
124 53
124 56
124 71
124 79
124 88
124 89
124 94
124 97
124 98
124 107
124 111
124 112
124 114
124 120
124 123
124 129
124 133
124 136
124 138
124 142
124 143
124 148
124 153
124 154
124 158
124 164
124 166
124 168
124 171
124 175
124 177
124 182
124 193
124 196
125 4
125 6
125 7
125 10
125 14
125 15
125 18
125 19
125 21
125 22
125 34
125 37
125 38
125 44
125 46
125 49
125 51
125 54
125 55
125 60
125 63
125 65
125 67
125 71
125 73
125 75
125 77
125 79
125 80
125 83
125 88
125 91
125 98
125 99
125 101
125 102
125 103
125 116
125 117
125 121
125 127
125 128
125 131
125 136
125 139
125 140
125 141
125 149
125 150
125 159
125 160
125 169
125 172
125 175
125 179
125 181
125 182
125 185
125 187
125 192
125 193
125 194
125 195
125 196
125 197
125 198
125 199
126 1
126 4
126 9
126 12
126 14
126 21
126 27
126 30
126 32
126 33
126 38
126 39
126 40
126 48
126 50
126 52
126 55
126 56
126 61
126 69
126 71
126 78
126 80
126 85
126 89
126 90
126 93
126 104
126 106
126 108
126 110
126 111
126 119
126 120
126 123
126 125
126 126
126 131
126 139
126 141
126 142
126 162
126 167
126 169
126 171
126 179
126 186
126 189
126 190
126 191
126 194
126 198
127 8
127 12
127 16
127 18
127 23
127 24
127 27
127 31
127 36
127 39
127 40
127 42
127 49
127 50
127 56
127 64
127 65
127 67
127 68
127 76
127 79
127 82
127 83
127 85
127 89
127 92
127 99
127 101
127 106
127 111
127 112
127 113
127 118
127 119
127 123
127 125
127 129
127 131
127 135
127 137
127 142
127 143
127 153
127 154
127 157
127 160
127 161
127 166
127 172
127 173
127 174
127 175
127 178
127 188
127 191
127 192
128 8
128 14
128 17
128 19
128 20
128 22
128 24
128 26
128 30
128 34
128 40
128 42
128 49
128 60
128 62
128 63
128 64
128 66
128 67
128 72
128 74
128 75
128 78
128 82
128 84
128 85
128 87
128 88
128 91
128 93
128 96
128 97
128 105
128 107
128 109
128 120
128 121
128 123
128 125
128 130
128 131
128 135
128 136
128 144
128 147
128 150
128 153
128 154
128 157
128 160
128 164
128 171
128 173
128 178
128 182
128 183
128 186
128 191
128 193
128 194
128 195
128 196
128 199
129 3
129 10
129 16
129 19
129 27
129 29
129 30
129 31
129 33
129 38
129 42
129 47
129 49
129 51
129 52
129 53
129 55
129 59
129 60
129 62
129 63
129 66
129 67
129 70
129 81
129 90
129 97
129 101
129 103
129 106
129 107
129 110
129 124
129 126
129 130
129 132
129 133
129 134
129 140
129 144
129 146
129 147
129 150
129 158
129 165
129 168
129 172
129 173
129 174
129 175
129 177
129 179
129 187
129 191
129 196
129 200
130 7
130 9
130 10
130 11
130 18
130 22
130 24
130 30
130 32
130 37
130 44
130 47
130 48
130 49
130 50
130 54
130 58
130 61
130 63
130 76
130 80
130 82
130 83
130 86
130 102
130 104
130 106
130 107
130 111
130 114
130 115
130 117
130 121
130 124
130 125
130 126
130 134
130 144
130 148
130 150
130 154
130 157
130 161
130 173
130 180
130 182
130 183
130 186
130 188
130 199
130 200
131 7
131 8
131 18
131 21
131 25
131 26
131 28
131 35
131 36
131 42
131 44
131 48
131 56
131 63
131 65
131 68
131 70
131 71
131 73
131 83
131 88
131 90
131 92
131 95
131 100
131 102
131 103
131 105
131 107
131 110
131 111
131 113
131 118
131 120
131 131
131 140
131 141
131 142
131 146
131 147
131 151
131 154
131 155
131 161
131 162
131 164
131 172
131 174
131 179
131 181
131 183
131 185
131 189
131 190
131 191
131 192
131 195
131 200
132 10
132 12
132 16
132 31
132 33
132 34
132 39
132 41
132 44
132 46
132 48
132 54
132 55
132 61
132 64
132 65
132 66
132 73
132 74
132 75
132 76
132 77
132 78
132 80
132 87
132 89
132 104
132 105
132 106
132 107
132 108
132 112
132 113
132 114
132 116
132 117
132 118
132 125
132 126
132 128
132 130
132 136
132 138
132 140
132 141
132 144
132 147
132 148
132 151
132 153
132 155
132 157
132 158
132 160
132 161
132 166
132 167
132 171
132 176
132 178
132 188
132 191
132 193
132 196
133 1
133 2
133 6
133 8
133 10
133 19
133 23
133 24
133 28
133 32
133 44
133 45
133 50
133 51
133 52
133 53
133 55
133 57
133 65
133 66
133 70
133 81
133 83
133 84
133 87
133 89
133 97
133 98
133 103
133 107
133 108
133 111
133 115
133 117
133 120
133 121
133 130
133 137
133 138
133 144
133 145
133 146
133 148
133 158
133 159
133 166
133 167
133 170
133 171
133 173
133 174
133 177
133 180
133 181
133 187
133 188
133 196
134 7
134 8
134 12
134 16
134 18
134 20
134 23
134 25
134 31
134 32
134 37
134 41
134 42
134 50
134 52
134 54
134 55
134 62
134 63
134 64
134 65
134 66
134 67
134 68
134 74
134 82
134 84
134 85
134 91
134 92
134 93
134 94
134 96
134 98
134 100
134 101
134 103
134 111
134 112
134 113
134 118
134 121
134 125
134 129
134 130
134 131
134 132
134 136
134 137
134 141
134 142
134 144
134 145
134 150
134 152
134 159
134 161
134 164
134 167
134 179
134 183
134 186
134 191
134 192
134 193
134 197
134 198
134 200
135 3
135 4
135 6
135 8
135 11
135 13
135 14
135 18
135 23
135 26
135 27
135 36
135 39
135 40
135 44
135 47
135 51
135 57
135 60
135 65
135 68
135 75
135 77
135 79
135 80
135 82
135 84
135 86
135 87
135 93
135 99
135 107
135 115
135 116
135 117
135 122
135 125
135 128
135 129
135 138
135 142
135 145
135 152
135 154
135 157
135 161
135 164
135 167
135 172
135 175
135 176
135 178
135 187
135 188
135 189
135 190
135 193
135 198
135 200
136 1
136 6
136 7
136 8
136 15
136 16
136 21
136 24
136 27
136 32
136 34
136 35
136 37
136 40
136 45
136 46
136 50
136 55
136 59
136 60
136 67
136 69
136 74
136 80
136 85
136 86
136 88
136 89
136 93
136 98
136 103
136 109
136 112
136 116
136 122
136 123
136 127
136 132
136 133
136 135
136 136
136 140
136 145
136 151
136 152
136 157
136 163
136 166
136 168
136 169
136 171
136 173
136 176
136 179
136 183
136 189
136 190
136 193
136 197
137 2
137 3
137 4
137 7
137 16
137 17
137 20
137 21
137 27
137 29
137 31
137 35
137 38
137 40
137 41
137 42
137 43
137 46
137 50
137 55
137 56
137 58
137 59
137 62
137 68
137 74
137 78
137 83
137 84
137 87
137 89
137 90
137 91
137 93
137 94
137 96
137 99
137 101
137 112
137 118
137 119
137 124
137 135
137 136
137 142
137 146
137 147
137 149
137 151
137 154
137 157
137 161
137 164
137 169
137 170
137 178
137 184
137 187
137 196
137 200
138 5
138 7
138 10
138 13
138 14
138 15
138 21
138 22
138 26
138 28
138 30
138 33
138 37
138 38
138 39
138 43
138 46
138 51
138 57
138 61
138 65
138 66
138 68
138 71
138 75
138 77
138 82
138 84
138 85
138 87
138 88
138 91
138 99
138 100
138 105
138 112
138 114
138 118
138 121
138 122
138 126
138 127
138 129
138 132
138 134
138 135
138 140
138 142
138 152
138 154
138 160
138 173
138 176
138 179
138 180
138 189
138 190
138 191
138 192
138 193
138 195
138 197
138 200
139 1
139 7
139 10
139 16
139 18
139 19
139 22
139 23
139 24
139 26
139 27
139 32
139 33
139 36
139 37
139 47
139 52
139 54
139 57
139 58
139 59
139 61
139 63
139 64
139 75
139 76
139 79
139 80
139 88
139 89
139 90
139 92
139 94
139 96
139 99
139 100
139 101
139 102
139 105
139 106
139 112
139 114
139 116
139 119
139 122
139 127
139 129
139 131
139 135
139 137
139 140
139 147
139 152
139 154
139 169
139 176
139 180
139 181
139 187
139 189
139 190
139 192
139 193
139 195
139 196
139 198
140 1
140 2
140 3
140 5
140 8
140 13
140 16
140 21
140 23
140 24
140 25
140 27
140 30
140 32
140 36
140 39
140 41
140 49
140 54
140 62
140 63
140 64
140 68
140 69
140 70
140 71
140 75
140 77
140 79
140 81
140 84
140 85
140 89
140 94
140 95
140 97
140 106
140 112
140 114
140 115
140 116
140 126
140 128
140 139
140 142
140 143
140 144
140 150
140 151
140 153
140 159
140 164
140 167
140 168
140 183
140 184
140 185
140 187
140 190
140 191
140 193
140 194
140 196
141 2
141 3
141 9
141 19
141 21
141 26
141 28
141 31
141 34
141 37
141 46
141 47
141 52
141 56
141 70
141 72
141 73
141 76
141 79
141 83
141 85
141 87
141 94
141 97
141 98
141 100
141 103
141 104
141 114
141 123
141 126
141 127
141 132
141 136
141 141
141 152
141 155
141 159
141 162
141 164
141 167
141 168
141 171
141 175
141 176
141 182
141 187
141 188
141 189
141 191
141 193
141 195
141 200
142 4
142 5
142 6
142 7
142 8
142 13
142 19
142 21
142 23
142 24
142 30
142 31
142 36
142 37
142 42
142 51
142 65
142 68
142 69
142 71
142 77
142 80
142 84
142 86
142 88
142 89
142 90
142 91
142 93
142 95
142 96
142 98
142 100
142 102
142 105
142 110
142 115
142 119
142 121
142 125
142 128
142 134
142 136
142 147
142 148
142 152
142 154
142 160
142 163
142 166
142 169
142 171
142 172
142 173
142 174
142 177
142 178
142 179
142 181
142 182
142 186
142 189
142 191
142 195
143 6
143 8
143 10
143 11
143 14
143 15
143 22
143 24
143 29
143 30
143 36
143 38
143 40
143 46
143 47
143 52
143 54
143 62
143 63
143 66
143 70
143 71
143 76
143 77
143 83
143 85
143 86
143 87
143 88
143 89
143 90
143 94
143 95
143 98
143 99
143 103
143 104
143 106
143 114
143 116
143 117
143 118
143 122
143 124
143 133
143 136
143 137
143 144
143 152
143 153
143 156
143 159
143 169
143 170
143 171
143 187
143 192
143 194
143 199
144 3
144 4
144 14
144 18
144 23
144 25
144 27
144 28
144 31
144 32
144 33
144 34
144 40
144 51
144 55
144 56
144 59
144 60
144 63
144 65
144 71
144 79
144 83
144 92
144 96
144 101
144 114
144 115
144 119
144 121
144 123
144 124
144 132
144 137
144 138
144 139
144 142
144 143
144 146
144 149
144 150
144 152
144 154
144 158
144 162
144 163
144 164
144 168
144 174
144 175
144 179
144 185
144 191
144 198
145 2
145 3
145 11
145 13
145 15
145 19
145 21
145 22
145 25
145 26
145 28
145 30
145 33
145 39
145 42
145 43
145 47
145 48
145 49
145 50
145 55
145 57
145 58
145 60
145 61
145 66
145 67
145 71
145 86
145 88
145 89
145 93
145 102
145 103
145 110
145 112
145 114
145 122
145 123
145 126
145 128
145 134
145 136
145 137
145 149
145 155
145 156
145 159
145 164
145 172
145 173
145 176
145 181
145 184
145 189
145 190
145 191
145 192
145 196
145 197
145 198
146 2
146 6
146 24
146 26
146 29
146 32
146 34
146 40
146 41
146 44
146 45
146 53
146 62
146 65
146 66
146 68
146 70
146 83
146 86
146 87
146 93
146 100
146 104
146 112
146 114
146 122
146 124
146 127
146 129
146 132
146 133
146 134
146 136
146 143
146 144
146 146
146 150
146 151
146 165
146 166
146 171
146 173
146 174
146 175
146 177
146 183
146 184
146 189
146 190
146 192
146 193
146 194
146 195
146 196
147 3
147 5
147 11
147 14
147 16
147 17
147 22
147 28
147 32
147 33
147 35
147 38
147 40
147 41
147 46
147 47
147 48
147 57
147 64
147 70
147 78
147 79
147 82
147 84
147 85
147 86
147 91
147 94
147 97
147 107
147 110
147 112
147 124
147 126
147 130
147 133
147 134
147 135
147 142
147 146
147 148
147 150
147 159
147 174
147 177
147 178
147 179
147 182
147 184
147 187
147 189
148 2
148 3
148 4
148 7
148 8
148 16
148 30
148 31
148 35
148 42
148 49
148 51
148 52
148 54
148 55
148 63
148 66
148 71
148 72
148 75
148 78
148 88
148 90
148 98
148 101
148 104
148 108
148 109
148 114
148 132
148 134
148 136
148 142
148 143
148 146
148 147
148 150
148 165
148 166
148 173
148 181
148 191
148 192
148 197
149 3
149 8
149 9
149 13
149 21
149 22
149 23
149 29
149 30
149 31
149 32
149 36
149 38
149 40
149 41
149 49
149 50
149 52
149 54
149 63
149 66
149 70
149 71
149 75
149 76
149 83
149 88
149 89
149 98
149 99
149 100
149 102
149 103
149 106
149 108
149 113
149 115
149 117
149 120
149 121
149 125
149 127
149 129
149 143
149 147
149 149
149 150
149 152
149 154
149 156
149 158
149 165
149 169
149 170
149 177
149 180
149 182
149 183
149 186
149 188
149 189
149 192
149 193
149 197
150 1
150 3
150 11
150 14
150 19
150 20
150 23
150 27
150 29
150 32
150 34
150 38
150 50
150 59
150 60
150 61
150 62
150 63
150 64
150 67
150 70
150 72
150 73
150 79
150 83
150 85
150 86
150 92
150 94
150 95
150 98
150 101
150 103
150 105
150 107
150 108
150 110
150 115
150 119
150 120
150 124
150 132
150 133
150 135
150 137
150 142
150 145
150 147
150 151
150 154
150 156
150 163
150 165
150 167
150 170
150 173
150 181
150 184
150 191
150 193
150 195
150 196
150 199
151 4
151 14
151 17
151 19
151 23
151 25
151 30
151 36
151 40
151 53
151 54
151 56
151 57
151 58
151 59
151 61
151 64
151 66
151 70
151 75
151 81
151 83
151 86
151 92
151 95
151 103
151 104
151 105
151 107
151 112
151 113
151 116
151 117
151 125
151 128
151 129
151 130
151 136
151 137
151 140
151 141
151 145
151 147
151 148
151 150
151 151
151 152
151 154
151 159
151 160
151 161
151 172
151 173
151 177
151 178
151 183
151 186
151 190
151 192
151 194
152 6
152 11
152 17
152 18
152 26
152 32
152 36
152 47
152 53
152 56
152 57
152 61
152 62
152 64
152 66
152 67
152 74
152 75
152 76
152 80
152 82
152 83
152 85
152 87
152 89
152 92
152 94
152 97
152 101
152 104
152 105
152 109
152 111
152 114
152 119
152 123
152 130
152 134
152 135
152 136
152 141
152 142
152 147
152 148
152 151
152 152
152 154
152 157
152 158
152 159
152 160
152 163
152 165
152 166
152 172
152 176
152 177
152 179
152 183
152 184
152 186
152 190
152 191
152 194
152 195
153 1
153 2
153 5
153 10
153 14
153 17
153 22
153 24
153 26
153 29
153 32
153 33
153 34
153 35
153 36
153 38
153 39
153 44
153 45
153 47
153 50
153 54
153 56
153 58
153 59
153 62
153 63
153 65
153 75
153 80
153 83
153 85
153 86
153 89
153 93
153 96
153 98
153 99
153 100
153 102
153 108
153 110
153 113
153 117
153 118
153 121
153 124
153 132
153 135
153 137
153 140
153 142
153 145
153 160
153 163
153 164
153 169
153 171
153 172
153 174
153 175
153 179
153 182
153 183
153 185
153 186
153 191
153 194
153 195
153 196
153 197
154 1
154 2
154 8
154 10
154 11
154 12
154 21
154 24
154 30
154 32
154 36
154 40
154 41
154 42
154 44
154 45
154 46
154 51
154 54
154 56
154 60
154 65
154 69
154 70
154 71
154 81
154 87
154 88
154 89
154 92
154 95
154 102
154 103
154 105
154 106
154 108
154 110
154 111
154 116
154 120
154 121
154 124
154 128
154 130
154 133
154 135
154 140
154 142
154 143
154 146
154 153
154 158
154 159
154 162
154 165
154 166
154 167
154 169
154 171
154 174
154 177
154 186
154 187
154 192
154 196
154 197
154 198
155 6
155 10
155 13
155 15
155 18
155 21
155 28
155 29
155 30
155 40
155 43
155 49
155 51
155 52
155 54
155 58
155 59
155 63
155 66
155 67
155 73
155 77
155 78
155 80
155 81
155 82
155 91
155 93
155 95
155 107
155 108
155 110
155 111
155 112
155 115
155 122
155 125
155 126
155 131
155 132
155 140
155 147
155 151
155 152
155 153
155 158
155 162
155 165
155 168
155 169
155 173
155 175
155 179
155 181
155 184
155 197
156 1
156 2
156 4
156 5
156 15
156 16
156 17
156 23
156 25
156 28
156 29
156 30
156 32
156 40
156 52
156 55
156 57
156 59
156 62
156 63
156 65
156 66
156 68
156 69
156 70
156 72
156 75
156 78
156 90
156 101
156 105
156 107
156 110
156 115
156 117
156 119
156 120
156 123
156 127
156 129
156 130
156 136
156 146
156 147
156 153
156 159
156 162
156 166
156 167
156 171
156 172
156 193
156 196
156 198
156 200
157 2
157 7
157 8
157 11
157 17
157 18
157 19
157 21
157 27
157 30
157 35
157 42
157 45
157 49
157 50
157 53
157 54
157 56
157 60
157 62
157 68
157 70
157 72
157 77
157 78
157 85
157 88
157 94
157 96
157 97
157 98
157 99
157 103
157 107
157 113
157 115
157 119
157 120
157 124
157 126
157 132
157 134
157 135
157 136
157 141
157 149
157 158
157 159
157 160
157 167
157 169
157 171
157 173
157 175
157 182
157 189
157 191
158 1
158 5
158 6
158 9
158 19
158 24
158 26
158 31
158 34
158 39
158 52
158 53
158 57
158 62
158 72
158 77
158 97
158 99
158 102
158 113
158 114
158 117
158 120
158 122
158 129
158 136
158 137
158 139
158 140
158 141
158 145
158 151
158 154
158 155
158 157
158 160
158 164
158 167
158 168
158 169
158 173
158 174
158 177
158 178
158 179
158 185
158 186
158 188
158 190
158 191
158 192
158 195
158 199
159 10
159 11
159 18
159 21
159 22
159 25
159 30
159 32
159 34
159 36
159 38
159 41
159 45
159 46
159 49
159 50
159 53
159 57
159 59
159 67
159 68
159 70
159 71
159 72
159 77
159 79
159 80
159 81
159 84
159 89
159 92
159 95
159 96
159 102
159 104
159 110
159 112
159 120
159 132
159 141
159 144
159 145
159 148
159 154
159 160
159 173
159 174
159 175
159 177
159 178
159 181
159 183
159 185
159 193
159 194
159 197
159 198
159 199
160 1
160 2
160 10
160 12
160 18
160 20
160 22
160 31
160 32
160 39
160 41
160 46
160 51
160 55
160 59
160 61
160 62
160 66
160 67
160 68
160 72
160 73
160 75
160 77
160 79
160 85
160 91
160 92
160 93
160 98
160 100
160 103
160 106
160 111
160 112
160 114
160 115
160 126
160 130
160 132
160 136
160 137
160 142
160 143
160 144
160 149
160 152
160 153
160 154
160 155
160 159
160 162
160 164
160 165
160 168
160 171
160 173
160 174
160 182
160 183
160 186
160 190
160 191
160 199
161 3
161 4
161 5
161 11
161 12
161 13
161 16
161 18
161 23
161 25
161 26
161 34
161 36
161 37
161 47
161 50
161 55
161 56
161 57
161 58
161 61
161 63
161 74
161 78
161 81
161 83
161 86
161 89
161 93
161 96
161 97
161 99
161 100
161 101
161 103
161 106
161 112
161 114
161 116
161 123
161 124
161 125
161 126
161 131
161 134
161 143
161 146
161 151
161 153
161 155
161 168
161 169
161 176
161 180
161 182
161 196
161 198
161 199
162 1
162 3
162 4
162 5
162 6
162 8
162 14
162 15
162 17
162 20
162 23
162 26
162 27
162 29
162 34
162 36
162 47
162 51
162 55
162 56
162 66
162 68
162 70
162 72
162 73
162 74
162 75
162 78
162 79
162 81
162 84
162 86
162 89
162 90
162 95
162 97
162 104
162 109
162 112
162 115
162 116
162 120
162 130
162 135
162 136
162 137
162 139
162 144
162 147
162 148
162 149
162 152
162 153
162 154
162 160
162 161
162 164
162 166
162 171
162 175
162 177
162 181
162 182
162 183
162 190
162 191
162 195
163 1
163 2
163 3
163 4
163 7
163 11
163 13
163 19
163 28
163 29
163 34
163 37
163 43
163 53
163 54
163 56
163 57
163 63
163 71
163 72
163 74
163 77
163 80
163 83
163 86
163 93
163 96
163 100
163 104
163 105
163 106
163 111
163 114
163 119
163 120
163 122
163 124
163 125
163 129
163 130
163 131
163 134
163 136
163 138
163 142
163 152
163 153
163 156
163 163
163 164
163 165
163 170
163 179
163 185
163 190
163 192
163 197
164 2
164 9
164 16
164 19
164 23
164 25
164 26
164 29
164 30
164 33
164 35
164 37
164 42
164 48
164 54
164 55
164 57
164 61
164 64
164 65
164 69
164 71
164 85
164 89
164 91
164 108
164 110
164 112
164 114
164 115
164 117
164 121
164 126
164 129
164 133
164 136
164 138
164 145
164 149
164 151
164 158
164 162
164 166
164 168
164 172
164 177
164 180
164 190
164 192
164 194
164 197
165 7
165 11
165 14
165 18
165 20
165 23
165 26
165 29
165 30
165 34
165 38
165 40
165 46
165 49
165 50
165 52
165 53
165 60
165 74
165 75
165 78
165 97
165 113
165 114
165 116
165 117
165 120
165 124
165 125
165 131
165 136
165 137
165 138
165 141
165 144
165 149
165 151
165 153
165 157
165 166
165 167
165 172
165 174
165 178
165 179
165 180
165 181
165 186
165 189
165 193
165 194
165 199
165 200
166 4
166 12
166 13
166 16
166 20
166 30
166 31
166 32
166 35
166 38
166 40
166 41
166 43
166 44
166 55
166 57
166 58
166 62
166 63
166 64
166 70
166 71
166 81
166 86
166 88
166 91
166 93
166 97
166 98
166 111
166 112
166 116
166 124
166 126
166 137
166 141
166 144
166 145
166 148
166 153
166 156
166 158
166 161
166 165
166 166
166 167
166 169
166 174
166 182
166 188
166 191
166 192
166 195
166 198
167 6
167 9
167 12
167 15
167 18
167 19
167 20
167 21
167 27
167 33
167 34
167 37
167 38
167 41
167 42
167 47
167 48
167 53
167 58
167 59
167 60
167 64
167 68
167 70
167 71
167 73
167 82
167 85
167 89
167 91
167 93
167 96
167 98
167 111
167 115
167 118
167 122
167 123
167 125
167 130
167 133
167 136
167 137
167 141
167 143
167 146
167 148
167 149
167 150
167 151
167 155
167 162
167 169
167 171
167 176
167 177
167 185
167 189
167 197
168 7
168 10
168 11
168 15
168 16
168 19
168 21
168 35
168 39
168 40
168 47
168 50
168 63
168 64
168 65
168 66
168 67
168 74
168 83
168 84
168 87
168 90
168 95
168 96
168 98
168 99
168 102
168 103
168 108
168 109
168 112
168 114
168 120
168 128
168 130
168 132
168 137
168 139
168 144
168 145
168 149
168 151
168 155
168 162
168 165
168 173
168 176
168 179
168 181
168 185
168 187
168 188
168 189
168 191
168 193
168 195
168 198
168 200
169 4
169 8
169 9
169 15
169 17
169 18
169 31
169 39
169 45
169 58
169 61
169 70
169 73
169 77
169 82
169 83
169 84
169 85
169 86
169 87
169 88
169 91
169 92
169 96
169 97
169 99
169 107
169 113
169 114
169 115
169 116
169 120
169 129
169 138
169 139
169 142
169 148
169 149
169 152
169 159
169 171
169 173
169 182
169 190
169 191
169 196
170 2
170 3
170 7
170 10
170 14
170 20
170 31
170 45
170 56
170 58
170 61
170 65
170 68
170 70
170 71
170 72
170 73
170 75
170 81
170 86
170 87
170 89
170 90
170 97
170 101
170 103
170 104
170 111
170 114
170 121
170 122
170 124
170 127
170 132
170 135
170 137
170 138
170 139
170 141
170 151
170 154
170 155
170 156
170 159
170 163
170 164
170 170
170 175
170 177
170 181
170 187
170 189
170 193
170 195
170 199
170 200
171 13
171 15
171 23
171 28
171 32
171 34
171 38
171 39
171 45
171 48
171 52
171 60
171 81
171 85
171 86
171 94
171 95
171 102
171 111
171 114
171 115
171 119
171 126
171 127
171 129
171 139
171 141
171 154
171 158
171 159
171 162
171 166
171 168
171 171
171 172
171 174
171 177
171 178
171 183
171 184
171 187
171 188
171 189
171 194
171 197
171 198
171 199
172 1
172 4
172 5
172 7
172 8
172 12
172 21
172 25
172 28
172 33
172 34
172 39
172 48
172 55
172 60
172 66
172 73
172 74
172 82
172 83
172 88
172 92
172 103
172 105
172 108
172 110
172 111
172 114
172 123
172 136
172 142
172 144
172 149
172 155
172 159
172 161
172 162
172 163
172 165
172 167
172 170
172 175
172 176
172 181
172 182
172 189
172 193
172 197
173 6
173 7
173 10
173 13
173 14
173 20
173 24
173 27
173 34
173 35
173 42
173 43
173 44
173 51
173 55
173 61
173 64
173 66
173 68
173 69
173 74
173 77
173 81
173 82
173 89
173 91
173 93
173 94
173 101
173 104
173 107
173 108
173 109
173 114
173 118
173 119
173 122
173 125
173 129
173 130
173 131
173 133
173 137
173 138
173 139
173 141
173 147
173 154
173 155
173 156
173 161
173 162
173 163
173 171
173 173
173 177
173 179
173 180
173 182
173 183
173 184
173 188
173 192
173 193
173 196
174 2
174 4
174 6
174 13
174 15
174 18
174 25
174 28
174 33
174 34
174 40
174 42
174 43
174 44
174 45
174 47
174 55
174 56
174 57
174 60
174 61
174 62
174 63
174 66
174 69
174 70
174 71
174 72
174 73
174 75
174 84
174 85
174 86
174 94
174 96
174 100
174 101
174 106
174 107
174 109
174 111
174 116
174 117
174 118
174 120
174 121
174 122
174 125
174 127
174 131
174 134
174 135
174 139
174 142
174 143
174 149
174 155
174 157
174 158
174 166
174 168
174 172
174 173
174 174
174 176
174 182
174 186
174 188
174 197
174 198
175 2
175 4
175 5
175 16
175 18
175 19
175 20
175 25
175 27
175 30
175 31
175 33
175 48
175 53
175 55
175 68
175 73
175 76
175 80
175 81
175 85
175 86
175 89
175 90
175 96
175 99
175 103
175 110
175 117
175 122
175 126
175 130
175 138
175 139
175 140
175 144
175 145
175 146
175 154
175 155
175 164
175 166
175 168
175 177
175 179
175 180
175 181
176 3
176 12
176 14
176 15
176 23
176 25
176 32
176 33
176 34
176 35
176 36
176 37
176 40
176 49
176 51
176 54
176 56
176 61
176 69
176 78
176 83
176 84
176 85
176 88
176 89
176 93
176 96
176 98
176 100
176 102
176 107
176 108
176 113
176 119
176 120
176 121
176 123
176 127
176 134
176 138
176 139
176 140
176 142
176 145
176 146
176 148
176 153
176 155
176 156
176 158
176 163
176 169
176 170
176 171
176 176
176 181
176 186
176 192
176 194
176 198
176 199
177 6
177 7
177 14
177 19
177 24
177 25
177 26
177 29
177 32
177 35
177 38
177 43
177 44
177 47
177 49
177 50
177 51
177 53
177 58
177 60
177 72
177 73
177 75
177 76
177 77
177 78
177 87
177 93
177 98
177 102
177 105
177 107
177 109
177 113
177 118
177 123
177 131
177 132
177 135
177 136
177 141
177 143
177 146
177 149
177 151
177 155
177 156
177 161
177 163
177 168
177 169
177 175
177 176
177 178
177 184
177 194
177 197
177 199
178 9
178 11
178 13
178 15
178 17
178 18
178 19
178 20
178 29
178 31
178 44
178 48
178 51
178 52
178 54
178 59
178 60
178 71
178 73
178 74
178 84
178 92
178 98
178 100
178 106
178 108
178 109
178 119
178 124
178 125
178 129
178 133
178 138
178 144
178 145
178 148
178 150
178 151
178 154
178 155
178 158
178 160
178 162
178 164
178 166
178 167
178 168
178 172
178 178
178 182
178 185
178 187
178 188
178 189
178 196
178 197
179 4
179 10
179 11
179 13
179 16
179 19
179 21
179 23
179 24
179 27
179 34
179 35
179 41
179 46
179 49
179 51
179 53
179 55
179 60
179 62
179 64
179 66
179 71
179 74
179 76
179 81
179 83
179 84
179 85
179 86
179 88
179 90
179 97
179 98
179 100
179 107
179 109
179 111
179 114
179 116
179 122
179 123
179 127
179 132
179 133
179 134
179 135
179 141
179 142
179 146
179 147
179 148
179 149
179 150
179 153
179 154
179 157
179 161
179 167
179 170
179 177
179 178
179 179
179 182
179 183
179 187
179 190
179 192
179 193
179 196
179 198
180 2
180 3
180 4
180 10
180 15
180 17
180 20
180 21
180 26
180 29
180 30
180 36
180 41
180 44
180 46
180 48
180 51
180 54
180 55
180 63
180 67
180 70
180 72
180 73
180 75
180 78
180 84
180 85
180 89
180 90
180 92
180 93
180 99
180 102
180 105
180 111
180 112
180 114
180 120
180 121
180 125
180 131
180 147
180 159
180 162
180 165
180 166
180 169
180 180
180 182
180 183
180 184
180 185
180 188
180 192
180 194
180 195
180 198
181 2
181 3
181 15
181 26
181 30
181 31
181 32
181 33
181 38
181 43
181 45
181 47
181 51
181 54
181 64
181 65
181 66
181 67
181 73
181 81
181 84
181 86
181 89
181 92
181 100
181 104
181 107
181 109
181 110
181 112
181 113
181 115
181 117
181 121
181 125
181 130
181 132
181 135
181 140
181 141
181 142
181 145
181 156
181 157
181 158
181 161
181 167
181 169
181 170
181 173
181 176
181 178
181 180
181 181
181 187
181 189
181 193
181 196
181 200
182 1
182 2
182 5
182 12
182 15
182 17
182 19
182 24
182 26
182 27
182 31
182 32
182 33
182 40
182 41
182 42
182 45
182 49
182 52
182 53
182 58
182 60
182 61
182 66
182 72
182 80
182 81
182 84
182 86
182 91
182 98
182 101
182 104
182 107
182 109
182 112
182 117
182 119
182 120
182 130
182 138
182 143
182 150
182 151
182 152
182 161
182 164
182 167
182 168
182 169
182 170
182 174
182 175
182 187
182 190
182 191
182 195
182 196
182 200
183 3
183 8
183 11
183 12
183 14
183 15
183 19
183 23
183 24
183 26
183 42
183 47
183 54
183 62
183 67
183 71
183 76
183 77
183 80
183 83
183 85
183 94
183 98
183 102
183 105
183 110
183 112
183 114
183 115
183 116
183 117
183 121
183 123
183 126
183 131
183 137
183 138
183 142
183 146
183 147
183 148
183 155
183 156
183 158
183 160
183 165
183 168
183 169
183 172
183 173
183 174
183 175
183 176
183 177
183 178
183 180
183 183
183 188
183 196
183 200
184 1
184 5
184 6
184 7
184 8
184 9
184 10
184 15
184 17
184 21
184 22
184 25
184 26
184 27
184 33
184 34
184 39
184 50
184 51
184 52
184 57
184 64
184 65
184 71
184 72
184 73
184 75
184 80
184 81
184 91
184 94
184 96
184 99
184 101
184 106
184 113
184 119
184 122
184 123
184 124
184 126
184 129
184 130
184 131
184 133
184 150
184 151
184 153
184 154
184 157
184 158
184 165
184 172
184 173
184 175
184 187
184 198
185 10
185 11
185 13
185 15
185 17
185 20
185 24
185 26
185 33
185 37
185 38
185 39
185 41
185 44
185 45
185 46
185 47
185 53
185 58
185 59
185 65
185 69
185 71
185 72
185 74
185 75
185 78
185 80
185 81
185 85
185 90
185 95
185 97
185 98
185 99
185 101
185 104
185 105
185 109
185 110
185 112
185 113
185 114
185 117
185 118
185 123
185 124
185 125
185 126
185 128
185 139
185 140
185 142
185 146
185 147
185 150
185 155
185 157
185 158
185 162
185 163
185 164
185 165
185 168
185 178
185 184
185 188
185 189
185 190
185 191
185 194
185 195
185 196
185 197
185 199
186 1
186 2
186 6
186 10
186 15
186 17
186 18
186 20
186 24
186 27
186 28
186 33
186 36
186 44
186 47
186 64
186 67
186 68
186 71
186 72
186 77
186 78
186 82
186 83
186 90
186 91
186 93
186 96
186 115
186 118
186 119
186 120
186 123
186 124
186 126
186 127
186 128
186 129
186 130
186 134
186 139
186 140
186 142
186 143
186 145
186 150
186 154
186 156
186 157
186 160
186 163
186 164
186 165
186 167
186 169
186 170
186 171
186 172
186 175
186 182
186 185
186 186
186 187
186 189
187 2
187 5
187 11
187 22
187 33
187 35
187 49
187 56
187 58
187 59
187 61
187 62
187 65
187 66
187 67
187 69
187 73
187 76
187 85
187 88
187 90
187 96
187 97
187 98
187 101
187 102
187 103
187 107
187 112
187 115
187 118
187 121
187 125
187 126
187 128
187 132
187 134
187 135
187 140
187 142
187 146
187 153
187 155
187 158
187 159
187 166
187 167
187 170
187 171
187 174
187 175
187 178
187 180
187 184
188 6
188 13
188 16
188 19
188 20
188 21
188 31
188 32
188 36
188 37
188 39
188 43
188 46
188 47
188 49
188 52
188 54
188 55
188 61
188 62
188 64
188 70
188 73
188 75
188 77
188 80
188 82
188 85
188 86
188 88
188 92
188 93
188 95
188 100
188 102
188 107
188 111
188 116
188 121
188 126
188 128
188 129
188 130
188 134
188 135
188 138
188 139
188 140
188 141
188 146
188 157
188 158
188 161
188 163
188 165
188 169
188 175
188 177
188 179
188 181
188 193
188 196
188 197
188 198
189 3
189 5
189 6
189 8
189 10
189 11
189 13
189 17
189 25
189 27
189 28
189 31
189 34
189 38
189 40
189 42
189 45
189 48
189 49
189 53
189 62
189 66
189 70
189 72
189 74
189 75
189 77
189 78
189 79
189 84
189 85
189 86
189 89
189 90
189 92
189 95
189 98
189 101
189 105
189 110
189 111
189 112
189 116
189 118
189 123
189 125
189 129
189 131
189 135
189 137
189 142
189 143
189 146
189 148
189 149
189 162
189 163
189 165
189 171
189 174
189 178
189 182
189 184
189 185
189 188
189 192
189 194
189 195
189 196
189 197
189 199
190 1
190 5
190 6
190 12
190 16
190 32
190 36
190 37
190 40
190 42
190 44
190 46
190 55
190 59
190 60
190 61
190 63
190 64
190 71
190 79
190 82
190 86
190 91
190 93
190 94
190 95
190 98
190 104
190 113
190 116
190 120
190 123
190 124
190 127
190 134
190 135
190 139
190 140
190 144
190 147
190 149
190 150
190 152
190 154
190 155
190 156
190 157
190 162
190 168
190 170
190 172
190 178
190 182
190 183
190 184
190 186
190 195
190 198
191 3
191 7
191 8
191 13
191 19
191 22
191 26
191 29
191 30
191 33
191 36
191 37
191 38
191 42
191 43
191 46
191 53
191 61
191 62
191 68
191 71
191 72
191 73
191 76
191 86
191 91
191 94
191 95
191 96
191 98
191 99
191 104
191 107
191 108
191 112
191 113
191 116
191 117
191 130
191 133
191 137
191 143
191 144
191 150
191 155
191 156
191 160
191 161
191 163
191 164
191 165
191 167
191 171
191 175
191 182
191 184
191 191
191 193
191 194
191 198
192 2
192 3
192 4
192 9
192 11
192 12
192 16
192 29
192 43
192 46
192 47
192 49
192 51
192 54
192 56
192 63
192 67
192 71
192 72
192 74
192 76
192 78
192 79
192 80
192 84
192 88
192 93
192 95
192 100
192 101
192 103
192 105
192 112
192 117
192 118
192 120
192 123
192 127
192 133
192 139
192 146
192 147
192 149
192 150
192 152
192 153
192 156
192 158
192 162
192 164
192 166
192 173
192 182
192 186
192 192
192 194
192 196
192 198
192 200
193 4
193 10
193 11
193 12
193 17
193 18
193 19
193 24
193 25
193 37
193 40
193 42
193 43
193 44
193 47
193 48
193 56
193 58
193 64
193 65
193 71
193 75
193 81
193 82
193 85
193 89
193 91
193 98
193 99
193 111
193 119
193 123
193 124
193 126
193 129
193 131
193 138
193 139
193 142
193 143
193 152
193 157
193 160
193 161
193 162
193 167
193 172
193 178
193 185
193 186
193 191
193 200
194 1
194 2
194 6
194 18
194 20
194 26
194 28
194 29
194 35
194 37
194 47
194 48
194 49
194 53
194 55
194 56
194 68
194 69
194 70
194 82
194 87
194 94
194 95
194 98
194 100
194 110
194 111
194 114
194 118
194 122
194 123
194 124
194 126
194 127
194 130
194 132
194 135
194 140
194 142
194 146
194 148
194 151
194 155
194 164
194 168
194 169
194 173
194 177
194 188
194 189
194 191
194 194
195 2
195 8
195 17
195 20
195 21
195 24
195 29
195 32
195 35
195 43
195 45
195 46
195 49
195 52
195 55
195 56
195 60
195 64
195 71
195 76
195 77
195 80
195 81
195 90
195 91
195 94
195 96
195 99
195 102
195 104
195 112
195 113
195 115
195 116
195 117
195 127
195 129
195 130
195 132
195 133
195 134
195 141
195 148
195 150
195 154
195 169
195 170
195 171
195 176
195 180
195 181
195 182
195 184
195 186
195 188
195 189
195 192
195 196
195 198
196 6
196 13
196 14
196 17
196 18
196 19
196 20
196 23
196 27
196 33
196 35
196 36
196 37
196 39
196 48
196 53
196 54
196 61
196 62
196 67
196 79
196 80
196 88
196 90
196 94
196 96
196 97
196 99
196 101
196 103
196 104
196 105
196 111
196 112
196 113
196 114
196 117
196 121
196 128
196 133
196 137
196 141
196 147
196 154
196 157
196 168
196 169
196 172
196 174
196 175
196 180
196 182
196 187
196 188
196 189
196 190
196 191
197 2
197 11
197 15
197 16
197 17
197 18
197 20
197 31
197 32
197 33
197 37
197 40
197 41
197 42
197 43
197 48
197 52
197 53
197 56
197 57
197 58
197 59
197 63
197 66
197 69
197 71
197 79
197 81
197 86
197 87
197 93
197 95
197 105
197 106
197 111
197 114
197 116
197 120
197 121
197 131
197 132
197 134
197 137
197 138
197 139
197 142
197 143
197 145
197 159
197 162
197 168
197 169
197 171
197 173
197 178
197 179
197 180
197 183
197 186
197 187
197 191
197 193
197 194
197 195
197 197
198 2
198 6
198 8
198 9
198 11
198 15
198 17
198 19
198 25
198 28
198 36
198 39
198 46
198 48
198 49
198 50
198 52
198 60
198 63
198 74
198 83
198 86
198 90
198 93
198 98
198 100
198 101
198 103
198 105
198 111
198 112
198 113
198 117
198 119
198 121
198 130
198 131
198 137
198 142
198 148
198 152
198 154
198 155
198 160
198 163
198 166
198 170
198 172
198 173
198 181
198 184
198 185
198 188
198 189
198 191
198 194
198 197
198 198
199 1
199 2
199 6
199 7
199 11
199 13
199 15
199 16
199 21
199 22
199 23
199 24
199 32
199 38
199 40
199 41
199 44
199 48
199 49
199 51
199 53
199 62
199 67
199 80
199 85
199 92
199 96
199 102
199 103
199 108
199 117
199 119
199 121
199 123
199 125
199 129
199 132
199 138
199 140
199 155
199 156
199 157
199 163
199 181
199 183
199 187
199 189
199 198
199 199
199 200
200 5
200 7
200 9
200 12
200 14
200 19
200 24
200 28
200 32
200 33
200 34
200 39
200 41
200 48
200 56
200 57
200 58
200 64
200 69
200 72
200 76
200 78
200 79
200 81
200 85
200 93
200 94
200 95
200 97
200 99
200 101
200 102
200 105
200 106
200 114
200 115
200 117
200 118
200 123
200 131
200 132
200 135
200 143
200 144
200 146
200 147
200 151
200 154
200 156
200 158
200 163
200 169
200 171
200 173
200 182
200 185
200 186
200 190
200 193
200 199
