140 140 5943
1 4
1 8
1 17
1 20
1 25
1 42
1 49
1 56
1 57
1 58
1 60
1 64
1 74
1 75
1 77
1 78
1 79
1 80
1 84
1 87
1 89
1 98
1 111
1 115
1 117
1 118
1 122
1 124
1 131
1 133
1 137
2 2
2 3
2 4
2 8
2 10
2 11
2 14
2 16
2 18
2 23
2 24
2 25
2 29
2 33
2 34
2 35
2 37
2 39
2 42
2 43
2 48
2 51
2 52
2 53
2 54
2 57
2 59
2 63
2 65
2 67
2 68
2 72
2 78
2 79
2 81
2 82
2 84
2 85
2 87
2 90
2 91
2 93
2 95
2 97
2 101
2 102
2 104
2 110
2 111
2 113
2 114
2 116
2 121
2 124
2 128
2 139
3 3
3 6
3 7
3 15
3 21
3 22
3 25
3 27
3 29
3 31
3 34
3 36
3 37
3 39
3 56
3 58
3 62
3 64
3 70
3 76
3 80
3 83
3 92
3 95
3 99
3 101
3 102
3 111
3 116
3 118
3 120
3 121
3 122
3 130
3 133
3 134
3 135
3 140
4 3
4 5
4 6
4 8
4 13
4 17
4 19
4 27
4 31
4 39
4 43
4 44
4 50
4 51
4 56
4 59
4 62
4 65
4 74
4 77
4 82
4 85
4 87
4 88
4 94
4 96
4 97
4 101
4 112
4 117
4 118
4 121
4 126
4 132
4 136
4 137
4 139
5 1
5 11
5 13
5 14
5 16
5 19
5 23
5 27
5 28
5 29
5 30
5 38
5 41
5 47
5 48
5 49
5 51
5 53
5 56
5 58
5 59
5 61
5 66
5 72
5 74
5 81
5 82
5 84
5 85
5 89
5 92
5 93
5 94
5 95
5 96
5 102
5 109
5 112
5 114
5 117
5 118
5 126
5 127
5 129
5 132
5 136
5 139
6 1
6 9
6 12
6 13
6 18
6 19
6 20
6 28
6 31
6 32
6 38
6 39
6 41
6 44
6 47
6 51
6 53
6 56
6 57
6 60
6 63
6 76
6 77
6 78
6 84
6 88
6 89
6 91
6 95
6 96
6 107
6 117
6 118
6 119
6 127
7 1
7 2
7 5
7 9
7 19
7 20
7 21
7 24
7 26
7 28
7 30
7 31
7 37
7 40
7 42
7 45
7 46
7 47
7 51
7 52
7 56
7 57
7 58
7 61
7 68
7 69
7 74
7 79
7 82
7 83
7 85
7 86
7 91
7 95
7 97
7 101
7 106
7 108
7 109
7 111
7 117
7 118
7 126
7 127
7 128
7 130
7 137
7 140
8 1
8 3
8 7
8 9
8 11
8 16
8 21
8 32
8 34
8 35
8 36
8 42
8 46
8 51
8 52
8 53
8 56
8 58
8 60
8 61
8 62
8 63
8 64
8 65
8 69
8 72
8 79
8 80
8 81
8 86
8 91
8 93
8 97
8 100
8 101
8 102
8 105
8 107
8 113
8 119
8 120
8 123
8 125
8 128
8 133
8 138
9 2
9 4
9 12
9 17
9 22
9 24
9 28
9 29
9 38
9 41
9 42
9 47
9 51
9 55
9 58
9 60
9 67
9 69
9 72
9 73
9 76
9 83
9 85
9 88
9 89
9 92
9 94
9 96
9 99
9 102
9 109
9 110
9 112
9 114
9 123
9 128
9 129
9 134
9 135
9 137
10 3
10 4
10 9
10 10
10 12
10 19
10 25
10 27
10 32
10 39
10 40
10 41
10 44
10 46
10 55
10 56
10 57
10 59
10 62
10 70
10 74
10 77
10 79
10 80
10 85
10 86
10 90
10 95
10 97
10 104
10 112
10 114
10 115
10 120
10 123
10 124
10 127
10 128
10 133
10 135
10 136
10 140
11 4
11 9
11 12
11 14
11 15
11 16
11 21
11 22
11 23
11 24
11 29
11 30
11 32
11 34
11 36
11 37
11 38
11 39
11 46
11 55
11 57
11 61
11 65
11 73
11 83
11 84
11 86
11 87
11 92
11 93
11 95
11 96
11 99
11 105
11 108
11 112
11 113
11 114
11 115
11 117
11 118
11 121
11 123
11 126
11 130
11 131
11 139
11 140
12 1
12 5
12 6
12 7
12 8
12 10
12 12
12 15
12 18
12 20
12 21
12 24
12 26
12 27
12 29
12 30
12 31
12 36
12 39
12 41
12 45
12 48
12 49
12 53
12 64
12 70
12 72
12 79
12 81
12 89
12 91
12 94
12 97
12 98
12 102
12 106
12 107
12 119
12 122
12 123
12 128
12 137
13 6
13 7
13 11
13 12
13 14
13 23
13 24
13 35
13 36
13 37
13 46
13 47
13 51
13 53
13 63
13 67
13 69
13 70
13 71
13 77
13 82
13 89
13 91
13 92
13 97
13 98
13 106
13 107
13 111
13 116
13 117
13 119
13 120
13 124
13 127
13 129
13 130
13 132
13 133
13 134
13 138
13 140
14 7
14 9
14 10
14 16
14 17
14 22
14 23
14 33
14 39
14 40
14 44
14 54
14 56
14 57
14 59
14 60
14 64
14 65
14 66
14 76
14 79
14 80
14 82
14 91
14 92
14 93
14 95
14 100
14 103
14 124
14 125
14 128
14 131
14 133
14 135
14 138
15 2
15 8
15 9
15 10
15 15
15 16
15 19
15 22
15 23
15 24
15 25
15 27
15 35
15 37
15 38
15 43
15 45
15 48
15 49
15 53
15 55
15 56
15 58
15 59
15 65
15 66
15 72
15 73
15 74
15 77
15 79
15 81
15 84
15 90
15 91
15 93
15 95
15 98
15 101
15 104
15 109
15 112
15 116
15 123
15 129
15 131
15 133
15 135
15 138
15 139
16 5
16 6
16 9
16 18
16 20
16 29
16 34
16 44
16 47
16 48
16 49
16 52
16 53
16 57
16 64
16 66
16 67
16 69
16 70
16 72
16 73
16 79
16 80
16 81
16 86
16 87
16 88
16 91
16 94
16 100
16 101
16 107
16 109
16 110
16 112
16 119
16 121
16 122
16 125
16 131
16 136
16 139
16 140
17 2
17 7
17 8
17 9
17 10
17 14
17 18
17 22
17 34
17 35
17 39
17 41
17 43
17 47
17 49
17 50
17 51
17 52
17 56
17 59
17 63
17 68
17 74
17 75
17 77
17 82
17 86
17 87
17 90
17 92
17 97
17 99
17 104
17 107
17 119
17 124
17 127
17 130
18 1
18 6
18 9
18 10
18 11
18 16
18 21
18 22
18 23
18 27
18 28
18 29
18 31
18 33
18 38
18 41
18 43
18 47
18 49
18 54
18 55
18 57
18 66
18 67
18 68
18 69
18 80
18 81
18 87
18 89
18 91
18 93
18 102
18 103
18 108
18 110
18 115
18 123
18 124
18 130
18 133
18 135
19 1
19 2
19 6
19 10
19 13
19 15
19 19
19 26
19 27
19 29
19 32
19 34
19 36
19 38
19 40
19 44
19 45
19 52
19 58
19 60
19 62
19 64
19 66
19 71
19 72
19 73
19 80
19 83
19 88
19 89
19 93
19 98
19 104
19 105
19 111
19 116
19 117
19 118
19 121
19 125
19 128
19 133
19 135
19 137
20 2
20 5
20 6
20 7
20 10
20 20
20 22
20 23
20 27
20 29
20 30
20 34
20 47
20 53
20 57
20 63
20 65
20 67
20 68
20 72
20 75
20 76
20 82
20 83
20 86
20 89
20 99
20 100
20 103
20 107
20 110
20 111
20 113
20 116
20 117
20 120
20 122
20 128
20 132
20 133
20 135
20 139
21 3
21 4
21 5
21 8
21 9
21 10
21 13
21 17
21 20
21 27
21 35
21 41
21 48
21 51
21 59
21 60
21 62
21 64
21 73
21 76
21 82
21 84
21 85
21 86
21 88
21 94
21 99
21 100
21 106
21 107
21 110
21 114
21 115
21 118
21 119
21 121
21 127
21 130
21 136
22 4
22 5
22 6
22 7
22 11
22 16
22 17
22 20
22 25
22 27
22 28
22 29
22 31
22 40
22 43
22 47
22 49
22 55
22 61
22 64
22 65
22 67
22 68
22 69
22 70
22 75
22 81
22 85
22 87
22 88
22 93
22 94
22 96
22 101
22 103
22 107
22 109
22 112
22 116
22 126
22 127
22 128
22 129
22 132
22 134
22 137
23 1
23 3
23 7
23 9
23 10
23 11
23 12
23 15
23 18
23 22
23 33
23 40
23 41
23 42
23 48
23 53
23 59
23 62
23 63
23 67
23 71
23 78
23 82
23 93
23 94
23 98
23 100
23 105
23 107
23 108
23 110
23 111
23 120
23 125
23 126
23 132
23 136
23 140
24 1
24 13
24 14
24 16
24 22
24 23
24 27
24 28
24 29
24 30
24 35
24 40
24 43
24 44
24 48
24 51
24 52
24 60
24 62
24 65
24 66
24 70
24 71
24 72
24 75
24 77
24 78
24 79
24 82
24 96
24 97
24 98
24 100
24 101
24 103
24 105
24 107
24 115
24 118
24 120
24 124
24 125
24 129
24 136
24 138
24 139
25 1
25 11
25 19
25 26
25 31
25 37
25 40
25 43
25 44
25 48
25 50
25 54
25 55
25 56
25 60
25 62
25 65
25 66
25 67
25 70
25 78
25 82
25 84
25 87
25 88
25 89
25 90
25 92
25 94
25 95
25 100
25 107
25 110
25 122
25 124
25 125
25 126
25 131
25 134
25 135
25 136
25 138
25 140
26 1
26 4
26 5
26 14
26 16
26 17
26 22
26 25
26 29
26 31
26 36
26 39
26 46
26 47
26 52
26 58
26 61
26 63
26 64
26 73
26 74
26 75
26 76
26 77
26 83
26 86
26 88
26 91
26 93
26 96
26 101
26 102
26 105
26 106
26 113
26 114
26 115
26 126
26 130
26 132
26 135
27 2
27 6
27 8
27 9
27 17
27 20
27 21
27 24
27 34
27 36
27 45
27 49
27 52
27 53
27 60
27 66
27 68
27 75
27 84
27 87
27 88
27 92
27 93
27 94
27 96
27 97
27 101
27 103
27 104
27 107
27 108
27 110
27 113
27 124
27 125
27 128
27 131
27 132
27 138
27 139
27 140
28 1
28 5
28 8
28 12
28 19
28 23
28 24
28 29
28 36
28 38
28 40
28 41
28 42
28 46
28 55
28 67
28 68
28 74
28 75
28 78
28 80
28 83
28 84
28 85
28 90
28 96
28 98
28 102
28 103
28 105
28 108
28 111
28 118
28 121
28 126
28 127
29 1
29 3
29 4
29 6
29 10
29 18
29 20
29 21
29 24
29 26
29 33
29 40
29 41
29 43
29 46
29 51
29 57
29 58
29 59
29 60
29 63
29 66
29 72
29 73
29 77
29 80
29 82
29 84
29 85
29 94
29 96
29 105
29 107
29 108
29 111
29 120
29 123
29 124
29 125
29 128
29 130
29 133
29 134
29 137
30 1
30 7
30 14
30 15
30 16
30 23
30 33
30 38
30 42
30 50
30 52
30 55
30 64
30 67
30 68
30 70
30 72
30 75
30 79
30 80
30 82
30 86
30 87
30 88
30 89
30 90
30 92
30 93
30 94
30 98
30 104
30 105
30 107
30 111
30 116
30 117
30 119
30 120
30 128
30 134
30 135
30 140
31 6
31 7
31 27
31 29
31 32
31 36
31 43
31 49
31 54
31 58
31 62
31 64
31 68
31 72
31 75
31 76
31 77
31 78
31 79
31 85
31 89
31 91
31 93
31 96
31 100
31 105
31 107
31 114
31 119
31 120
31 124
31 126
31 127
31 128
31 129
31 131
31 133
31 134
31 135
31 137
31 139
32 3
32 4
32 10
32 16
32 19
32 22
32 25
32 27
32 30
32 31
32 34
32 37
32 41
32 46
32 47
32 51
32 52
32 54
32 57
32 58
32 59
32 62
32 63
32 69
32 70
32 72
32 74
32 77
32 80
32 89
32 92
32 96
32 103
32 106
32 112
32 113
32 120
32 124
32 125
32 130
32 131
32 133
32 137
33 1
33 4
33 5
33 7
33 9
33 13
33 14
33 16
33 18
33 19
33 20
33 23
33 24
33 27
33 31
33 35
33 38
33 39
33 43
33 46
33 49
33 50
33 51
33 57
33 58
33 59
33 61
33 65
33 72
33 73
33 77
33 81
33 83
33 85
33 86
33 90
33 93
33 94
33 98
33 101
33 110
33 116
33 118
33 122
33 125
33 129
33 135
33 137
34 2
34 4
34 7
34 12
34 16
34 18
34 25
34 28
34 29
34 39
34 44
34 48
34 50
34 55
34 63
34 65
34 67
34 69
34 70
34 78
34 82
34 83
34 85
34 88
34 91
34 92
34 98
34 101
34 102
34 103
34 104
34 107
34 109
34 111
34 115
34 116
34 118
34 125
34 127
34 131
34 138
35 1
35 3
35 4
35 9
35 12
35 14
35 15
35 16
35 21
35 25
35 27
35 32
35 33
35 34
35 36
35 40
35 43
35 50
35 55
35 56
35 59
35 64
35 68
35 70
35 74
35 75
35 79
35 80
35 81
35 83
35 86
35 88
35 91
35 93
35 95
35 101
35 102
35 104
35 109
35 112
35 113
35 119
35 122
35 123
35 124
35 127
35 128
35 132
35 136
35 137
35 139
36 1
36 16
36 18
36 19
36 20
36 21
36 23
36 25
36 28
36 35
36 42
36 49
36 59
36 60
36 61
36 65
36 66
36 69
36 70
36 72
36 77
36 86
36 89
36 91
36 96
36 100
36 102
36 108
36 110
36 111
36 113
36 122
36 124
36 125
36 127
36 128
36 131
36 132
36 136
36 139
37 1
37 11
37 23
37 24
37 28
37 29
37 30
37 33
37 38
37 41
37 48
37 50
37 51
37 53
37 55
37 57
37 58
37 59
37 63
37 64
37 66
37 68
37 70
37 71
37 76
37 77
37 79
37 82
37 87
37 89
37 94
37 99
37 100
37 103
37 104
37 112
37 114
37 115
37 116
37 124
37 127
37 128
37 129
37 135
37 137
37 138
37 139
38 13
38 16
38 19
38 20
38 26
38 28
38 30
38 31
38 33
38 34
38 37
38 43
38 45
38 55
38 57
38 64
38 65
38 66
38 73
38 77
38 79
38 80
38 84
38 89
38 90
38 93
38 96
38 102
38 104
38 105
38 116
38 131
38 134
38 138
38 139
38 140
39 4
39 8
39 11
39 15
39 16
39 17
39 19
39 21
39 24
39 26
39 29
39 30
39 35
39 41
39 46
39 51
39 52
39 53
39 55
39 61
39 65
39 66
39 67
39 70
39 71
39 79
39 83
39 85
39 86
39 88
39 89
39 92
39 99
39 100
39 101
39 106
39 107
39 108
39 109
39 113
39 114
39 117
39 119
39 120
39 123
39 127
39 128
39 132
39 138
40 3
40 6
40 13
40 16
40 17
40 23
40 24
40 30
40 32
40 36
40 52
40 53
40 65
40 68
40 69
40 71
40 72
40 79
40 80
40 85
40 86
40 88
40 91
40 92
40 93
40 99
40 109
40 116
40 118
40 123
40 131
40 132
40 136
40 137
41 3
41 7
41 8
41 9
41 12
41 14
41 15
41 18
41 23
41 29
41 31
41 34
41 40
41 41
41 42
41 44
41 47
41 51
41 52
41 53
41 56
41 61
41 67
41 68
41 74
41 76
41 78
41 79
41 80
41 82
41 83
41 87
41 90
41 93
41 94
41 97
41 98
41 99
41 100
41 101
41 102
41 107
41 110
41 112
41 113
41 117
41 118
41 134
41 136
42 2
42 6
42 11
42 12
42 14
42 15
42 17
42 25
42 26
42 29
42 30
42 44
42 45
42 46
42 47
42 53
42 54
42 58
42 60
42 61
42 70
42 73
42 75
42 78
42 81
42 82
42 84
42 87
42 95
42 97
42 99
42 100
42 101
42 102
42 103
42 106
42 115
42 119
42 121
42 124
42 133
43 1
43 2
43 9
43 12
43 13
43 14
43 17
43 20
43 21
43 25
43 31
43 32
43 36
43 42
43 46
43 47
43 48
43 54
43 55
43 59
43 60
43 67
43 69
43 71
43 72
43 73
43 74
43 77
43 78
43 79
43 80
43 83
43 84
43 88
43 89
43 96
43 97
43 98
43 99
43 100
43 102
43 103
43 105
43 110
43 113
43 117
43 120
43 121
43 137
43 138
43 140
44 4
44 6
44 7
44 9
44 15
44 19
44 23
44 28
44 29
44 30
44 32
44 34
44 38
44 42
44 43
44 49
44 53
44 59
44 63
44 67
44 68
44 69
44 71
44 72
44 75
44 85
44 89
44 91
44 98
44 101
44 102
44 103
44 104
44 107
44 109
44 111
44 114
44 115
44 116
44 119
44 126
44 134
44 139
45 4
45 8
45 13
45 14
45 26
45 27
45 36
45 38
45 42
45 47
45 53
45 55
45 56
45 60
45 64
45 70
45 72
45 75
45 77
45 79
45 81
45 84
45 86
45 89
45 90
45 92
45 94
45 96
45 97
45 99
45 100
45 101
45 105
45 113
45 117
45 127
45 130
45 132
45 133
45 137
46 1
46 11
46 13
46 15
46 22
46 25
46 32
46 36
46 38
46 40
46 41
46 43
46 45
46 46
46 47
46 49
46 52
46 56
46 57
46 61
46 63
46 65
46 71
46 81
46 83
46 89
46 90
46 97
46 105
46 109
46 112
46 120
46 135
46 137
46 139
47 3
47 4
47 9
47 11
47 18
47 21
47 22
47 23
47 24
47 25
47 26
47 30
47 32
47 37
47 40
47 41
47 44
47 55
47 56
47 57
47 58
47 66
47 68
47 76
47 85
47 87
47 89
47 91
47 93
47 96
47 99
47 100
47 106
47 108
47 120
47 121
47 122
47 125
47 128
47 130
47 132
47 133
47 135
47 137
47 138
47 139
48 1
48 2
48 3
48 8
48 9
48 13
48 19
48 38
48 40
48 44
48 50
48 52
48 55
48 58
48 59
48 61
48 65
48 78
48 81
48 86
48 87
48 89
48 97
48 98
48 104
48 106
48 112
48 113
48 122
48 123
48 125
48 127
48 128
48 132
48 133
48 134
48 137
49 1
49 4
49 6
49 9
49 14
49 15
49 16
49 17
49 18
49 26
49 29
49 33
49 36
49 38
49 47
49 49
49 52
49 53
49 60
49 67
49 71
49 87
49 89
49 96
49 98
49 100
49 102
49 107
49 109
49 110
49 113
49 119
49 121
49 124
49 128
49 129
49 131
49 133
49 134
49 135
50 10
50 11
50 12
50 24
50 26
50 32
50 36
50 41
50 46
50 48
50 50
50 54
50 57
50 62
50 69
50 73
50 74
50 76
50 78
50 82
50 84
50 85
50 95
50 96
50 100
50 103
50 116
50 119
50 121
50 126
50 130
50 133
50 136
50 139
50 140
51 1
51 2
51 5
51 7
51 11
51 14
51 15
51 19
51 34
51 39
51 41
51 50
51 51
51 52
51 54
51 56
51 60
51 62
51 63
51 67
51 69
51 71
51 73
51 74
51 80
51 86
51 89
51 94
51 96
51 103
51 105
51 107
51 115
51 116
51 117
51 120
51 122
51 124
51 126
51 130
51 140
52 4
52 5
52 6
52 10
52 11
52 15
52 17
52 19
52 22
52 28
52 29
52 30
52 33
52 37
52 39
52 40
52 42
52 44
52 46
52 48
52 52
52 53
52 55
52 57
52 58
52 61
52 66
52 68
52 70
52 73
52 75
52 81
52 83
52 84
52 91
52 92
52 103
52 104
52 106
52 107
52 112
52 117
52 120
52 124
52 133
52 135
52 138
52 139
52 140
53 2
53 5
53 10
53 14
53 15
53 21
53 24
53 32
53 36
53 37
53 39
53 42
53 54
53 55
53 57
53 59
53 61
53 64
53 67
53 69
53 75
53 76
53 77
53 80
53 82
53 83
53 86
53 87
53 89
53 96
53 98
53 106
53 122
53 123
53 128
53 131
53 134
53 139
54 1
54 3
54 6
54 9
54 14
54 15
54 18
54 19
54 21
54 22
54 30
54 31
54 33
54 38
54 49
54 51
54 53
54 54
54 55
54 58
54 61
54 62
54 65
54 66
54 68
54 70
54 71
54 73
54 76
54 83
54 86
54 87
54 88
54 92
54 95
54 102
54 110
54 114
54 118
54 122
54 127
54 129
54 135
55 5
55 7
55 11
55 14
55 17
55 19
55 21
55 24
55 27
55 31
55 33
55 36
55 37
55 39
55 41
55 44
55 47
55 49
55 50
55 57
55 66
55 77
55 82
55 83
55 85
55 97
55 102
55 106
55 111
55 113
55 116
55 121
55 128
55 130
55 131
55 132
55 134
56 6
56 7
56 22
56 23
56 25
56 26
56 27
56 28
56 35
56 39
56 41
56 43
56 45
56 47
56 50
56 51
56 54
56 55
56 57
56 61
56 62
56 68
56 71
56 72
56 77
56 78
56 81
56 84
56 86
56 88
56 96
56 100
56 108
56 111
56 113
56 116
56 117
56 122
56 127
56 130
56 133
56 135
56 139
56 140
57 2
57 11
57 13
57 15
57 23
57 26
57 27
57 29
57 33
57 34
57 35
57 38
57 39
57 40
57 42
57 43
57 44
57 45
57 46
57 53
57 54
57 63
57 64
57 65
57 69
57 72
57 76
57 78
57 79
57 80
57 81
57 82
57 83
57 85
57 86
57 98
57 99
57 105
57 114
57 115
57 126
57 129
57 131
57 133
57 138
58 2
58 5
58 6
58 15
58 16
58 18
58 19
58 20
58 24
58 25
58 32
58 34
58 35
58 36
58 40
58 42
58 43
58 52
58 61
58 63
58 65
58 69
58 71
58 72
58 73
58 75
58 80
58 82
58 85
58 89
58 92
58 94
58 96
58 101
58 102
58 106
58 109
58 110
58 113
58 114
58 115
58 116
58 120
58 122
58 124
58 129
58 134
58 137
58 138
59 2
59 3
59 5
59 6
59 12
59 13
59 15
59 19
59 25
59 26
59 28
59 29
59 32
59 33
59 36
59 37
59 45
59 49
59 50
59 53
59 58
59 61
59 63
59 68
59 69
59 72
59 75
59 85
59 88
59 89
59 90
59 98
59 108
59 109
59 110
59 126
59 127
59 128
59 130
59 134
59 137
59 138
60 3
60 5
60 9
60 15
60 21
60 27
60 29
60 30
60 31
60 32
60 34
60 39
60 45
60 46
60 51
60 52
60 54
60 56
60 57
60 58
60 69
60 71
60 72
60 73
60 77
60 78
60 79
60 81
60 84
60 86
60 92
60 97
60 101
60 102
60 111
60 112
60 120
60 121
60 123
60 126
60 127
60 131
60 133
60 135
60 136
60 137
60 138
60 139
61 3
61 4
61 7
61 16
61 18
61 19
61 34
61 35
61 36
61 37
61 38
61 39
61 44
61 46
61 50
61 52
61 54
61 56
61 64
61 66
61 77
61 81
61 90
61 92
61 98
61 106
61 112
61 114
61 116
61 117
61 121
61 122
61 135
61 138
62 1
62 3
62 4
62 7
62 11
62 20
62 22
62 25
62 35
62 37
62 53
62 54
62 59
62 60
62 63
62 64
62 65
62 67
62 68
62 70
62 74
62 75
62 80
62 81
62 83
62 85
62 86
62 90
62 95
62 97
62 101
62 107
62 108
62 110
62 112
62 114
62 118
62 120
62 121
62 124
62 130
62 131
62 138
62 139
63 2
63 5
63 11
63 13
63 14
63 16
63 19
63 20
63 21
63 28
63 31
63 32
63 33
63 44
63 46
63 47
63 49
63 51
63 56
63 63
63 65
63 68
63 71
63 73
63 74
63 83
63 84
63 87
63 89
63 90
63 93
63 94
63 102
63 105
63 107
63 114
63 117
63 128
63 130
63 133
63 136
63 140
64 1
64 3
64 4
64 12
64 14
64 15
64 16
64 17
64 21
64 22
64 23
64 30
64 32
64 34
64 37
64 45
64 49
64 56
64 58
64 61
64 62
64 63
64 64
64 66
64 70
64 73
64 76
64 78
64 79
64 82
64 83
64 87
64 89
64 94
64 95
64 98
64 101
64 103
64 104
64 107
64 108
64 109
64 110
64 112
64 113
64 114
64 117
64 118
64 119
64 120
64 122
64 134
64 135
64 138
64 139
65 7
65 8
65 11
65 13
65 14
65 16
65 17
65 19
65 24
65 27
65 31
65 34
65 36
65 41
65 43
65 47
65 48
65 56
65 57
65 58
65 61
65 62
65 73
65 74
65 79
65 86
65 89
65 90
65 92
65 93
65 94
65 98
65 107
65 117
65 120
65 121
65 124
65 128
65 132
65 133
65 139
66 1
66 7
66 14
66 16
66 18
66 22
66 27
66 29
66 30
66 33
66 42
66 44
66 45
66 47
66 51
66 55
66 58
66 59
66 61
66 64
66 67
66 76
66 79
66 80
66 82
66 86
66 91
66 101
66 102
66 104
66 105
66 109
66 112
66 115
66 117
66 120
66 130
66 134
66 135
66 137
67 2
67 12
67 17
67 18
67 19
67 20
67 21
67 25
67 27
67 29
67 31
67 32
67 35
67 36
67 37
67 40
67 41
67 43
67 48
67 50
67 51
67 52
67 57
67 60
67 62
67 63
67 66
67 74
67 76
67 79
67 80
67 84
67 92
67 111
67 113
67 114
67 119
67 123
67 124
67 137
67 139
68 4
68 5
68 16
68 18
68 21
68 23
68 24
68 40
68 42
68 45
68 51
68 52
68 56
68 59
68 62
68 63
68 65
68 70
68 71
68 76
68 80
68 81
68 82
68 83
68 87
68 98
68 100
68 103
68 104
68 107
68 108
68 111
68 114
68 118
68 119
68 123
68 126
68 127
68 133
68 134
68 135
68 136
68 137
69 2
69 4
69 5
69 8
69 11
69 18
69 22
69 25
69 27
69 34
69 35
69 39
69 40
69 41
69 46
69 49
69 50
69 51
69 52
69 56
69 57
69 63
69 65
69 69
69 70
69 71
69 73
69 74
69 75
69 78
69 79
69 80
69 82
69 83
69 89
69 91
69 92
69 93
69 114
69 116
69 118
69 120
69 126
69 128
69 130
69 135
69 137
69 138
69 140
70 4
70 6
70 10
70 15
70 18
70 23
70 24
70 25
70 31
70 36
70 38
70 39
70 40
70 44
70 50
70 56
70 59
70 60
70 63
70 65
70 69
70 74
70 76
70 77
70 78
70 81
70 85
70 87
70 88
70 89
70 91
70 95
70 98
70 104
70 107
70 109
70 116
70 118
70 125
70 126
70 135
70 140
71 1
71 4
71 8
71 12
71 15
71 16
71 17
71 21
71 22
71 25
71 28
71 32
71 33
71 40
71 51
71 53
71 55
71 61
71 65
71 68
71 73
71 90
71 98
71 103
71 104
71 108
71 109
71 113
71 124
71 126
71 132
71 133
71 136
71 138
71 140
72 2
72 9
72 10
72 19
72 21
72 22
72 25
72 28
72 30
72 35
72 36
72 38
72 40
72 42
72 50
72 53
72 55
72 56
72 57
72 65
72 71
72 74
72 76
72 79
72 80
72 87
72 89
72 90
72 95
72 97
72 99
72 100
72 102
72 110
72 119
72 121
72 127
72 128
72 134
72 135
72 136
72 140
73 3
73 5
73 7
73 11
73 12
73 13
73 14
73 18
73 22
73 25
73 27
73 32
73 33
73 39
73 44
73 46
73 49
73 53
73 55
73 61
73 65
73 66
73 67
73 69
73 71
73 80
73 82
73 89
73 91
73 103
73 104
73 105
73 106
73 108
73 112
73 114
73 116
73 120
73 125
73 131
73 137
74 5
74 15
74 21
74 22
74 23
74 26
74 27
74 38
74 39
74 43
74 47
74 49
74 54
74 55
74 56
74 60
74 64
74 67
74 71
74 72
74 77
74 80
74 81
74 88
74 94
74 95
74 106
74 107
74 109
74 110
74 111
74 114
74 116
74 119
74 121
74 122
74 124
74 125
74 132
74 136
74 137
74 140
75 4
75 5
75 7
75 9
75 10
75 12
75 20
75 22
75 23
75 25
75 27
75 32
75 34
75 36
75 37
75 39
75 41
75 42
75 43
75 50
75 52
75 53
75 54
75 55
75 56
75 58
75 60
75 62
75 73
75 74
75 75
75 77
75 82
75 88
75 90
75 94
75 96
75 98
75 106
75 112
75 117
75 123
75 126
75 127
75 128
75 132
75 140
76 2
76 4
76 5
76 8
76 9
76 11
76 13
76 17
76 18
76 21
76 22
76 31
76 36
76 37
76 38
76 39
76 42
76 51
76 53
76 57
76 59
76 63
76 65
76 71
76 72
76 73
76 82
76 87
76 91
76 95
76 97
76 98
76 99
76 111
76 113
76 120
76 121
76 130
76 131
76 132
76 133
76 134
76 139
77 2
77 7
77 8
77 17
77 19
77 33
77 39
77 40
77 44
77 47
77 48
77 51
77 53
77 56
77 64
77 65
77 66
77 70
77 75
77 80
77 81
77 83
77 85
77 91
77 92
77 94
77 97
77 98
77 99
77 109
77 110
77 113
77 119
77 120
77 123
77 130
77 131
77 135
77 137
78 1
78 3
78 9
78 10
78 17
78 18
78 22
78 24
78 26
78 29
78 31
78 32
78 33
78 41
78 44
78 45
78 47
78 51
78 54
78 55
78 61
78 66
78 70
78 73
78 80
78 81
78 85
78 88
78 89
78 91
78 93
78 97
78 99
78 102
78 103
78 110
78 115
78 117
78 118
78 121
78 123
78 132
78 134
78 136
78 139
78 140
79 3
79 9
79 15
79 19
79 20
79 30
79 36
79 37
79 43
79 45
79 47
79 52
79 53
79 54
79 55
79 56
79 58
79 61
79 66
79 68
79 76
79 78
79 81
79 82
79 89
79 91
79 99
79 101
79 108
79 111
79 121
79 123
79 127
79 129
79 130
79 133
79 134
79 138
79 139
80 1
80 8
80 13
80 15
80 17
80 24
80 25
80 26
80 27
80 29
80 31
80 35
80 36
80 38
80 39
80 41
80 43
80 44
80 49
80 52
80 59
80 67
80 68
80 69
80 79
80 80
80 82
80 84
80 86
80 87
80 89
80 98
80 100
80 104
80 109
80 110
80 113
80 114
80 117
80 124
80 125
80 126
80 129
80 135
80 139
81 4
81 12
81 21
81 22
81 23
81 25
81 32
81 33
81 37
81 46
81 47
81 49
81 50
81 51
81 55
81 57
81 59
81 62
81 64
81 69
81 70
81 74
81 78
81 79
81 85
81 86
81 87
81 94
81 96
81 103
81 109
81 112
81 118
81 120
81 121
81 124
81 127
81 128
82 3
82 4
82 10
82 11
82 20
82 27
82 35
82 44
82 45
82 49
82 51
82 52
82 53
82 54
82 61
82 63
82 70
82 74
82 79
82 86
82 89
82 90
82 105
82 109
82 110
82 113
82 114
82 115
82 119
82 124
82 125
82 126
82 130
82 132
82 134
82 138
83 4
83 14
83 19
83 20
83 21
83 30
83 39
83 40
83 43
83 47
83 48
83 50
83 54
83 55
83 59
83 62
83 64
83 69
83 71
83 75
83 77
83 81
83 85
83 87
83 91
83 94
83 100
83 101
83 102
83 112
83 114
83 115
83 116
83 122
83 123
83 126
83 127
83 129
83 133
83 138
84 3
84 6
84 9
84 10
84 19
84 24
84 27
84 37
84 40
84 42
84 44
84 54
84 58
84 60
84 61
84 67
84 76
84 79
84 83
84 92
84 95
84 98
84 104
84 108
84 110
84 111
84 113
84 120
84 121
84 122
84 124
84 125
84 126
84 127
84 128
84 131
84 132
84 140
85 3
85 6
85 7
85 13
85 14
85 20
85 25
85 29
85 31
85 34
85 35
85 40
85 41
85 44
85 45
85 54
85 55
85 59
85 60
85 64
85 65
85 69
85 71
85 72
85 76
85 77
85 82
85 83
85 86
85 87
85 92
85 97
85 101
85 102
85 104
85 105
85 108
85 110
85 114
85 118
85 121
85 124
85 128
85 129
85 130
85 137
86 1
86 7
86 8
86 9
86 10
86 11
86 16
86 19
86 22
86 24
86 25
86 27
86 30
86 31
86 32
86 40
86 42
86 45
86 48
86 51
86 52
86 53
86 57
86 60
86 67
86 71
86 77
86 78
86 84
86 85
86 86
86 87
86 90
86 93
86 96
86 99
86 102
86 103
86 105
86 107
86 112
86 113
86 117
86 118
86 122
86 127
86 129
86 131
86 132
87 4
87 15
87 27
87 33
87 39
87 47
87 49
87 54
87 57
87 60
87 73
87 76
87 77
87 78
87 85
87 89
87 90
87 91
87 96
87 105
87 108
87 117
87 119
87 120
87 121
87 122
87 124
87 127
87 128
87 134
88 9
88 10
88 15
88 21
88 22
88 26
88 28
88 30
88 31
88 32
88 33
88 34
88 36
88 38
88 40
88 43
88 47
88 48
88 49
88 51
88 52
88 54
88 58
88 65
88 66
88 68
88 70
88 75
88 77
88 83
88 84
88 88
88 89
88 91
88 93
88 97
88 99
88 102
88 103
88 104
88 106
88 112
88 113
88 115
88 120
88 121
88 127
88 129
88 131
88 135
88 137
89 3
89 6
89 8
89 12
89 13
89 15
89 19
89 20
89 25
89 26
89 27
89 31
89 32
89 44
89 46
89 54
89 55
89 61
89 69
89 71
89 73
89 74
89 76
89 77
89 80
89 87
89 91
89 92
89 93
89 98
89 101
89 102
89 103
89 106
89 108
89 109
89 111
89 112
89 113
89 118
89 119
89 123
89 131
89 137
89 140
90 3
90 5
90 6
90 8
90 9
90 10
90 12
90 14
90 18
90 24
90 25
90 28
90 32
90 33
90 34
90 35
90 42
90 45
90 48
90 49
90 59
90 61
90 64
90 70
90 73
90 77
90 79
90 84
90 85
90 86
90 88
90 89
90 90
90 93
90 94
90 95
90 99
90 105
90 110
90 111
90 120
90 131
90 133
90 134
90 140
91 6
91 8
91 9
91 11
91 15
91 21
91 22
91 23
91 30
91 32
91 35
91 37
91 38
91 47
91 48
91 55
91 56
91 58
91 61
91 63
91 80
91 84
91 88
91 92
91 93
91 96
91 97
91 98
91 100
91 102
91 115
91 119
91 121
91 125
91 128
91 129
91 131
91 136
91 138
92 2
92 9
92 11
92 12
92 15
92 18
92 20
92 22
92 25
92 28
92 29
92 32
92 33
92 34
92 35
92 36
92 51
92 56
92 57
92 62
92 65
92 70
92 72
92 78
92 88
92 89
92 90
92 92
92 95
92 97
92 103
92 109
92 111
92 113
92 116
92 120
92 123
92 128
92 131
92 132
92 137
92 139
93 1
93 5
93 7
93 14
93 16
93 17
93 20
93 22
93 29
93 30
93 33
93 49
93 54
93 60
93 63
93 64
93 65
93 66
93 68
93 72
93 76
93 77
93 86
93 87
93 89
93 93
93 96
93 97
93 103
93 105
93 108
93 109
93 110
93 125
93 127
93 132
93 134
94 6
94 7
94 10
94 11
94 17
94 22
94 24
94 26
94 28
94 30
94 31
94 35
94 37
94 38
94 40
94 43
94 45
94 46
94 64
94 69
94 72
94 75
94 83
94 86
94 89
94 91
94 93
94 99
94 113
94 114
94 116
94 117
94 122
94 123
94 130
94 131
94 138
94 139
95 1
95 3
95 4
95 9
95 10
95 14
95 16
95 18
95 23
95 25
95 31
95 33
95 42
95 43
95 49
95 53
95 58
95 65
95 67
95 69
95 70
95 78
95 79
95 81
95 82
95 83
95 90
95 93
95 100
95 101
95 103
95 106
95 109
95 110
95 113
95 118
95 120
95 124
95 130
95 131
95 133
95 134
95 136
96 1
96 5
96 7
96 8
96 9
96 13
96 14
96 18
96 19
96 21
96 24
96 25
96 29
96 31
96 32
96 33
96 37
96 39
96 41
96 42
96 44
96 45
96 48
96 49
96 50
96 54
96 55
96 63
96 71
96 72
96 79
96 82
96 86
96 91
96 95
96 100
96 101
96 102
96 104
96 107
96 108
96 112
96 115
96 119
96 123
96 128
96 133
96 135
96 139
97 5
97 7
97 8
97 11
97 12
97 13
97 20
97 24
97 26
97 28
97 31
97 36
97 43
97 46
97 55
97 67
97 69
97 75
97 78
97 79
97 82
97 86
97 87
97 89
97 90
97 92
97 99
97 106
97 107
97 117
97 119
97 122
97 124
97 125
97 129
97 130
97 139
98 3
98 4
98 13
98 16
98 18
98 19
98 25
98 26
98 27
98 28
98 30
98 32
98 34
98 35
98 37
98 40
98 46
98 49
98 50
98 57
98 59
98 60
98 70
98 71
98 72
98 73
98 75
98 83
98 86
98 91
98 93
98 97
98 99
98 100
98 102
98 106
98 112
98 114
98 121
98 124
98 129
98 134
98 136
98 137
98 138
98 139
98 140
99 3
99 9
99 12
99 14
99 15
99 21
99 25
99 32
99 34
99 36
99 37
99 39
99 40
99 42
99 43
99 46
99 54
99 56
99 58
99 60
99 63
99 67
99 69
99 73
99 75
99 78
99 81
99 85
99 91
99 93
99 94
99 97
99 100
99 113
99 114
99 115
99 119
99 120
99 122
99 123
99 124
99 125
99 127
99 135
99 136
99 138
100 6
100 9
100 12
100 13
100 15
100 18
100 19
100 21
100 22
100 25
100 27
100 28
100 29
100 30
100 34
100 35
100 36
100 37
100 38
100 39
100 40
100 44
100 46
100 47
100 48
100 49
100 57
100 59
100 61
100 62
100 64
100 65
100 73
100 74
100 75
100 76
100 78
100 86
100 88
100 95
100 98
100 103
100 106
100 111
100 116
100 121
100 123
100 125
100 126
100 128
100 134
100 136
100 137
100 138
101 1
101 4
101 9
101 10
101 13
101 15
101 17
101 20
101 21
101 22
101 23
101 25
101 26
101 27
101 30
101 31
101 36
101 38
101 39
101 40
101 41
101 42
101 43
101 46
101 51
101 54
101 63
101 69
101 71
101 75
101 84
101 85
101 92
101 94
101 100
101 103
101 104
101 111
101 114
101 120
101 122
101 123
101 129
101 130
101 137
101 138
101 139
102 2
102 10
102 12
102 14
102 19
102 20
102 23
102 30
102 32
102 33
102 34
102 41
102 48
102 53
102 54
102 56
102 58
102 61
102 62
102 64
102 67
102 72
102 73
102 74
102 75
102 79
102 87
102 89
102 90
102 92
102 95
102 105
102 107
102 110
102 112
102 113
102 115
102 121
102 126
102 127
102 135
102 136
102 140
103 7
103 10
103 14
103 15
103 16
103 17
103 20
103 23
103 30
103 35
103 40
103 41
103 46
103 49
103 56
103 57
103 68
103 69
103 75
103 77
103 80
103 81
103 88
103 94
103 96
103 97
103 99
103 101
103 104
103 117
103 119
103 120
103 122
103 124
103 133
103 136
103 139
104 1
104 2
104 4
104 8
104 11
104 12
104 13
104 19
104 23
104 26
104 29
104 30
104 35
104 36
104 37
104 39
104 41
104 45
104 46
104 51
104 52
104 54
104 56
104 58
104 68
104 69
104 71
104 73
104 77
104 78
104 84
104 87
104 90
104 94
104 104
104 105
104 106
104 111
104 113
104 117
104 123
104 126
104 133
104 135
104 136
104 137
105 4
105 5
105 11
105 19
105 20
105 23
105 24
105 26
105 28
105 34
105 42
105 45
105 47
105 51
105 52
105 56
105 58
105 70
105 75
105 76
105 78
105 81
105 83
105 86
105 88
105 89
105 95
105 97
105 98
105 101
105 109
105 114
105 117
105 123
105 130
105 132
105 134
105 135
105 137
106 5
106 7
106 9
106 10
106 13
106 14
106 16
106 19
106 23
106 31
106 33
106 37
106 46
106 48
106 50
106 51
106 52
106 53
106 54
106 64
106 66
106 71
106 72
106 74
106 75
106 86
106 90
106 92
106 97
106 98
106 100
106 101
106 105
106 112
106 113
106 115
106 123
106 124
106 126
106 127
106 130
106 133
106 134
106 136
106 139
107 3
107 5
107 7
107 8
107 11
107 13
107 17
107 20
107 21
107 36
107 37
107 40
107 41
107 42
107 43
107 45
107 46
107 51
107 56
107 57
107 59
107 62
107 65
107 66
107 70
107 75
107 79
107 82
107 83
107 86
107 90
107 91
107 96
107 97
107 100
107 102
107 111
107 112
107 113
107 116
107 120
107 124
107 125
107 138
107 140
108 3
108 7
108 9
108 10
108 11
108 17
108 18
108 23
108 26
108 27
108 31
108 32
108 35
108 36
108 46
108 47
108 49
108 53
108 54
108 55
108 63
108 65
108 67
108 68
108 71
108 74
108 77
108 78
108 79
108 83
108 91
108 92
108 96
108 97
108 98
108 99
108 104
108 106
108 107
108 115
108 117
108 123
108 124
108 126
108 131
108 135
108 140
109 2
109 8
109 15
109 18
109 22
109 32
109 33
109 34
109 37
109 41
109 42
109 44
109 45
109 48
109 55
109 57
109 59
109 63
109 70
109 72
109 75
109 87
109 88
109 92
109 97
109 107
109 109
109 115
109 116
109 118
109 122
109 128
109 133
109 135
109 136
110 1
110 5
110 15
110 19
110 20
110 22
110 24
110 28
110 31
110 36
110 41
110 44
110 46
110 54
110 57
110 58
110 61
110 65
110 70
110 71
110 75
110 79
110 80
110 81
110 84
110 88
110 89
110 92
110 93
110 94
110 109
110 117
110 137
111 1
111 2
111 3
111 5
111 18
111 19
111 23
111 24
111 29
111 31
111 32
111 35
111 37
111 38
111 43
111 46
111 50
111 56
111 60
111 65
111 67
111 73
111 74
111 75
111 78
111 85
111 86
111 87
111 89
111 98
111 99
111 105
111 112
111 114
111 115
111 118
111 119
111 120
111 123
111 124
111 126
111 129
111 131
111 133
111 138
112 6
112 11
112 14
112 15
112 21
112 26
112 28
112 29
112 33
112 35
112 36
112 37
112 39
112 41
112 44
112 45
112 48
112 56
112 59
112 60
112 62
112 75
112 79
112 80
112 81
112 84
112 85
112 86
112 89
112 90
112 97
112 98
112 100
112 103
112 107
112 110
112 111
112 112
112 113
112 120
112 124
112 132
112 135
112 139
112 140
113 1
113 7
113 8
113 11
113 16
113 20
113 21
113 26
113 28
113 29
113 31
113 32
113 34
113 38
113 42
113 43
113 53
113 61
113 62
113 68
113 70
113 71
113 73
113 76
113 81
113 85
113 87
113 88
113 91
113 94
113 98
113 102
113 113
113 116
113 123
113 126
113 129
113 130
113 131
113 132
113 139
113 140
114 2
114 4
114 13
114 14
114 15
114 16
114 25
114 26
114 27
114 28
114 29
114 34
114 36
114 37
114 42
114 46
114 47
114 48
114 50
114 55
114 57
114 58
114 61
114 66
114 70
114 76
114 78
114 81
114 85
114 90
114 92
114 95
114 105
114 108
114 109
114 111
114 114
114 116
114 117
114 122
114 125
114 131
114 134
114 139
115 5
115 11
115 16
115 22
115 23
115 25
115 32
115 34
115 45
115 48
115 49
115 50
115 51
115 52
115 56
115 62
115 66
115 67
115 70
115 73
115 85
115 94
115 96
115 98
115 99
115 100
115 110
115 115
115 116
115 120
115 122
115 130
115 131
115 132
115 133
115 135
115 139
116 3
116 7
116 11
116 12
116 13
116 14
116 24
116 28
116 29
116 30
116 31
116 32
116 33
116 40
116 44
116 45
116 52
116 58
116 59
116 62
116 63
116 64
116 66
116 68
116 75
116 77
116 79
116 80
116 83
116 86
116 88
116 89
116 90
116 96
116 102
116 103
116 105
116 107
116 109
116 113
116 116
116 117
116 123
116 124
116 129
116 130
116 131
116 132
117 4
117 7
117 8
117 12
117 14
117 18
117 25
117 28
117 30
117 32
117 33
117 38
117 41
117 42
117 51
117 52
117 53
117 56
117 58
117 65
117 68
117 69
117 73
117 74
117 77
117 78
117 81
117 82
117 87
117 91
117 96
117 97
117 99
117 100
117 102
117 114
117 118
117 121
117 126
117 130
117 131
117 134
117 135
117 139
118 1
118 7
118 9
118 17
118 18
118 20
118 24
118 25
118 26
118 28
118 29
118 36
118 37
118 44
118 53
118 57
118 60
118 61
118 62
118 63
118 66
118 68
118 69
118 70
118 73
118 82
118 88
118 92
118 96
118 99
118 102
118 106
118 109
118 110
118 111
118 112
118 119
118 120
118 127
118 128
118 130
118 134
118 136
118 140
119 1
119 18
119 22
119 23
119 24
119 28
119 31
119 33
119 39
119 40
119 41
119 44
119 46
119 47
119 53
119 57
119 60
119 61
119 62
119 69
119 72
119 73
119 74
119 76
119 78
119 81
119 87
119 88
119 92
119 97
119 109
119 113
119 115
119 116
119 121
119 130
119 132
119 133
119 136
119 137
119 139
120 3
120 4
120 5
120 7
120 11
120 13
120 15
120 20
120 22
120 35
120 41
120 42
120 44
120 45
120 49
120 50
120 51
120 52
120 56
120 58
120 59
120 62
120 63
120 65
120 67
120 71
120 75
120 80
120 84
120 102
120 104
120 110
120 114
120 118
120 120
120 122
120 126
120 127
120 129
120 130
120 134
121 5
121 9
121 11
121 13
121 14
121 16
121 17
121 18
121 19
121 27
121 30
121 36
121 39
121 40
121 41
121 45
121 47
121 48
121 50
121 52
121 54
121 56
121 59
121 63
121 69
121 72
121 73
121 74
121 75
121 76
121 77
121 82
121 87
121 90
121 93
121 94
121 95
121 97
121 98
121 99
121 100
121 107
121 113
121 114
121 116
121 118
121 119
121 123
121 124
121 125
121 134
121 139
122 2
122 7
122 15
122 20
122 27
122 32
122 35
122 36
122 38
122 41
122 45
122 46
122 55
122 58
122 59
122 60
122 61
122 68
122 73
122 74
122 78
122 83
122 85
122 89
122 98
122 100
122 103
122 106
122 115
122 122
122 126
122 132
122 133
123 9
123 11
123 14
123 16
123 19
123 29
123 37
123 38
123 43
123 48
123 49
123 51
123 53
123 59
123 60
123 61
123 62
123 63
123 65
123 66
123 69
123 73
123 78
123 85
123 89
123 92
123 96
123 99
123 100
123 102
123 103
123 110
123 111
123 112
123 115
123 119
123 127
123 129
123 134
123 136
124 4
124 6
124 7
124 8
124 21
124 24
124 25
124 32
124 35
124 36
124 38
124 39
124 40
124 42
124 47
124 48
124 52
124 56
124 73
124 74
124 78
124 83
124 86
124 88
124 91
124 93
124 98
124 100
124 101
124 110
124 112
124 114
124 117
124 118
124 120
124 121
124 125
124 128
124 129
124 131
124 132
124 134
124 136
124 140
125 2
125 9
125 15
125 16
125 18
125 21
125 24
125 25
125 26
125 29
125 31
125 35
125 44
125 48
125 51
125 54
125 56
125 57
125 59
125 69
125 74
125 75
125 76
125 80
125 82
125 86
125 91
125 95
125 101
125 102
125 103
125 104
125 108
125 113
125 116
125 117
125 120
125 123
125 129
125 132
125 135
126 1
126 5
126 7
126 10
126 11
126 16
126 20
126 21
126 27
126 28
126 31
126 34
126 36
126 37
126 38
126 39
126 43
126 47
126 55
126 56
126 57
126 63
126 65
126 69
126 71
126 84
126 90
126 91
126 95
126 97
126 106
126 109
126 115
126 117
126 120
126 127
126 128
126 129
126 130
126 133
126 135
127 3
127 4
127 7
127 12
127 13
127 24
127 26
127 30
127 35
127 36
127 37
127 40
127 41
127 42
127 44
127 51
127 53
127 56
127 72
127 75
127 78
127 79
127 83
127 86
127 87
127 88
127 91
127 93
127 97
127 101
127 102
127 115
127 116
127 117
127 120
127 122
127 123
127 124
127 125
127 127
127 130
127 135
127 136
127 137
127 138
127 139
127 140
128 1
128 6
128 7
128 13
128 15
128 18
128 24
128 25
128 32
128 35
128 36
128 40
128 41
128 44
128 50
128 57
128 58
128 60
128 61
128 63
128 74
128 75
128 78
128 79
128 81
128 89
128 91
128 97
128 105
128 106
128 109
128 112
128 114
128 115
128 116
128 117
128 122
128 126
128 134
128 135
128 138
128 139
128 140
129 3
129 4
129 16
129 17
129 21
129 24
129 31
129 44
129 45
129 46
129 51
129 58
129 60
129 61
129 62
129 63
129 65
129 66
129 70
129 76
129 78
129 83
129 86
129 91
129 93
129 98
129 104
129 106
129 120
129 125
129 126
129 129
129 135
129 138
129 139
130 5
130 7
130 8
130 12
130 17
130 26
130 28
130 31
130 34
130 36
130 38
130 39
130 43
130 45
130 46
130 59
130 62
130 66
130 67
130 69
130 70
130 71
130 79
130 82
130 83
130 88
130 90
130 92
130 98
130 100
130 101
130 103
130 104
130 109
130 110
130 114
130 116
130 124
130 126
130 134
130 140
131 3
131 4
131 7
131 15
131 23
131 27
131 29
131 31
131 32
131 35
131 41
131 43
131 44
131 45
131 51
131 52
131 57
131 65
131 68
131 70
131 79
131 80
131 82
131 84
131 85
131 86
131 99
131 103
131 104
131 108
131 109
131 110
131 111
131 112
131 114
131 116
131 117
131 119
131 124
131 125
131 129
131 137
131 139
132 8
132 11
132 14
132 16
132 17
132 18
132 29
132 31
132 32
132 33
132 36
132 38
132 39
132 40
132 41
132 45
132 46
132 53
132 60
132 66
132 74
132 76
132 84
132 86
132 101
132 104
132 106
132 111
132 112
132 123
132 125
132 126
132 129
132 131
132 133
132 135
132 136
132 139
133 2
133 12
133 14
133 21
133 22
133 26
133 27
133 30
133 34
133 39
133 40
133 46
133 47
133 48
133 49
133 54
133 56
133 60
133 61
133 68
133 73
133 74
133 77
133 79
133 83
133 86
133 95
133 96
133 103
133 108
133 112
133 115
133 119
133 123
133 133
133 135
133 139
134 1
134 8
134 9
134 15
134 16
134 17
134 20
134 23
134 34
134 35
134 39
134 43
134 45
134 46
134 48
134 51
134 52
134 54
134 57
134 60
134 65
134 69
134 70
134 71
134 72
134 75
134 83
134 88
134 93
134 97
134 98
134 100
134 108
134 109
134 110
134 111
134 112
134 114
134 115
134 116
134 118
134 124
134 125
134 126
134 129
134 134
134 135
134 136
134 140
135 1
135 4
135 5
135 10
135 11
135 12
135 14
135 20
135 23
135 28
135 29
135 34
135 35
135 37
135 40
135 41
135 44
135 45
135 46
135 49
135 50
135 51
135 54
135 59
135 65
135 66
135 67
135 68
135 69
135 70
135 79
135 81
135 84
135 87
135 88
135 89
135 97
135 101
135 104
135 105
135 107
135 108
135 111
135 112
135 114
135 120
135 124
135 125
135 131
135 132
135 135
135 136
135 137
135 138
136 1
136 5
136 11
136 15
136 16
136 17
136 22
136 23
136 25
136 30
136 33
136 38
136 43
136 44
136 51
136 52
136 55
136 59
136 60
136 64
136 65
136 77
136 78
136 80
136 83
136 85
136 110
136 111
136 120
136 121
136 127
136 128
136 131
136 133
136 135
136 137
136 138
137 2
137 4
137 6
137 9
137 12
137 13
137 15
137 20
137 24
137 33
137 36
137 37
137 38
137 40
137 41
137 43
137 47
137 48
137 50
137 52
137 55
137 58
137 62
137 71
137 76
137 77
137 78
137 81
137 89
137 90
137 94
137 105
137 107
137 108
137 109
137 111
137 114
137 117
137 119
137 120
137 123
137 124
137 125
137 131
137 132
137 135
137 140
138 2
138 6
138 8
138 10
138 12
138 13
138 15
138 24
138 28
138 37
138 39
138 42
138 45
138 48
138 49
138 50
138 62
138 66
138 68
138 71
138 73
138 75
138 77
138 78
138 82
138 92
138 93
138 103
138 108
138 109
138 110
138 111
138 113
138 121
138 126
138 135
139 3
139 5
139 6
139 9
139 17
139 20
139 22
139 24
139 29
139 33
139 35
139 43
139 45
139 48
139 50
139 52
139 56
139 57
139 62
139 64
139 65
139 74
139 76
139 78
139 82
139 84
139 88
139 89
139 90
139 92
139 93
139 95
139 109
139 110
139 111
139 113
139 114
139 120
139 123
139 124
139 125
139 129
139 134
139 135
140 1
140 2
140 3
140 4
140 6
140 8
140 10
140 12
140 13
140 14
140 16
140 18
140 19
140 22
140 31
140 33
140 36
140 37
140 38
140 39
140 42
140 43
140 44
140 46
140 47
140 51
140 54
140 57
140 59
140 62
140 78
140 79
140 80
140 81
140 84
140 90
140 91
140 93
140 99
140 107
140 111
140 114
140 115
140 128
140 129
140 131
140 134
