100 100 2962
1 2
1 7
1 8
1 9
1 18
1 20
1 24
1 25
1 26
1 29
1 35
1 37
1 38
1 42
1 49
1 50
1 54
1 55
1 59
1 64
1 66
1 73
1 76
1 77
1 78
1 82
1 91
1 93
1 94
1 95
2 5
2 6
2 7
2 9
2 10
2 11
2 17
2 23
2 24
2 27
2 28
2 30
2 32
2 34
2 35
2 42
2 45
2 47
2 49
2 51
2 53
2 55
2 56
2 60
2 62
2 67
2 68
2 71
2 78
2 85
2 86
2 92
2 96
2 100
3 1
3 11
3 14
3 22
3 23
3 24
3 32
3 37
3 38
3 39
3 41
3 44
3 46
3 47
3 50
3 52
3 54
3 57
3 61
3 63
3 67
3 74
3 78
3 82
3 84
3 85
3 88
3 89
3 91
3 94
3 99
4 2
4 5
4 6
4 7
4 8
4 10
4 14
4 17
4 18
4 26
4 29
4 31
4 37
4 38
4 39
4 40
4 41
4 43
4 44
4 52
4 57
4 58
4 59
4 60
4 61
4 62
4 64
4 66
4 79
4 91
4 92
5 3
5 7
5 12
5 20
5 21
5 22
5 26
5 32
5 33
5 36
5 38
5 40
5 44
5 47
5 53
5 56
5 59
5 61
5 62
5 64
5 69
5 74
5 85
5 86
5 89
5 94
5 98
5 100
6 7
6 10
6 14
6 15
6 16
6 18
6 27
6 29
6 32
6 33
6 45
6 46
6 47
6 48
6 52
6 54
6 59
6 62
6 63
6 66
6 67
6 70
6 81
6 88
6 98
7 3
7 17
7 18
7 20
7 22
7 25
7 26
7 30
7 32
7 34
7 36
7 40
7 46
7 47
7 50
7 52
7 54
7 56
7 59
7 62
7 64
7 66
7 71
7 76
7 78
7 79
7 83
7 85
7 87
7 91
7 92
7 93
7 95
7 99
8 1
8 7
8 15
8 21
8 26
8 31
8 33
8 36
8 41
8 42
8 49
8 54
8 55
8 56
8 60
8 61
8 62
8 65
8 69
8 71
8 75
8 77
8 79
8 80
8 81
8 86
8 90
8 93
8 95
8 97
8 99
9 3
9 5
9 6
9 9
9 14
9 16
9 18
9 22
9 26
9 27
9 29
9 31
9 35
9 37
9 42
9 46
9 49
9 50
9 53
9 55
9 59
9 66
9 68
9 70
9 77
9 80
9 83
9 85
9 93
9 96
9 98
10 2
10 4
10 6
10 7
10 8
10 11
10 12
10 18
10 25
10 26
10 27
10 39
10 45
10 46
10 47
10 51
10 62
10 66
10 68
10 69
10 72
10 77
10 82
10 87
11 6
11 10
11 15
11 16
11 18
11 20
11 21
11 23
11 25
11 26
11 27
11 28
11 35
11 38
11 39
11 40
11 42
11 43
11 44
11 46
11 50
11 54
11 64
11 67
11 73
11 75
11 76
11 77
11 79
11 80
11 82
11 83
11 86
11 90
11 91
11 94
12 1
12 4
12 6
12 8
12 12
12 19
12 21
12 23
12 31
12 32
12 35
12 36
12 37
12 38
12 42
12 49
12 51
12 53
12 55
12 57
12 63
12 64
12 67
12 68
12 71
12 75
12 79
12 81
12 83
12 91
13 6
13 10
13 13
13 20
13 22
13 29
13 30
13 31
13 32
13 34
13 36
13 39
13 40
13 41
13 43
13 44
13 52
13 55
13 57
13 58
13 63
13 66
13 71
13 74
13 75
13 77
13 78
13 82
13 83
13 86
13 89
13 95
13 100
14 3
14 6
14 15
14 16
14 18
14 23
14 25
14 28
14 38
14 41
14 43
14 44
14 47
14 48
14 49
14 50
14 52
14 54
14 55
14 59
14 67
14 72
14 73
14 75
14 76
14 77
14 79
14 86
14 87
14 90
14 93
14 98
15 2
15 3
15 6
15 7
15 8
15 12
15 14
15 17
15 18
15 19
15 24
15 30
15 34
15 35
15 45
15 51
15 54
15 55
15 58
15 63
15 65
15 68
15 71
15 77
15 78
15 80
15 87
15 89
15 90
15 92
15 95
16 3
16 19
16 20
16 22
16 23
16 31
16 33
16 34
16 37
16 38
16 40
16 41
16 42
16 44
16 49
16 57
16 59
16 66
16 75
16 83
16 92
16 93
16 97
16 98
17 1
17 3
17 5
17 14
17 16
17 21
17 25
17 26
17 28
17 30
17 33
17 34
17 40
17 41
17 45
17 49
17 54
17 58
17 68
17 69
17 70
17 74
17 79
17 85
17 86
17 93
17 94
17 100
18 1
18 10
18 12
18 13
18 19
18 21
18 22
18 23
18 39
18 41
18 42
18 44
18 45
18 54
18 57
18 60
18 69
18 72
18 76
18 79
18 80
18 83
18 85
18 87
18 90
18 93
19 2
19 7
19 14
19 19
19 22
19 23
19 26
19 29
19 33
19 34
19 36
19 39
19 40
19 42
19 45
19 46
19 49
19 50
19 56
19 57
19 58
19 68
19 69
19 75
19 76
19 79
19 80
19 84
19 85
19 86
19 87
19 88
19 90
19 93
19 95
19 96
20 1
20 3
20 5
20 6
20 11
20 14
20 16
20 17
20 19
20 22
20 25
20 27
20 29
20 37
20 38
20 39
20 50
20 54
20 55
20 56
20 64
20 73
20 80
20 82
20 84
20 85
20 87
20 88
20 94
20 95
20 96
20 99
21 4
21 5
21 8
21 12
21 16
21 17
21 19
21 20
21 21
21 27
21 30
21 32
21 33
21 42
21 44
21 57
21 59
21 63
21 70
21 75
21 76
21 77
21 84
21 88
21 92
21 99
22 2
22 4
22 7
22 8
22 9
22 12
22 18
22 22
22 24
22 28
22 30
22 33
22 49
22 54
22 57
22 58
22 59
22 62
22 68
22 70
22 73
22 82
22 89
22 91
22 92
22 93
22 97
22 99
23 4
23 11
23 12
23 15
23 16
23 17
23 18
23 22
23 23
23 33
23 35
23 43
23 45
23 48
23 52
23 57
23 58
23 66
23 73
23 78
23 82
23 86
23 87
23 89
23 91
23 94
23 96
23 98
23 99
24 4
24 5
24 13
24 16
24 17
24 22
24 25
24 26
24 27
24 30
24 33
24 34
24 38
24 39
24 41
24 42
24 44
24 45
24 47
24 52
24 55
24 59
24 66
24 69
24 80
24 89
24 95
25 2
25 4
25 7
25 11
25 14
25 15
25 17
25 18
25 25
25 26
25 34
25 42
25 45
25 47
25 48
25 50
25 51
25 52
25 54
25 55
25 57
25 62
25 68
25 70
25 77
25 78
25 88
25 89
25 100
26 8
26 15
26 20
26 23
26 33
26 36
26 43
26 47
26 53
26 60
26 62
26 64
26 65
26 66
26 67
26 71
26 73
26 75
26 78
26 83
26 84
26 85
26 89
26 96
26 100
27 3
27 5
27 17
27 27
27 30
27 38
27 41
27 44
27 47
27 55
27 66
27 69
27 73
27 79
27 80
27 83
27 85
27 86
27 89
27 91
27 93
27 94
27 95
27 98
28 2
28 3
28 7
28 10
28 12
28 17
28 22
28 23
28 24
28 27
28 32
28 33
28 42
28 46
28 55
28 61
28 63
28 66
28 75
28 76
28 78
28 86
28 88
28 89
28 91
28 92
28 100
29 6
29 11
29 14
29 15
29 24
29 28
29 30
29 31
29 32
29 33
29 35
29 36
29 37
29 38
29 39
29 46
29 49
29 53
29 54
29 58
29 60
29 63
29 68
29 70
29 74
29 75
29 79
29 80
29 86
29 92
29 97
30 2
30 14
30 15
30 20
30 22
30 23
30 29
30 31
30 32
30 34
30 35
30 37
30 42
30 43
30 55
30 56
30 57
30 65
30 66
30 69
30 73
30 77
30 78
30 81
30 85
30 86
30 89
30 92
30 94
30 95
30 96
30 97
30 99
31 9
31 24
31 29
31 30
31 31
31 33
31 35
31 37
31 39
31 40
31 42
31 47
31 53
31 54
31 63
31 64
31 66
31 67
31 68
31 69
31 70
31 75
31 83
31 86
31 88
31 91
31 94
31 95
31 98
31 100
32 2
32 5
32 7
32 8
32 9
32 15
32 24
32 26
32 29
32 31
32 41
32 48
32 53
32 59
32 60
32 62
32 64
32 66
32 67
32 71
32 73
32 74
32 76
32 77
32 81
32 92
32 93
32 95
32 97
32 99
33 6
33 7
33 11
33 12
33 15
33 17
33 20
33 24
33 29
33 32
33 35
33 36
33 39
33 41
33 42
33 43
33 44
33 48
33 49
33 53
33 56
33 57
33 60
33 62
33 65
33 68
33 71
33 73
33 77
33 82
33 84
33 90
34 2
34 5
34 9
34 12
34 18
34 19
34 27
34 32
34 35
34 36
34 37
34 39
34 43
34 48
34 54
34 56
34 57
34 60
34 61
34 67
34 74
34 75
34 76
34 82
34 83
34 89
34 91
34 92
34 94
34 95
35 3
35 6
35 7
35 8
35 17
35 19
35 20
35 23
35 29
35 38
35 39
35 41
35 46
35 50
35 51
35 55
35 56
35 59
35 62
35 64
35 67
35 68
35 69
35 71
35 84
35 89
35 92
35 94
35 97
35 98
36 2
36 7
36 11
36 12
36 17
36 18
36 23
36 24
36 38
36 39
36 43
36 47
36 48
36 50
36 52
36 53
36 59
36 62
36 63
36 72
36 86
36 89
36 99
37 2
37 3
37 4
37 7
37 14
37 15
37 17
37 20
37 21
37 24
37 28
37 30
37 32
37 37
37 38
37 41
37 42
37 49
37 52
37 57
37 62
37 69
37 72
37 74
37 75
37 77
37 78
37 83
37 85
37 86
37 87
37 88
37 92
37 93
37 97
38 4
38 5
38 14
38 17
38 18
38 19
38 20
38 22
38 23
38 24
38 27
38 31
38 33
38 36
38 37
38 38
38 39
38 40
38 41
38 42
38 43
38 44
38 47
38 48
38 49
38 56
38 57
38 63
38 65
38 70
38 71
38 85
38 87
38 88
38 93
38 94
38 99
39 6
39 11
39 12
39 18
39 22
39 24
39 26
39 29
39 43
39 48
39 49
39 52
39 57
39 58
39 61
39 67
39 73
39 75
39 76
39 79
39 97
39 99
40 1
40 3
40 4
40 5
40 6
40 10
40 12
40 22
40 23
40 31
40 32
40 37
40 40
40 45
40 47
40 49
40 50
40 52
40 54
40 56
40 60
40 63
40 65
40 67
40 73
40 77
40 80
40 81
40 85
40 92
40 95
40 96
40 99
41 2
41 4
41 9
41 11
41 15
41 16
41 21
41 35
41 37
41 42
41 52
41 53
41 61
41 62
41 64
41 71
41 74
41 76
41 77
41 83
41 86
41 88
41 96
41 98
42 8
42 9
42 10
42 13
42 14
42 15
42 18
42 19
42 22
42 32
42 37
42 44
42 46
42 50
42 52
42 57
42 59
42 60
42 62
42 63
42 64
42 66
42 69
42 73
42 77
42 78
42 81
42 83
42 84
42 88
42 89
42 90
42 96
42 100
43 2
43 3
43 5
43 6
43 8
43 25
43 28
43 31
43 35
43 43
43 44
43 45
43 46
43 47
43 48
43 50
43 54
43 59
43 60
43 65
43 69
43 72
43 74
43 82
43 83
43 85
43 88
43 91
43 92
43 94
43 97
43 99
44 6
44 14
44 17
44 18
44 19
44 22
44 24
44 25
44 28
44 31
44 36
44 37
44 39
44 40
44 52
44 56
44 59
44 64
44 65
44 67
44 78
44 80
44 84
44 86
44 87
44 90
44 94
44 95
44 96
44 98
45 2
45 6
45 11
45 14
45 16
45 17
45 24
45 26
45 29
45 37
45 40
45 43
45 46
45 47
45 49
45 51
45 56
45 57
45 64
45 66
45 69
45 74
45 81
45 83
45 86
45 88
45 95
45 97
45 99
46 3
46 9
46 17
46 19
46 21
46 27
46 30
46 34
46 39
46 40
46 41
46 45
46 46
46 48
46 55
46 57
46 58
46 60
46 62
46 64
46 65
46 67
46 68
46 70
46 74
46 82
46 85
46 86
46 88
46 91
46 92
46 93
46 94
46 96
46 98
46 100
47 7
47 8
47 12
47 21
47 29
47 33
47 43
47 46
47 51
47 64
47 68
47 70
47 73
47 75
47 78
47 79
47 80
47 82
47 83
47 89
47 91
47 92
47 94
48 1
48 3
48 6
48 10
48 16
48 20
48 30
48 32
48 34
48 38
48 39
48 46
48 49
48 51
48 52
48 53
48 56
48 57
48 60
48 62
48 64
48 66
48 68
48 69
48 72
48 73
48 74
48 75
48 76
48 77
48 78
48 86
48 88
48 92
48 93
48 96
48 100
49 1
49 3
49 12
49 18
49 20
49 27
49 29
49 36
49 42
49 48
49 49
49 50
49 54
49 55
49 61
49 62
49 63
49 71
49 72
49 79
49 81
49 96
49 97
49 98
50 3
50 4
50 5
50 12
50 18
50 20
50 23
50 25
50 27
50 28
50 31
50 33
50 40
50 43
50 44
50 48
50 53
50 54
50 58
50 59
50 60
50 65
50 68
50 73
50 74
50 79
50 83
50 84
50 90
50 92
50 95
50 98
51 1
51 2
51 6
51 9
51 12
51 14
51 15
51 19
51 22
51 25
51 27
51 28
51 30
51 31
51 34
51 35
51 37
51 45
51 52
51 58
51 68
51 71
51 78
51 84
51 91
51 94
51 97
52 1
52 3
52 19
52 26
52 27
52 28
52 29
52 34
52 35
52 36
52 40
52 44
52 45
52 47
52 48
52 50
52 51
52 52
52 54
52 57
52 61
52 63
52 64
52 67
52 69
52 70
52 74
52 79
52 80
52 82
52 84
52 89
52 97
52 98
53 16
53 17
53 19
53 29
53 36
53 38
53 40
53 42
53 53
53 59
53 60
53 62
53 63
53 65
53 67
53 68
53 69
53 73
53 75
53 79
53 80
53 83
53 85
53 87
53 89
53 92
53 100
54 2
54 4
54 8
54 12
54 18
54 23
54 30
54 31
54 37
54 44
54 47
54 48
54 51
54 52
54 60
54 61
54 64
54 90
54 98
55 1
55 2
55 4
55 6
55 7
55 10
55 15
55 17
55 21
55 22
55 24
55 28
55 29
55 31
55 36
55 38
55 43
55 47
55 49
55 53
55 57
55 58
55 60
55 62
55 63
55 64
55 68
55 69
55 72
55 79
55 83
55 84
55 86
55 87
55 88
55 89
55 92
55 99
56 1
56 4
56 8
56 10
56 13
56 14
56 17
56 18
56 21
56 23
56 26
56 32
56 52
56 60
56 62
56 63
56 64
56 67
56 68
56 72
56 73
56 74
56 75
56 84
56 86
56 89
56 90
56 91
56 97
57 2
57 5
57 7
57 17
57 18
57 19
57 20
57 21
57 25
57 27
57 33
57 38
57 47
57 48
57 57
57 58
57 63
57 64
57 72
57 74
57 77
57 80
57 88
57 91
57 92
57 94
57 96
58 1
58 4
58 8
58 9
58 10
58 12
58 16
58 27
58 32
58 34
58 38
58 39
58 43
58 49
58 50
58 53
58 55
58 57
58 58
58 60
58 65
58 67
58 71
58 74
58 76
58 78
58 81
58 83
58 87
58 89
58 91
58 92
58 96
58 98
58 99
59 7
59 8
59 13
59 16
59 17
59 22
59 29
59 30
59 34
59 41
59 42
59 43
59 47
59 51
59 53
59 56
59 59
59 62
59 64
59 67
59 71
59 73
59 74
59 80
59 84
59 86
59 91
59 94
59 98
60 2
60 3
60 7
60 8
60 13
60 20
60 24
60 25
60 26
60 31
60 34
60 40
60 43
60 44
60 46
60 48
60 49
60 57
60 61
60 64
60 71
60 72
60 82
60 83
60 87
60 90
60 92
60 95
60 98
60 99
61 4
61 6
61 7
61 10
61 11
61 20
61 21
61 26
61 29
61 33
61 34
61 35
61 38
61 43
61 47
61 48
61 55
61 57
61 60
61 66
61 69
61 74
61 76
61 84
61 94
61 100
62 3
62 5
62 6
62 7
62 21
62 23
62 26
62 34
62 35
62 37
62 43
62 44
62 45
62 53
62 54
62 55
62 59
62 60
62 66
62 67
62 69
62 72
62 73
62 75
62 81
62 84
62 86
62 89
62 95
62 96
62 100
63 6
63 12
63 15
63 17
63 20
63 24
63 28
63 30
63 31
63 35
63 37
63 41
63 43
63 46
63 50
63 51
63 55
63 59
63 61
63 67
63 68
63 73
63 81
63 82
63 83
63 90
63 95
63 96
63 97
63 100
64 7
64 8
64 9
64 20
64 21
64 22
64 27
64 30
64 33
64 36
64 43
64 44
64 51
64 54
64 57
64 60
64 65
64 66
64 75
64 77
64 78
64 79
64 80
64 81
64 82
64 85
64 89
64 100
65 7
65 8
65 13
65 14
65 15
65 29
65 30
65 33
65 37
65 42
65 45
65 46
65 47
65 48
65 53
65 55
65 57
65 61
65 63
65 65
65 68
65 76
65 81
65 82
65 86
65 91
65 94
65 96
65 98
65 99
66 1
66 8
66 10
66 11
66 13
66 14
66 15
66 23
66 27
66 35
66 37
66 42
66 48
66 50
66 54
66 58
66 60
66 61
66 68
66 74
66 84
66 85
66 89
66 90
66 91
66 94
66 100
67 7
67 10
67 11
67 16
67 22
67 28
67 35
67 37
67 42
67 46
67 50
67 52
67 53
67 58
67 59
67 61
67 68
67 71
67 79
67 81
67 82
67 83
67 84
67 86
67 87
67 89
67 93
67 95
67 97
68 1
68 3
68 9
68 11
68 21
68 23
68 31
68 36
68 37
68 47
68 48
68 53
68 62
68 63
68 64
68 69
68 72
68 73
68 74
68 75
68 79
68 84
68 85
68 86
68 90
68 92
68 93
68 97
68 100
69 2
69 10
69 11
69 13
69 15
69 19
69 23
69 34
69 35
69 38
69 49
69 51
69 52
69 54
69 57
69 58
69 61
69 67
69 74
69 78
69 79
69 82
69 84
69 85
69 90
69 92
69 94
69 99
70 7
70 11
70 12
70 13
70 26
70 28
70 32
70 40
70 50
70 51
70 52
70 60
70 67
70 71
70 73
70 74
70 78
70 83
70 84
70 87
70 89
70 91
70 94
70 95
70 97
70 100
71 2
71 5
71 7
71 12
71 13
71 15
71 20
71 22
71 25
71 26
71 29
71 30
71 32
71 39
71 48
71 49
71 50
71 65
71 69
71 70
71 73
71 75
71 76
71 77
71 81
71 83
71 84
71 88
71 89
71 90
71 91
71 96
71 97
71 100
72 3
72 5
72 6
72 8
72 16
72 19
72 22
72 25
72 26
72 27
72 29
72 30
72 31
72 32
72 39
72 40
72 43
72 44
72 46
72 57
72 59
72 61
72 62
72 74
72 76
72 77
72 78
72 79
72 80
72 86
72 96
72 100
73 1
73 3
73 8
73 20
73 24
73 29
73 31
73 34
73 48
73 53
73 54
73 58
73 59
73 64
73 76
73 77
73 79
73 81
73 82
73 86
73 91
73 93
73 96
74 1
74 10
74 15
74 16
74 17
74 21
74 22
74 23
74 24
74 26
74 27
74 32
74 38
74 41
74 43
74 44
74 56
74 60
74 61
74 64
74 69
74 74
74 75
74 82
74 84
74 91
74 99
75 1
75 7
75 8
75 11
75 12
75 13
75 16
75 21
75 28
75 31
75 34
75 36
75 43
75 44
75 45
75 55
75 56
75 59
75 63
75 69
75 73
75 74
75 75
75 80
75 84
75 85
75 86
75 87
75 91
75 92
75 95
75 98
76 1
76 6
76 13
76 14
76 16
76 19
76 20
76 21
76 23
76 25
76 28
76 30
76 34
76 36
76 37
76 38
76 39
76 45
76 49
76 50
76 52
76 55
76 57
76 61
76 63
76 65
76 67
76 68
76 70
76 71
76 73
76 76
76 77
76 78
76 83
76 89
76 91
76 92
76 94
76 95
77 1
77 3
77 5
77 9
77 13
77 17
77 19
77 21
77 24
77 25
77 26
77 31
77 34
77 36
77 42
77 53
77 61
77 63
77 67
77 70
77 72
77 90
77 92
77 96
77 98
77 99
77 100
78 3
78 5
78 6
78 7
78 13
78 24
78 26
78 28
78 31
78 37
78 42
78 46
78 53
78 54
78 59
78 61
78 69
78 72
78 73
78 74
78 75
78 81
78 83
78 86
78 88
78 93
78 97
79 8
79 12
79 13
79 17
79 19
79 21
79 24
79 25
79 29
79 30
79 31
79 33
79 37
79 39
79 45
79 50
79 54
79 56
79 57
79 63
79 65
79 75
79 78
79 79
79 84
79 94
79 96
79 98
79 99
79 100
80 1
80 5
80 17
80 21
80 23
80 25
80 28
80 36
80 39
80 40
80 42
80 43
80 51
80 52
80 61
80 64
80 68
80 72
80 76
80 78
80 79
80 80
80 83
80 84
80 86
80 89
80 91
80 93
80 96
81 2
81 5
81 7
81 14
81 18
81 28
81 29
81 30
81 32
81 35
81 36
81 38
81 42
81 64
81 71
81 76
81 79
81 87
81 91
81 92
81 93
82 1
82 8
82 11
82 12
82 15
82 27
82 32
82 40
82 49
82 50
82 54
82 57
82 59
82 64
82 69
82 70
82 75
82 78
82 80
82 82
82 87
82 88
82 89
82 92
82 97
82 99
83 4
83 6
83 7
83 10
83 11
83 13
83 18
83 28
83 40
83 42
83 45
83 49
83 50
83 51
83 52
83 58
83 60
83 68
83 71
83 75
83 78
83 90
83 95
83 97
83 100
84 1
84 4
84 5
84 9
84 10
84 14
84 15
84 16
84 17
84 20
84 22
84 25
84 27
84 32
84 33
84 37
84 42
84 45
84 46
84 50
84 54
84 56
84 59
84 65
84 67
84 74
84 77
84 80
84 81
84 86
84 89
84 90
84 92
84 93
84 94
85 3
85 4
85 14
85 16
85 25
85 33
85 37
85 42
85 43
85 49
85 50
85 52
85 53
85 54
85 55
85 56
85 57
85 58
85 63
85 64
85 75
85 76
85 77
85 78
85 80
85 89
85 90
85 92
85 94
85 96
86 2
86 4
86 12
86 15
86 16
86 26
86 32
86 33
86 37
86 39
86 41
86 42
86 44
86 45
86 51
86 53
86 55
86 56
86 62
86 68
86 69
86 70
86 77
86 79
86 93
86 97
86 98
86 99
87 1
87 7
87 8
87 13
87 19
87 20
87 22
87 25
87 30
87 33
87 37
87 44
87 46
87 50
87 53
87 64
87 68
87 77
87 78
87 81
87 82
87 84
87 88
87 92
87 93
87 94
87 95
87 98
88 1
88 2
88 5
88 7
88 8
88 9
88 11
88 13
88 15
88 18
88 23
88 26
88 33
88 42
88 43
88 53
88 56
88 61
88 63
88 68
88 79
88 80
88 85
88 86
88 87
88 90
88 94
88 96
89 1
89 3
89 6
89 7
89 8
89 13
89 14
89 15
89 16
89 21
89 22
89 23
89 25
89 28
89 30
89 31
89 32
89 43
89 44
89 49
89 53
89 61
89 62
89 65
89 67
89 69
89 77
89 79
89 82
89 94
89 95
89 97
89 98
90 2
90 5
90 13
90 14
90 19
90 20
90 21
90 24
90 27
90 30
90 33
90 39
90 45
90 46
90 58
90 59
90 60
90 70
90 73
90 74
90 76
90 78
90 83
90 84
90 97
91 5
91 11
91 16
91 20
91 28
91 30
91 33
91 34
91 36
91 37
91 43
91 47
91 49
91 50
91 52
91 62
91 63
91 69
91 71
91 73
91 74
91 75
91 77
91 79
91 84
91 85
91 92
91 95
91 100
92 3
92 4
92 6
92 8
92 9
92 10
92 13
92 14
92 15
92 20
92 23
92 29
92 42
92 47
92 48
92 49
92 51
92 53
92 57
92 64
92 69
92 71
92 73
92 74
92 76
92 77
92 79
92 80
92 81
92 86
92 90
92 92
92 93
92 95
92 97
92 98
92 99
93 1
93 4
93 7
93 8
93 9
93 13
93 22
93 33
93 36
93 37
93 38
93 40
93 41
93 43
93 49
93 50
93 55
93 57
93 58
93 60
93 71
93 79
93 80
93 83
93 89
93 91
93 94
93 96
93 97
93 100
94 4
94 5
94 6
94 8
94 17
94 27
94 28
94 34
94 36
94 40
94 43
94 44
94 45
94 53
94 55
94 61
94 64
94 65
94 66
94 67
94 68
94 69
94 70
94 73
94 74
94 77
94 79
94 80
94 81
94 82
94 84
94 86
94 93
94 96
94 99
95 1
95 2
95 3
95 4
95 20
95 23
95 25
95 28
95 30
95 35
95 40
95 43
95 45
95 48
95 51
95 64
95 65
95 66
95 67
95 68
95 69
95 73
95 74
95 78
95 79
95 80
95 83
95 85
95 86
95 88
95 94
96 1
96 2
96 4
96 6
96 12
96 16
96 18
96 23
96 24
96 25
96 27
96 32
96 33
96 35
96 37
96 38
96 47
96 48
96 52
96 53
96 56
96 57
96 60
96 61
96 62
96 63
96 68
96 69
96 70
96 75
96 79
96 81
96 82
96 85
96 92
96 99
97 1
97 3
97 4
97 5
97 6
97 11
97 14
97 19
97 21
97 25
97 29
97 30
97 37
97 48
97 51
97 59
97 62
97 63
97 66
97 73
97 78
97 80
97 83
97 89
97 91
97 94
97 95
97 99
98 1
98 4
98 9
98 11
98 12
98 14
98 17
98 19
98 20
98 23
98 30
98 35
98 37
98 38
98 41
98 42
98 47
98 51
98 52
98 53
98 54
98 59
98 69
98 73
98 76
98 81
98 87
98 91
98 96
98 97
98 98
98 99
99 4
99 10
99 15
99 16
99 17
99 23
99 25
99 29
99 30
99 32
99 34
99 42
99 62
99 63
99 64
99 67
99 68
99 70
99 73
99 84
99 87
99 88
99 89
99 93
99 99
100 1
100 2
100 7
100 9
100 11
100 15
100 16
100 18
100 24
100 25
100 26
100 29
100 32
100 34
100 36
100 37
100 39
100 41
100 43
100 45
100 53
100 57
100 59
100 62
100 65
100 72
100 76
100 79
100 83
100 93
100 96
