180 180 9728
1 10
1 13
1 15
1 20
1 21
1 24
1 25
1 29
1 30
1 36
1 37
1 45
1 48
1 56
1 57
1 64
1 65
1 67
1 68
1 72
1 77
1 80
1 81
1 82
1 84
1 85
1 88
1 90
1 91
1 93
1 99
1 105
1 112
1 113
1 114
1 116
1 119
1 122
1 126
1 127
1 136
1 138
1 139
1 140
1 143
1 145
1 148
1 152
1 153
1 169
1 170
1 176
2 1
2 6
2 12
2 13
2 17
2 20
2 22
2 25
2 26
2 33
2 34
2 45
2 51
2 54
2 55
2 60
2 61
2 62
2 63
2 65
2 68
2 69
2 71
2 83
2 88
2 90
2 92
2 95
2 99
2 100
2 105
2 108
2 109
2 116
2 117
2 123
2 140
2 146
2 149
2 152
2 157
2 161
2 162
2 164
2 173
2 175
2 177
3 2
3 5
3 9
3 12
3 18
3 19
3 21
3 23
3 24
3 28
3 30
3 45
3 47
3 48
3 50
3 51
3 57
3 60
3 65
3 67
3 70
3 72
3 76
3 77
3 78
3 81
3 86
3 89
3 91
3 93
3 94
3 105
3 106
3 107
3 112
3 115
3 118
3 119
3 120
3 122
3 124
3 126
3 134
3 136
3 137
3 138
3 140
3 145
3 148
3 151
3 152
3 153
3 157
3 159
3 161
3 164
3 165
3 166
3 169
3 171
3 175
4 2
4 8
4 9
4 12
4 16
4 17
4 23
4 24
4 28
4 29
4 31
4 32
4 43
4 44
4 53
4 57
4 59
4 61
4 62
4 63
4 64
4 66
4 69
4 72
4 73
4 77
4 81
4 83
4 96
4 97
4 99
4 100
4 102
4 112
4 113
4 115
4 120
4 124
4 133
4 137
4 139
4 152
4 154
4 158
4 162
4 163
4 172
4 175
4 176
5 1
5 2
5 4
5 6
5 8
5 9
5 10
5 13
5 17
5 19
5 21
5 22
5 24
5 27
5 32
5 34
5 35
5 40
5 41
5 42
5 45
5 46
5 48
5 57
5 64
5 69
5 72
5 73
5 75
5 77
5 79
5 85
5 86
5 87
5 88
5 92
5 93
5 97
5 98
5 99
5 100
5 103
5 109
5 122
5 123
5 126
5 130
5 132
5 137
5 138
5 140
5 141
5 142
5 148
5 149
5 155
5 158
5 159
5 160
5 161
5 167
5 168
5 169
5 174
5 178
5 179
5 180
6 2
6 3
6 11
6 12
6 15
6 26
6 31
6 32
6 33
6 35
6 38
6 42
6 43
6 44
6 53
6 54
6 59
6 61
6 62
6 65
6 66
6 69
6 71
6 82
6 83
6 84
6 93
6 95
6 101
6 107
6 108
6 111
6 113
6 114
6 117
6 118
6 123
6 126
6 128
6 129
6 131
6 134
6 137
6 140
6 142
6 148
6 149
6 156
6 159
6 160
6 163
6 167
6 170
6 171
6 176
6 177
7 2
7 4
7 7
7 15
7 19
7 23
7 25
7 26
7 27
7 30
7 31
7 38
7 42
7 43
7 48
7 54
7 57
7 62
7 65
7 69
7 72
7 80
7 81
7 82
7 87
7 101
7 105
7 108
7 114
7 117
7 127
7 128
7 132
7 140
7 141
7 142
7 144
7 147
7 152
7 153
7 154
7 162
7 171
7 172
7 176
8 5
8 6
8 7
8 8
8 12
8 15
8 17
8 21
8 26
8 31
8 34
8 38
8 41
8 45
8 50
8 53
8 54
8 55
8 59
8 60
8 61
8 65
8 69
8 72
8 73
8 76
8 77
8 80
8 81
8 83
8 89
8 96
8 97
8 113
8 117
8 124
8 125
8 127
8 138
8 141
8 147
8 148
8 150
8 151
8 156
8 157
8 160
8 167
8 169
8 173
9 2
9 5
9 8
9 14
9 15
9 16
9 17
9 20
9 22
9 24
9 32
9 33
9 37
9 40
9 41
9 43
9 45
9 48
9 50
9 54
9 59
9 61
9 62
9 66
9 69
9 70
9 73
9 74
9 78
9 80
9 82
9 85
9 88
9 90
9 96
9 97
9 99
9 100
9 111
9 112
9 115
9 120
9 121
9 122
9 125
9 129
9 130
9 132
9 137
9 139
9 140
9 144
9 146
9 149
9 165
9 168
9 169
9 170
10 4
10 17
10 19
10 23
10 24
10 26
10 28
10 29
10 30
10 33
10 35
10 37
10 42
10 45
10 51
10 57
10 62
10 64
10 65
10 66
10 70
10 74
10 77
10 79
10 80
10 88
10 93
10 102
10 110
10 113
10 118
10 126
10 133
10 136
10 137
10 149
10 150
10 152
10 158
10 168
10 174
10 176
10 177
11 9
11 10
11 11
11 14
11 16
11 17
11 19
11 26
11 29
11 33
11 35
11 40
11 42
11 43
11 46
11 48
11 57
11 60
11 69
11 72
11 73
11 83
11 88
11 94
11 107
11 108
11 113
11 114
11 118
11 124
11 125
11 131
11 137
11 141
11 143
11 144
11 146
11 147
11 148
11 150
11 157
11 160
11 161
11 162
11 165
11 166
11 170
11 179
12 1
12 2
12 4
12 8
12 11
12 12
12 15
12 17
12 25
12 26
12 38
12 45
12 48
12 49
12 50
12 52
12 53
12 61
12 62
12 67
12 68
12 69
12 71
12 77
12 82
12 83
12 87
12 88
12 89
12 91
12 92
12 93
12 94
12 100
12 108
12 109
12 110
12 116
12 119
12 127
12 128
12 136
12 137
12 138
12 144
12 146
12 153
12 154
12 156
12 157
12 161
12 166
12 168
12 169
12 171
12 172
12 173
12 176
12 178
13 5
13 6
13 9
13 13
13 15
13 16
13 21
13 28
13 29
13 30
13 33
13 35
13 37
13 38
13 39
13 40
13 45
13 51
13 57
13 58
13 60
13 64
13 70
13 72
13 74
13 81
13 83
13 85
13 88
13 92
13 95
13 96
13 97
13 100
13 102
13 106
13 107
13 108
13 113
13 115
13 117
13 118
13 119
13 130
13 137
13 139
13 143
13 145
13 146
13 147
13 152
13 157
13 159
13 161
13 162
13 167
13 169
13 170
13 174
13 175
13 180
14 2
14 4
14 6
14 8
14 9
14 17
14 18
14 22
14 26
14 33
14 38
14 39
14 40
14 42
14 49
14 51
14 54
14 56
14 57
14 64
14 66
14 67
14 71
14 72
14 77
14 79
14 81
14 82
14 87
14 88
14 89
14 93
14 99
14 104
14 107
14 108
14 114
14 122
14 123
14 125
14 128
14 138
14 141
14 145
14 148
14 151
14 152
14 153
14 162
14 170
14 175
14 179
15 1
15 4
15 9
15 12
15 13
15 14
15 18
15 21
15 23
15 24
15 27
15 29
15 30
15 33
15 36
15 37
15 44
15 46
15 47
15 51
15 56
15 57
15 61
15 65
15 67
15 69
15 70
15 73
15 75
15 76
15 78
15 82
15 85
15 87
15 89
15 91
15 92
15 93
15 96
15 107
15 112
15 113
15 114
15 120
15 121
15 123
15 127
15 130
15 133
15 137
15 141
15 144
15 148
15 152
15 155
15 157
15 158
15 159
15 170
15 172
15 174
15 178
16 1
16 9
16 10
16 14
16 15
16 31
16 32
16 35
16 38
16 40
16 45
16 49
16 52
16 59
16 65
16 70
16 76
16 77
16 78
16 79
16 82
16 85
16 86
16 91
16 92
16 99
16 101
16 105
16 106
16 110
16 114
16 116
16 117
16 122
16 123
16 126
16 127
16 132
16 134
16 137
16 138
16 146
16 151
16 155
16 156
16 169
16 170
16 173
16 175
16 178
16 179
17 1
17 3
17 5
17 7
17 13
17 14
17 17
17 18
17 20
17 21
17 24
17 27
17 28
17 33
17 38
17 39
17 41
17 44
17 45
17 47
17 49
17 51
17 52
17 53
17 54
17 57
17 61
17 62
17 66
17 71
17 72
17 73
17 78
17 82
17 86
17 87
17 92
17 94
17 96
17 104
17 112
17 117
17 119
17 123
17 128
17 132
17 136
17 138
17 142
17 147
17 150
17 165
17 168
17 171
17 175
17 177
17 179
17 180
18 2
18 6
18 9
18 12
18 17
18 21
18 23
18 27
18 29
18 30
18 31
18 35
18 37
18 38
18 41
18 45
18 47
18 48
18 49
18 51
18 53
18 54
18 56
18 57
18 62
18 63
18 64
18 67
18 69
18 71
18 73
18 76
18 78
18 79
18 82
18 83
18 90
18 91
18 93
18 94
18 96
18 105
18 107
18 108
18 112
18 115
18 117
18 121
18 123
18 126
18 128
18 129
18 131
18 137
18 138
18 139
18 149
18 151
18 152
18 158
18 160
18 161
18 163
18 164
18 172
18 177
19 7
19 8
19 13
19 14
19 17
19 18
19 21
19 23
19 24
19 25
19 26
19 34
19 35
19 39
19 50
19 52
19 62
19 63
19 65
19 69
19 70
19 72
19 79
19 82
19 86
19 88
19 90
19 91
19 93
19 94
19 95
19 96
19 98
19 105
19 106
19 109
19 117
19 120
19 125
19 127
19 135
19 140
19 144
19 145
19 150
19 152
19 153
19 154
19 156
19 158
19 162
19 163
19 164
19 166
19 167
19 168
19 169
19 170
19 171
19 175
19 176
19 177
19 180
20 1
20 3
20 5
20 9
20 11
20 12
20 16
20 18
20 24
20 36
20 41
20 44
20 46
20 50
20 55
20 62
20 65
20 66
20 68
20 71
20 78
20 81
20 85
20 86
20 87
20 88
20 89
20 90
20 92
20 93
20 94
20 103
20 104
20 108
20 110
20 116
20 118
20 119
20 120
20 121
20 131
20 134
20 136
20 137
20 138
20 139
20 144
20 146
20 147
20 148
20 149
20 155
20 157
20 158
20 159
20 160
20 161
20 165
20 169
20 173
20 177
21 5
21 6
21 12
21 17
21 19
21 21
21 25
21 28
21 31
21 38
21 40
21 48
21 49
21 53
21 54
21 58
21 62
21 65
21 68
21 71
21 73
21 82
21 83
21 84
21 86
21 90
21 93
21 95
21 97
21 98
21 102
21 103
21 106
21 107
21 113
21 121
21 122
21 126
21 128
21 130
21 131
21 137
21 138
21 139
21 140
21 153
21 154
21 156
21 163
21 165
21 166
21 175
21 178
22 2
22 5
22 7
22 8
22 12
22 16
22 19
22 27
22 31
22 35
22 39
22 40
22 46
22 47
22 54
22 60
22 64
22 69
22 73
22 76
22 77
22 78
22 83
22 88
22 89
22 99
22 100
22 103
22 105
22 107
22 110
22 115
22 117
22 120
22 126
22 130
22 133
22 141
22 144
22 146
22 147
22 149
22 151
22 153
22 155
22 179
23 1
23 6
23 7
23 12
23 15
23 18
23 19
23 20
23 21
23 22
23 23
23 24
23 25
23 26
23 27
23 28
23 29
23 30
23 33
23 34
23 36
23 38
23 43
23 45
23 46
23 49
23 51
23 56
23 57
23 58
23 65
23 66
23 68
23 69
23 74
23 82
23 83
23 86
23 88
23 92
23 103
23 108
23 109
23 110
23 118
23 120
23 121
23 127
23 129
23 134
23 136
23 141
23 147
23 148
23 150
23 151
23 154
23 156
23 157
23 158
23 163
23 165
23 170
23 171
23 173
23 176
23 179
23 180
24 1
24 4
24 8
24 15
24 18
24 21
24 25
24 26
24 30
24 34
24 38
24 39
24 43
24 44
24 46
24 50
24 53
24 55
24 56
24 66
24 67
24 68
24 69
24 73
24 74
24 79
24 80
24 84
24 90
24 94
24 97
24 105
24 106
24 107
24 109
24 111
24 112
24 116
24 126
24 127
24 128
24 134
24 139
24 142
24 148
24 150
24 152
24 156
24 158
24 159
24 164
24 169
24 176
25 1
25 7
25 9
25 19
25 29
25 32
25 35
25 39
25 42
25 44
25 47
25 48
25 50
25 51
25 52
25 62
25 66
25 68
25 72
25 82
25 85
25 88
25 94
25 95
25 96
25 97
25 98
25 100
25 101
25 102
25 107
25 110
25 115
25 116
25 118
25 123
25 125
25 126
25 129
25 137
25 151
25 152
25 153
25 155
25 156
25 157
25 160
25 165
25 169
25 172
25 174
25 175
25 178
25 180
26 6
26 7
26 9
26 14
26 15
26 18
26 19
26 23
26 25
26 26
26 30
26 33
26 43
26 49
26 51
26 52
26 57
26 59
26 60
26 62
26 66
26 71
26 72
26 77
26 79
26 82
26 84
26 85
26 88
26 93
26 99
26 100
26 101
26 103
26 108
26 110
26 114
26 119
26 124
26 126
26 134
26 135
26 136
26 140
26 142
26 145
26 148
26 149
26 150
26 153
26 155
26 156
26 159
26 160
26 161
26 165
26 166
26 168
26 169
26 171
26 173
26 174
26 177
26 180
27 9
27 10
27 11
27 14
27 16
27 23
27 25
27 26
27 36
27 38
27 39
27 41
27 42
27 43
27 45
27 50
27 51
27 54
27 56
27 61
27 63
27 64
27 71
27 74
27 78
27 90
27 96
27 99
27 101
27 102
27 103
27 105
27 114
27 116
27 121
27 126
27 127
27 132
27 137
27 142
27 145
27 147
27 149
27 150
27 154
27 157
27 158
27 161
27 162
27 163
27 166
27 173
27 179
28 6
28 17
28 21
28 22
28 25
28 26
28 32
28 36
28 42
28 46
28 54
28 55
28 56
28 58
28 65
28 69
28 71
28 77
28 81
28 83
28 97
28 98
28 102
28 103
28 104
28 105
28 107
28 109
28 110
28 112
28 113
28 116
28 117
28 118
28 120
28 127
28 131
28 134
28 136
28 139
28 146
28 147
28 151
28 156
28 159
28 161
28 163
28 167
28 173
29 4
29 6
29 11
29 14
29 15
29 18
29 19
29 21
29 23
29 29
29 34
29 43
29 46
29 49
29 51
29 52
29 59
29 61
29 62
29 74
29 78
29 85
29 92
29 94
29 95
29 97
29 98
29 101
29 111
29 114
29 116
29 120
29 121
29 126
29 131
29 135
29 136
29 137
29 141
29 144
29 158
29 162
29 163
29 166
29 167
29 168
29 169
29 172
29 173
29 179
30 1
30 4
30 6
30 19
30 21
30 22
30 23
30 30
30 42
30 45
30 55
30 56
30 58
30 59
30 60
30 64
30 67
30 68
30 69
30 71
30 77
30 79
30 83
30 85
30 86
30 87
30 92
30 94
30 95
30 96
30 99
30 102
30 105
30 108
30 118
30 120
30 122
30 125
30 134
30 136
30 139
30 143
30 146
30 149
30 150
30 154
30 156
30 160
30 162
30 171
30 176
30 177
30 180
31 1
31 4
31 5
31 6
31 7
31 10
31 13
31 16
31 21
31 23
31 24
31 31
31 32
31 34
31 35
31 45
31 48
31 49
31 52
31 58
31 60
31 63
31 64
31 65
31 68
31 74
31 75
31 78
31 79
31 80
31 84
31 85
31 88
31 92
31 97
31 98
31 104
31 105
31 107
31 113
31 115
31 116
31 120
31 124
31 128
31 129
31 132
31 137
31 157
31 159
31 162
31 169
31 175
31 180
32 2
32 4
32 7
32 8
32 9
32 14
32 17
32 19
32 20
32 25
32 26
32 28
32 34
32 35
32 38
32 45
32 46
32 48
32 53
32 56
32 57
32 61
32 68
32 76
32 82
32 84
32 90
32 95
32 98
32 108
32 110
32 111
32 125
32 127
32 136
32 137
32 138
32 140
32 147
32 151
32 155
32 161
32 162
32 163
32 164
32 170
32 172
32 175
32 176
32 177
32 180
33 2
33 6
33 12
33 13
33 15
33 16
33 19
33 20
33 22
33 24
33 30
33 31
33 34
33 37
33 52
33 54
33 56
33 57
33 65
33 67
33 68
33 70
33 71
33 75
33 87
33 90
33 99
33 103
33 104
33 106
33 107
33 112
33 115
33 119
33 122
33 123
33 125
33 127
33 130
33 131
33 133
33 134
33 137
33 138
33 146
33 161
33 164
33 170
33 176
33 178
33 179
34 1
34 6
34 10
34 12
34 14
34 15
34 18
34 19
34 22
34 23
34 29
34 30
34 32
34 35
34 47
34 49
34 50
34 51
34 54
34 56
34 58
34 64
34 73
34 74
34 76
34 80
34 82
34 88
34 89
34 98
34 104
34 107
34 108
34 110
34 111
34 112
34 113
34 114
34 118
34 121
34 122
34 128
34 134
34 135
34 137
34 143
34 145
34 150
34 157
34 158
34 162
34 167
34 173
34 177
34 178
35 3
35 4
35 7
35 8
35 10
35 14
35 15
35 16
35 23
35 24
35 25
35 30
35 33
35 35
35 39
35 40
35 45
35 49
35 50
35 57
35 58
35 64
35 68
35 69
35 77
35 80
35 87
35 91
35 96
35 97
35 102
35 103
35 106
35 107
35 108
35 110
35 113
35 114
35 117
35 122
35 123
35 128
35 129
35 130
35 131
35 133
35 134
35 135
35 136
35 144
35 148
35 151
35 154
35 155
35 158
35 159
35 160
35 164
35 167
35 174
35 175
35 177
35 179
36 2
36 11
36 16
36 22
36 25
36 27
36 32
36 37
36 40
36 43
36 49
36 54
36 63
36 69
36 73
36 75
36 83
36 88
36 93
36 96
36 104
36 106
36 109
36 110
36 112
36 114
36 118
36 127
36 128
36 129
36 131
36 143
36 145
36 149
36 152
36 159
36 161
36 163
36 165
36 166
36 169
36 171
36 173
36 174
36 178
36 179
37 7
37 18
37 20
37 26
37 31
37 34
37 37
37 38
37 42
37 44
37 47
37 54
37 59
37 61
37 62
37 65
37 66
37 68
37 71
37 72
37 73
37 76
37 79
37 80
37 84
37 89
37 96
37 97
37 98
37 100
37 106
37 107
37 108
37 110
37 111
37 113
37 118
37 120
37 125
37 127
37 129
37 130
37 132
37 133
37 142
37 144
37 151
37 152
37 155
37 160
37 162
37 165
37 170
37 171
37 177
38 1
38 7
38 11
38 13
38 15
38 17
38 23
38 27
38 28
38 29
38 30
38 38
38 40
38 41
38 43
38 44
38 45
38 46
38 51
38 52
38 60
38 72
38 74
38 75
38 76
38 94
38 96
38 97
38 101
38 104
38 106
38 107
38 113
38 119
38 120
38 121
38 123
38 130
38 140
38 141
38 143
38 145
38 147
38 153
38 155
38 156
38 157
38 160
38 161
38 167
38 169
38 171
38 173
38 175
39 2
39 5
39 9
39 13
39 24
39 31
39 36
39 37
39 39
39 40
39 41
39 44
39 46
39 49
39 52
39 58
39 62
39 65
39 66
39 67
39 71
39 84
39 87
39 91
39 92
39 96
39 97
39 98
39 105
39 106
39 115
39 118
39 119
39 122
39 123
39 125
39 126
39 134
39 136
39 139
39 142
39 147
39 148
39 151
39 152
39 154
39 155
39 156
39 164
39 173
39 174
39 175
40 3
40 20
40 21
40 28
40 29
40 33
40 36
40 37
40 44
40 45
40 47
40 48
40 56
40 57
40 62
40 64
40 67
40 70
40 72
40 77
40 82
40 86
40 91
40 94
40 95
40 97
40 99
40 100
40 106
40 107
40 112
40 114
40 116
40 122
40 123
40 125
40 132
40 136
40 137
40 139
40 140
40 141
40 147
40 148
40 151
40 153
40 157
40 158
40 160
40 161
40 162
40 165
40 170
40 173
40 174
41 3
41 4
41 7
41 9
41 10
41 12
41 13
41 15
41 18
41 23
41 24
41 25
41 27
41 28
41 30
41 31
41 35
41 48
41 49
41 56
41 60
41 62
41 63
41 73
41 76
41 77
41 78
41 79
41 83
41 84
41 85
41 86
41 88
41 91
41 93
41 94
41 97
41 98
41 100
41 102
41 104
41 105
41 108
41 109
41 110
41 111
41 113
41 114
41 118
41 120
41 129
41 133
41 135
41 139
41 140
41 145
41 146
41 147
41 149
41 151
41 161
41 169
41 171
41 172
41 173
41 175
42 1
42 2
42 6
42 11
42 12
42 13
42 16
42 21
42 25
42 27
42 32
42 35
42 37
42 38
42 39
42 40
42 44
42 45
42 52
42 54
42 55
42 65
42 67
42 71
42 73
42 76
42 78
42 79
42 87
42 88
42 91
42 99
42 100
42 101
42 105
42 108
42 110
42 111
42 117
42 118
42 119
42 124
42 125
42 126
42 131
42 132
42 135
42 142
42 144
42 148
42 150
42 153
42 156
42 160
42 162
42 163
42 165
42 170
42 173
42 175
42 176
42 177
42 180
43 2
43 3
43 5
43 6
43 8
43 14
43 16
43 17
43 19
43 21
43 27
43 28
43 30
43 34
43 35
43 36
43 46
43 49
43 51
43 57
43 58
43 62
43 63
43 68
43 69
43 78
43 81
43 82
43 85
43 90
43 92
43 93
43 94
43 96
43 97
43 100
43 101
43 104
43 105
43 108
43 111
43 112
43 114
43 116
43 117
43 119
43 120
43 122
43 131
43 133
43 135
43 137
43 146
43 148
43 150
43 154
43 159
43 160
43 167
43 168
44 1
44 6
44 7
44 8
44 12
44 19
44 20
44 24
44 26
44 27
44 28
44 30
44 31
44 39
44 41
44 56
44 57
44 61
44 65
44 69
44 75
44 78
44 85
44 88
44 91
44 101
44 102
44 103
44 109
44 112
44 115
44 120
44 122
44 125
44 126
44 129
44 130
44 135
44 142
44 146
44 148
44 149
44 150
44 155
44 158
44 165
44 178
45 2
45 3
45 4
45 9
45 11
45 12
45 14
45 16
45 18
45 19
45 22
45 24
45 25
45 33
45 34
45 35
45 36
45 39
45 42
45 46
45 49
45 50
45 51
45 62
45 70
45 72
45 74
45 76
45 80
45 81
45 86
45 91
45 92
45 96
45 98
45 104
45 109
45 115
45 119
45 120
45 122
45 126
45 133
45 143
45 149
45 158
45 159
45 161
45 171
45 174
45 177
46 4
46 5
46 7
46 11
46 12
46 24
46 25
46 27
46 28
46 42
46 46
46 48
46 54
46 56
46 57
46 58
46 59
46 60
46 72
46 82
46 85
46 87
46 89
46 92
46 97
46 98
46 100
46 101
46 104
46 105
46 108
46 115
46 117
46 122
46 128
46 129
46 138
46 140
46 141
46 142
46 143
46 147
46 153
46 155
46 159
46 160
46 163
46 164
46 166
46 168
46 174
46 175
46 179
47 6
47 8
47 11
47 17
47 20
47 22
47 28
47 34
47 40
47 41
47 43
47 49
47 55
47 59
47 61
47 63
47 64
47 65
47 67
47 70
47 73
47 76
47 77
47 80
47 84
47 85
47 86
47 91
47 93
47 97
47 100
47 101
47 102
47 103
47 110
47 114
47 120
47 125
47 130
47 132
47 136
47 139
47 142
47 143
47 144
47 147
47 152
47 159
47 163
47 170
47 173
47 179
47 180
48 1
48 11
48 13
48 14
48 21
48 28
48 33
48 35
48 36
48 42
48 43
48 50
48 51
48 57
48 58
48 59
48 61
48 66
48 74
48 77
48 78
48 79
48 84
48 88
48 90
48 91
48 92
48 94
48 95
48 96
48 97
48 98
48 102
48 111
48 112
48 116
48 117
48 142
48 148
48 153
48 161
48 162
48 179
49 10
49 11
49 15
49 16
49 17
49 19
49 25
49 26
49 27
49 31
49 35
49 39
49 40
49 42
49 47
49 48
49 54
49 57
49 58
49 62
49 66
49 74
49 75
49 76
49 80
49 83
49 91
49 93
49 94
49 96
49 99
49 100
49 112
49 114
49 115
49 116
49 117
49 118
49 120
49 121
49 124
49 129
49 131
49 132
49 140
49 144
49 147
49 148
49 149
49 150
49 155
49 158
49 159
49 166
49 169
49 172
49 173
49 175
49 177
49 179
50 1
50 9
50 10
50 19
50 21
50 28
50 34
50 36
50 39
50 48
50 57
50 60
50 61
50 62
50 64
50 66
50 70
50 76
50 77
50 79
50 80
50 82
50 83
50 84
50 86
50 87
50 93
50 99
50 103
50 104
50 107
50 108
50 109
50 113
50 116
50 117
50 119
50 123
50 128
50 133
50 135
50 146
50 150
50 151
50 153
50 165
50 168
50 170
50 171
50 172
50 177
50 178
50 179
51 4
51 5
51 7
51 10
51 11
51 13
51 15
51 21
51 23
51 27
51 31
51 32
51 33
51 34
51 40
51 45
51 46
51 48
51 54
51 55
51 62
51 64
51 66
51 67
51 70
51 71
51 75
51 80
51 88
51 89
51 91
51 92
51 95
51 97
51 99
51 101
51 110
51 116
51 117
51 120
51 121
51 124
51 125
51 127
51 129
51 131
51 132
51 137
51 143
51 146
51 148
51 150
51 152
51 156
51 163
51 166
51 169
51 173
51 180
52 1
52 3
52 5
52 6
52 7
52 10
52 12
52 13
52 21
52 23
52 25
52 26
52 28
52 29
52 35
52 36
52 39
52 42
52 43
52 47
52 50
52 51
52 53
52 58
52 60
52 66
52 71
52 72
52 75
52 76
52 86
52 89
52 93
52 99
52 103
52 106
52 108
52 113
52 119
52 127
52 129
52 132
52 137
52 145
52 146
52 152
52 153
52 154
52 159
52 164
52 170
52 171
52 172
52 179
53 1
53 2
53 3
53 7
53 12
53 14
53 16
53 21
53 22
53 30
53 32
53 36
53 37
53 43
53 46
53 48
53 50
53 65
53 67
53 68
53 72
53 73
53 74
53 78
53 84
53 85
53 86
53 87
53 91
53 93
53 97
53 98
53 101
53 102
53 108
53 114
53 119
53 120
53 122
53 124
53 125
53 128
53 131
53 136
53 137
53 139
53 145
53 146
53 151
53 161
53 168
53 170
53 171
53 175
54 4
54 7
54 10
54 13
54 14
54 18
54 19
54 21
54 22
54 25
54 28
54 29
54 30
54 31
54 35
54 37
54 38
54 41
54 44
54 56
54 68
54 71
54 78
54 79
54 80
54 83
54 86
54 88
54 90
54 92
54 94
54 95
54 97
54 98
54 99
54 100
54 102
54 105
54 108
54 109
54 111
54 113
54 117
54 126
54 128
54 138
54 143
54 147
54 149
54 160
54 164
54 167
54 170
54 173
54 176
54 178
55 6
55 10
55 24
55 31
55 35
55 37
55 39
55 46
55 49
55 50
55 53
55 54
55 55
55 56
55 63
55 72
55 74
55 78
55 79
55 82
55 84
55 87
55 91
55 93
55 108
55 115
55 117
55 118
55 119
55 122
55 124
55 126
55 136
55 137
55 138
55 140
55 146
55 149
55 151
55 152
55 154
55 156
55 157
55 159
55 160
55 161
55 166
55 170
55 171
55 178
56 5
56 6
56 8
56 11
56 13
56 17
56 21
56 25
56 29
56 31
56 32
56 39
56 41
56 43
56 56
56 59
56 63
56 69
56 72
56 74
56 75
56 76
56 77
56 79
56 81
56 82
56 83
56 85
56 86
56 88
56 95
56 97
56 100
56 111
56 113
56 118
56 119
56 125
56 132
56 137
56 143
56 145
56 146
56 147
56 148
56 150
56 157
56 162
56 163
56 165
56 166
56 168
56 174
56 176
56 178
56 179
56 180
57 1
57 3
57 4
57 8
57 20
57 25
57 34
57 35
57 38
57 40
57 44
57 49
57 60
57 67
57 69
57 71
57 72
57 74
57 82
57 85
57 86
57 95
57 98
57 102
57 105
57 107
57 109
57 110
57 111
57 116
57 117
57 120
57 122
57 126
57 128
57 129
57 137
57 144
57 145
57 150
57 152
57 154
57 155
57 163
57 166
57 170
57 173
57 179
58 9
58 10
58 14
58 19
58 20
58 22
58 23
58 24
58 25
58 30
58 32
58 33
58 35
58 39
58 40
58 43
58 47
58 50
58 51
58 52
58 55
58 59
58 60
58 64
58 65
58 71
58 74
58 75
58 77
58 82
58 90
58 96
58 99
58 110
58 112
58 115
58 117
58 122
58 123
58 124
58 126
58 129
58 131
58 142
58 145
58 151
58 161
58 168
58 169
58 170
58 180
59 3
59 8
59 9
59 12
59 16
59 17
59 19
59 20
59 21
59 24
59 27
59 30
59 32
59 35
59 42
59 44
59 46
59 50
59 51
59 52
59 53
59 55
59 56
59 57
59 63
59 71
59 73
59 76
59 86
59 94
59 97
59 102
59 104
59 110
59 117
59 122
59 124
59 126
59 131
59 136
59 137
59 138
59 140
59 143
59 155
59 158
59 163
59 165
59 166
59 168
59 174
59 175
59 179
60 2
60 3
60 9
60 11
60 13
60 14
60 19
60 20
60 23
60 27
60 28
60 29
60 30
60 31
60 37
60 40
60 46
60 47
60 48
60 49
60 50
60 51
60 52
60 54
60 58
60 60
60 65
60 69
60 71
60 72
60 76
60 77
60 81
60 82
60 83
60 87
60 88
60 90
60 91
60 93
60 94
60 96
60 102
60 108
60 117
60 118
60 121
60 126
60 130
60 131
60 132
60 137
60 140
60 142
60 147
60 150
60 156
60 160
60 166
60 171
60 173
60 179
61 10
61 13
61 14
61 18
61 20
61 23
61 26
61 28
61 36
61 41
61 42
61 44
61 45
61 46
61 52
61 58
61 63
61 68
61 72
61 73
61 79
61 87
61 91
61 93
61 99
61 100
61 101
61 102
61 107
61 109
61 113
61 116
61 124
61 125
61 126
61 131
61 134
61 136
61 141
61 142
61 145
61 147
61 153
61 158
61 163
61 168
61 172
61 177
62 2
62 3
62 5
62 6
62 8
62 9
62 11
62 12
62 13
62 15
62 22
62 25
62 38
62 40
62 44
62 46
62 48
62 51
62 52
62 58
62 61
62 65
62 67
62 68
62 71
62 75
62 77
62 78
62 79
62 101
62 103
62 105
62 107
62 117
62 120
62 124
62 126
62 131
62 137
62 140
62 143
62 145
62 149
62 151
62 157
62 164
62 169
62 170
62 173
62 179
62 180
63 3
63 5
63 7
63 9
63 11
63 12
63 13
63 16
63 18
63 23
63 28
63 33
63 39
63 45
63 55
63 57
63 62
63 64
63 66
63 70
63 79
63 81
63 82
63 83
63 84
63 85
63 86
63 91
63 94
63 100
63 105
63 107
63 110
63 111
63 114
63 115
63 117
63 118
63 125
63 131
63 133
63 136
63 140
63 144
63 146
63 147
63 150
63 153
63 154
63 158
63 159
63 164
63 173
63 174
63 178
63 179
63 180
64 3
64 4
64 7
64 9
64 17
64 21
64 25
64 27
64 31
64 34
64 36
64 39
64 48
64 49
64 51
64 54
64 56
64 57
64 59
64 62
64 65
64 68
64 69
64 71
64 73
64 74
64 77
64 88
64 92
64 94
64 96
64 100
64 102
64 118
64 119
64 122
64 123
64 124
64 125
64 126
64 128
64 134
64 139
64 143
64 147
64 150
64 153
64 154
64 156
64 159
64 161
64 163
64 173
64 174
64 177
64 178
64 179
65 2
65 6
65 7
65 10
65 11
65 14
65 20
65 21
65 22
65 24
65 30
65 31
65 34
65 35
65 44
65 48
65 51
65 53
65 54
65 58
65 61
65 63
65 64
65 67
65 73
65 74
65 86
65 87
65 89
65 90
65 92
65 97
65 98
65 101
65 103
65 111
65 119
65 125
65 127
65 129
65 131
65 132
65 135
65 141
65 144
65 148
65 152
65 159
65 161
65 168
65 169
65 172
65 176
65 178
65 180
66 3
66 4
66 8
66 13
66 17
66 18
66 22
66 24
66 25
66 27
66 30
66 33
66 36
66 37
66 39
66 43
66 49
66 58
66 63
66 69
66 75
66 77
66 78
66 82
66 83
66 89
66 90
66 94
66 96
66 97
66 98
66 107
66 108
66 111
66 116
66 118
66 122
66 130
66 133
66 134
66 139
66 144
66 154
66 156
66 157
66 159
66 162
66 164
66 168
66 169
66 179
67 2
67 5
67 11
67 12
67 17
67 22
67 24
67 27
67 28
67 32
67 33
67 34
67 37
67 38
67 41
67 50
67 63
67 65
67 66
67 70
67 71
67 75
67 76
67 77
67 81
67 86
67 89
67 91
67 92
67 102
67 106
67 107
67 113
67 115
67 116
67 117
67 120
67 132
67 135
67 141
67 142
67 147
67 148
67 149
67 153
67 154
67 159
67 161
67 162
67 164
67 165
67 171
67 172
67 173
68 4
68 13
68 16
68 17
68 21
68 23
68 25
68 32
68 41
68 47
68 53
68 54
68 55
68 59
68 64
68 65
68 66
68 74
68 75
68 84
68 92
68 95
68 96
68 97
68 98
68 100
68 101
68 104
68 106
68 109
68 112
68 119
68 121
68 122
68 127
68 128
68 136
68 138
68 149
68 158
68 161
68 164
68 166
68 169
68 170
68 173
69 2
69 10
69 13
69 19
69 28
69 30
69 31
69 32
69 35
69 43
69 44
69 45
69 47
69 50
69 51
69 52
69 55
69 57
69 59
69 67
69 73
69 75
69 76
69 78
69 82
69 85
69 90
69 91
69 96
69 101
69 102
69 108
69 109
69 110
69 113
69 115
69 116
69 121
69 123
69 124
69 127
69 128
69 129
69 131
69 132
69 133
69 135
69 137
69 138
69 145
69 150
69 151
69 152
69 157
69 158
69 166
69 171
69 175
69 176
69 177
70 1
70 6
70 20
70 21
70 24
70 28
70 30
70 36
70 37
70 38
70 40
70 42
70 47
70 53
70 55
70 59
70 61
70 62
70 65
70 66
70 72
70 76
70 77
70 82
70 84
70 93
70 97
70 98
70 100
70 101
70 106
70 108
70 112
70 116
70 119
70 122
70 123
70 124
70 132
70 137
70 140
70 141
70 156
70 157
70 161
70 168
70 173
70 180
71 6
71 8
71 13
71 14
71 15
71 17
71 18
71 19
71 20
71 25
71 27
71 34
71 35
71 38
71 43
71 46
71 47
71 48
71 49
71 51
71 63
71 65
71 67
71 68
71 75
71 78
71 86
71 93
71 95
71 96
71 98
71 99
71 102
71 104
71 106
71 107
71 111
71 117
71 127
71 129
71 132
71 137
71 140
71 141
71 142
71 144
71 146
71 152
71 154
71 158
71 164
71 165
71 166
71 170
71 173
71 175
72 5
72 7
72 8
72 12
72 15
72 17
72 18
72 20
72 26
72 28
72 30
72 31
72 32
72 39
72 43
72 44
72 45
72 48
72 50
72 55
72 63
72 64
72 69
72 72
72 75
72 78
72 86
72 90
72 91
72 93
72 108
72 111
72 112
72 115
72 117
72 118
72 125
72 127
72 140
72 144
72 147
72 152
72 156
72 157
72 161
72 164
72 165
72 167
72 169
72 170
72 175
72 178
72 179
73 3
73 4
73 5
73 10
73 17
73 22
73 31
73 41
73 42
73 43
73 49
73 51
73 54
73 55
73 57
73 59
73 63
73 66
73 72
73 78
73 85
73 92
73 93
73 100
73 102
73 106
73 107
73 115
73 116
73 127
73 128
73 129
73 132
73 137
73 143
73 144
73 145
73 149
73 150
73 153
73 165
73 168
73 170
73 173
73 176
73 180
74 3
74 5
74 17
74 21
74 22
74 23
74 28
74 30
74 33
74 35
74 55
74 58
74 63
74 66
74 67
74 70
74 72
74 73
74 82
74 85
74 88
74 90
74 92
74 97
74 100
74 108
74 109
74 112
74 114
74 119
74 122
74 136
74 137
74 139
74 144
74 148
74 150
74 153
74 154
74 159
74 160
74 162
74 163
74 170
74 171
74 172
74 177
74 179
74 180
75 8
75 10
75 16
75 19
75 21
75 22
75 26
75 29
75 31
75 34
75 40
75 41
75 42
75 44
75 45
75 47
75 48
75 54
75 78
75 83
75 85
75 86
75 87
75 89
75 92
75 96
75 98
75 99
75 101
75 103
75 106
75 107
75 110
75 114
75 116
75 119
75 120
75 131
75 133
75 134
75 136
75 140
75 145
75 152
75 158
75 160
75 162
75 164
75 168
75 172
76 2
76 7
76 9
76 18
76 27
76 28
76 29
76 32
76 35
76 36
76 38
76 39
76 42
76 48
76 49
76 50
76 53
76 57
76 58
76 62
76 66
76 67
76 68
76 72
76 81
76 82
76 84
76 100
76 101
76 104
76 111
76 112
76 113
76 115
76 117
76 123
76 125
76 126
76 131
76 132
76 135
76 136
76 144
76 147
76 148
76 150
76 159
76 160
76 162
76 165
76 167
76 168
76 169
76 170
76 171
76 174
76 175
76 176
76 180
77 5
77 9
77 15
77 16
77 18
77 20
77 25
77 29
77 30
77 32
77 39
77 42
77 46
77 47
77 48
77 51
77 52
77 54
77 57
77 58
77 60
77 65
77 66
77 70
77 72
77 84
77 95
77 96
77 97
77 98
77 100
77 102
77 103
77 107
77 111
77 113
77 118
77 119
77 123
77 127
77 129
77 130
77 134
77 136
77 140
77 151
77 163
77 165
77 166
77 168
77 169
77 175
77 176
77 178
78 2
78 6
78 8
78 9
78 12
78 22
78 27
78 31
78 34
78 38
78 44
78 45
78 47
78 49
78 51
78 52
78 53
78 59
78 62
78 66
78 70
78 71
78 74
78 76
78 77
78 79
78 82
78 88
78 92
78 97
78 110
78 124
78 125
78 126
78 132
78 133
78 135
78 143
78 145
78 147
78 150
78 170
78 174
78 177
78 179
78 180
79 3
79 7
79 13
79 15
79 21
79 23
79 27
79 36
79 42
79 45
79 46
79 48
79 57
79 60
79 64
79 65
79 66
79 69
79 76
79 79
79 80
79 82
79 83
79 84
79 88
79 90
79 94
79 96
79 98
79 99
79 102
79 118
79 121
79 123
79 125
79 128
79 131
79 136
79 139
79 145
79 152
79 175
79 176
79 177
79 179
80 5
80 7
80 11
80 12
80 20
80 21
80 30
80 32
80 36
80 38
80 39
80 41
80 54
80 56
80 61
80 68
80 72
80 74
80 82
80 83
80 99
80 101
80 107
80 111
80 116
80 120
80 121
80 125
80 126
80 137
80 138
80 139
80 142
80 145
80 147
80 152
80 154
80 156
80 157
80 159
80 160
80 162
80 165
80 167
80 169
80 177
81 6
81 10
81 18
81 20
81 25
81 30
81 32
81 33
81 48
81 50
81 51
81 60
81 63
81 70
81 74
81 75
81 76
81 79
81 87
81 90
81 92
81 97
81 98
81 103
81 104
81 106
81 109
81 110
81 111
81 113
81 118
81 119
81 124
81 131
81 133
81 135
81 137
81 141
81 145
81 147
81 156
81 158
81 161
81 171
82 1
82 4
82 6
82 8
82 14
82 15
82 18
82 22
82 24
82 30
82 32
82 36
82 37
82 39
82 41
82 43
82 44
82 45
82 50
82 53
82 54
82 56
82 57
82 58
82 60
82 61
82 63
82 64
82 69
82 71
82 80
82 85
82 88
82 91
82 96
82 105
82 107
82 109
82 115
82 119
82 126
82 128
82 129
82 130
82 132
82 134
82 142
82 147
82 149
82 150
82 151
82 162
82 166
82 169
82 170
82 179
83 4
83 13
83 14
83 19
83 21
83 25
83 31
83 33
83 42
83 45
83 48
83 49
83 50
83 55
83 58
83 63
83 69
83 74
83 77
83 80
83 81
83 82
83 85
83 87
83 90
83 91
83 92
83 94
83 97
83 105
83 106
83 108
83 109
83 110
83 111
83 113
83 119
83 123
83 128
83 132
83 134
83 137
83 138
83 141
83 149
83 151
83 157
83 160
83 162
83 163
83 173
83 179
84 1
84 7
84 8
84 9
84 10
84 14
84 17
84 19
84 21
84 33
84 36
84 40
84 45
84 49
84 53
84 55
84 58
84 59
84 63
84 64
84 66
84 67
84 68
84 74
84 77
84 78
84 79
84 86
84 87
84 95
84 97
84 99
84 100
84 101
84 103
84 109
84 112
84 118
84 119
84 120
84 126
84 130
84 135
84 136
84 140
84 142
84 143
84 157
84 161
84 166
84 167
84 168
84 169
84 170
84 172
84 175
84 176
84 177
84 180
85 4
85 10
85 26
85 29
85 35
85 40
85 41
85 46
85 47
85 57
85 61
85 62
85 64
85 72
85 74
85 77
85 79
85 83
85 88
85 91
85 92
85 93
85 97
85 103
85 109
85 114
85 115
85 116
85 117
85 119
85 127
85 128
85 131
85 139
85 148
85 151
85 156
85 158
85 163
85 164
85 168
85 176
85 177
85 178
86 4
86 6
86 7
86 9
86 13
86 14
86 15
86 16
86 17
86 19
86 24
86 31
86 37
86 40
86 43
86 45
86 46
86 49
86 50
86 53
86 54
86 63
86 66
86 70
86 77
86 78
86 85
86 88
86 92
86 106
86 107
86 109
86 111
86 114
86 115
86 118
86 120
86 122
86 123
86 127
86 128
86 134
86 136
86 148
86 150
86 151
86 155
86 156
86 158
86 161
86 172
86 177
86 178
87 1
87 2
87 5
87 7
87 9
87 10
87 17
87 18
87 21
87 22
87 24
87 25
87 31
87 35
87 39
87 48
87 51
87 54
87 62
87 63
87 76
87 77
87 78
87 79
87 83
87 85
87 88
87 90
87 98
87 102
87 104
87 109
87 111
87 113
87 117
87 119
87 123
87 128
87 135
87 143
87 148
87 150
87 158
87 163
87 166
87 167
87 168
87 169
87 171
87 172
87 175
87 176
87 180
88 2
88 6
88 9
88 11
88 14
88 19
88 21
88 22
88 27
88 31
88 36
88 38
88 39
88 42
88 47
88 52
88 60
88 61
88 64
88 69
88 70
88 73
88 78
88 79
88 86
88 87
88 94
88 100
88 103
88 105
88 106
88 109
88 112
88 116
88 117
88 121
88 128
88 130
88 133
88 137
88 142
88 144
88 146
88 151
88 152
88 160
88 163
88 167
89 10
89 14
89 18
89 19
89 20
89 21
89 22
89 24
89 27
89 29
89 30
89 37
89 38
89 39
89 41
89 44
89 46
89 56
89 70
89 73
89 75
89 80
89 81
89 85
89 90
89 92
89 95
89 105
89 109
89 110
89 113
89 114
89 120
89 128
89 129
89 137
89 139
89 140
89 147
89 154
89 155
89 158
89 163
89 164
89 166
89 172
90 5
90 7
90 9
90 11
90 16
90 18
90 33
90 40
90 44
90 52
90 53
90 55
90 56
90 58
90 62
90 69
90 70
90 72
90 74
90 75
90 76
90 82
90 88
90 91
90 95
90 96
90 102
90 103
90 107
90 110
90 112
90 116
90 117
90 118
90 119
90 124
90 128
90 129
90 132
90 139
90 142
90 146
90 149
90 150
90 152
90 155
90 157
90 159
90 168
90 171
90 176
90 177
90 178
91 5
91 9
91 14
91 17
91 18
91 25
91 26
91 37
91 38
91 40
91 41
91 45
91 47
91 49
91 54
91 56
91 59
91 67
91 68
91 74
91 78
91 79
91 92
91 95
91 96
91 98
91 99
91 100
91 102
91 103
91 105
91 107
91 109
91 110
91 115
91 118
91 121
91 123
91 124
91 126
91 127
91 128
91 130
91 132
91 140
91 144
91 149
91 151
91 156
91 158
91 161
91 163
91 170
91 175
91 178
92 4
92 10
92 14
92 17
92 24
92 27
92 28
92 31
92 34
92 38
92 41
92 43
92 47
92 51
92 52
92 56
92 59
92 62
92 63
92 64
92 67
92 71
92 77
92 79
92 83
92 84
92 87
92 91
92 97
92 99
92 100
92 104
92 105
92 108
92 111
92 112
92 115
92 118
92 123
92 127
92 128
92 130
92 133
92 137
92 139
92 140
92 142
92 144
92 146
92 150
92 153
92 156
92 165
92 167
92 169
92 174
92 175
92 180
93 4
93 8
93 9
93 12
93 16
93 20
93 24
93 25
93 26
93 30
93 32
93 37
93 39
93 40
93 43
93 44
93 46
93 49
93 50
93 57
93 62
93 63
93 66
93 68
93 72
93 73
93 76
93 78
93 87
93 89
93 90
93 93
93 96
93 101
93 103
93 107
93 117
93 119
93 122
93 131
93 135
93 137
93 148
93 151
93 153
93 154
93 155
93 157
93 159
93 162
93 163
93 168
93 170
93 171
93 178
94 4
94 8
94 9
94 12
94 14
94 16
94 20
94 21
94 22
94 25
94 37
94 38
94 39
94 41
94 42
94 44
94 56
94 57
94 58
94 59
94 61
94 64
94 70
94 72
94 74
94 77
94 87
94 88
94 90
94 101
94 103
94 108
94 116
94 117
94 121
94 122
94 124
94 129
94 134
94 138
94 139
94 143
94 144
94 149
94 150
94 151
94 160
94 177
94 178
94 179
94 180
95 1
95 5
95 9
95 10
95 12
95 13
95 18
95 21
95 22
95 26
95 35
95 36
95 37
95 38
95 42
95 44
95 45
95 51
95 52
95 53
95 55
95 56
95 64
95 71
95 76
95 86
95 87
95 88
95 92
95 93
95 96
95 97
95 99
95 100
95 101
95 102
95 108
95 114
95 115
95 117
95 120
95 121
95 122
95 124
95 125
95 128
95 129
95 130
95 135
95 136
95 147
95 158
95 159
95 162
95 163
95 170
95 173
95 177
95 178
95 180
96 12
96 16
96 19
96 21
96 24
96 27
96 33
96 35
96 41
96 42
96 43
96 47
96 48
96 49
96 54
96 55
96 57
96 60
96 66
96 69
96 71
96 73
96 76
96 80
96 84
96 89
96 95
96 96
96 100
96 102
96 107
96 108
96 110
96 114
96 115
96 118
96 119
96 121
96 122
96 133
96 134
96 156
96 162
96 164
96 167
96 168
96 169
96 172
96 177
96 180
97 4
97 9
97 12
97 16
97 20
97 22
97 27
97 30
97 33
97 35
97 36
97 41
97 52
97 56
97 60
97 61
97 62
97 63
97 66
97 70
97 72
97 74
97 78
97 81
97 82
97 86
97 88
97 91
97 93
97 95
97 96
97 98
97 99
97 100
97 103
97 104
97 105
97 106
97 107
97 110
97 113
97 118
97 121
97 122
97 127
97 129
97 132
97 134
97 140
97 141
97 142
97 144
97 146
97 150
97 155
97 164
97 168
97 170
97 171
97 175
97 176
97 179
98 1
98 2
98 3
98 6
98 8
98 15
98 17
98 18
98 19
98 25
98 26
98 31
98 34
98 42
98 50
98 55
98 56
98 57
98 58
98 62
98 64
98 65
98 68
98 69
98 70
98 72
98 73
98 75
98 84
98 87
98 88
98 93
98 97
98 99
98 100
98 104
98 106
98 107
98 111
98 113
98 121
98 123
98 126
98 130
98 132
98 134
98 141
98 143
98 145
98 150
98 151
98 152
98 153
98 158
98 159
98 163
98 165
98 168
98 175
98 176
98 178
98 179
99 4
99 8
99 10
99 21
99 22
99 24
99 26
99 43
99 44
99 53
99 57
99 58
99 60
99 62
99 66
99 69
99 70
99 71
99 74
99 75
99 80
99 81
99 85
99 87
99 88
99 89
99 90
99 91
99 92
99 93
99 95
99 97
99 100
99 105
99 110
99 111
99 112
99 114
99 116
99 117
99 125
99 131
99 132
99 133
99 138
99 142
99 144
99 145
99 147
99 149
99 151
99 153
99 154
99 158
99 161
99 165
99 166
99 170
99 173
99 175
99 180
100 4
100 8
100 15
100 18
100 21
100 26
100 29
100 37
100 43
100 44
100 53
100 63
100 68
100 74
100 75
100 87
100 88
100 89
100 95
100 96
100 98
100 101
100 104
100 108
100 110
100 113
100 114
100 116
100 131
100 132
100 134
100 135
100 141
100 144
100 145
100 146
100 147
100 148
100 153
100 155
100 156
100 157
100 158
100 163
100 166
100 167
100 169
100 170
100 172
101 4
101 8
101 16
101 18
101 22
101 24
101 26
101 27
101 31
101 38
101 46
101 47
101 52
101 54
101 56
101 60
101 61
101 72
101 74
101 82
101 83
101 84
101 86
101 92
101 95
101 97
101 99
101 103
101 110
101 112
101 115
101 119
101 124
101 125
101 126
101 127
101 129
101 130
101 132
101 135
101 138
101 139
101 142
101 148
101 152
101 156
101 159
101 163
101 171
101 172
101 173
101 175
101 176
101 177
101 180
102 2
102 7
102 10
102 13
102 15
102 18
102 19
102 20
102 23
102 25
102 28
102 34
102 42
102 47
102 49
102 55
102 56
102 57
102 58
102 59
102 60
102 64
102 84
102 91
102 94
102 110
102 111
102 113
102 114
102 116
102 117
102 119
102 125
102 129
102 130
102 133
102 136
102 139
102 140
102 141
102 142
102 145
102 146
102 153
102 157
102 161
102 163
102 165
102 166
102 168
102 177
103 2
103 9
103 11
103 13
103 14
103 15
103 18
103 20
103 21
103 23
103 27
103 31
103 33
103 34
103 36
103 38
103 40
103 42
103 44
103 46
103 47
103 49
103 56
103 59
103 61
103 62
103 63
103 67
103 68
103 70
103 72
103 73
103 74
103 75
103 76
103 77
103 78
103 81
103 83
103 84
103 86
103 98
103 99
103 101
103 103
103 113
103 116
103 118
103 119
103 122
103 128
103 134
103 136
103 144
103 150
103 151
103 156
103 158
103 161
103 163
103 165
103 167
103 174
103 175
103 176
103 178
104 2
104 7
104 9
104 15
104 18
104 21
104 28
104 29
104 30
104 33
104 39
104 40
104 41
104 48
104 51
104 56
104 58
104 61
104 63
104 69
104 70
104 73
104 74
104 75
104 76
104 77
104 84
104 87
104 89
104 90
104 92
104 101
104 102
104 106
104 109
104 113
104 119
104 121
104 126
104 128
104 137
104 141
104 144
104 148
104 149
104 152
104 160
104 162
104 164
104 171
104 172
104 173
104 175
104 179
105 3
105 6
105 7
105 14
105 21
105 25
105 26
105 27
105 33
105 34
105 35
105 43
105 56
105 58
105 60
105 69
105 70
105 76
105 77
105 78
105 81
105 83
105 85
105 89
105 92
105 97
105 98
105 99
105 101
105 110
105 113
105 118
105 123
105 125
105 140
105 141
105 143
105 146
105 147
105 162
105 163
105 164
105 165
105 172
105 173
105 177
106 4
106 7
106 15
106 16
106 25
106 28
106 29
106 30
106 31
106 36
106 37
106 38
106 43
106 57
106 61
106 62
106 66
106 67
106 68
106 70
106 73
106 79
106 80
106 83
106 86
106 94
106 96
106 98
106 106
106 111
106 113
106 114
106 121
106 122
106 129
106 132
106 133
106 136
106 142
106 143
106 144
106 145
106 147
106 150
106 154
106 155
106 158
106 169
106 172
106 173
106 177
107 4
107 5
107 6
107 13
107 17
107 21
107 26
107 35
107 37
107 39
107 44
107 48
107 56
107 73
107 74
107 76
107 77
107 78
107 79
107 80
107 91
107 93
107 94
107 98
107 109
107 112
107 121
107 128
107 131
107 132
107 138
107 139
107 141
107 142
107 144
107 150
107 156
107 157
107 158
107 163
107 166
107 174
107 178
108 3
108 4
108 6
108 7
108 13
108 14
108 21
108 25
108 30
108 32
108 33
108 34
108 38
108 39
108 56
108 59
108 61
108 63
108 70
108 71
108 76
108 82
108 97
108 98
108 101
108 103
108 104
108 106
108 108
108 117
108 121
108 123
108 130
108 137
108 138
108 140
108 146
108 149
108 152
108 158
108 160
108 162
108 166
108 167
108 172
108 173
108 176
108 179
109 2
109 10
109 13
109 15
109 17
109 23
109 28
109 32
109 36
109 40
109 42
109 44
109 47
109 49
109 50
109 53
109 55
109 56
109 59
109 77
109 78
109 86
109 89
109 92
109 100
109 107
109 108
109 109
109 110
109 115
109 118
109 125
109 126
109 128
109 132
109 142
109 149
109 152
109 154
109 159
109 165
109 168
109 170
109 171
109 178
110 1
110 2
110 5
110 6
110 10
110 11
110 12
110 18
110 25
110 29
110 30
110 31
110 32
110 36
110 40
110 43
110 45
110 48
110 52
110 60
110 61
110 65
110 69
110 72
110 81
110 84
110 88
110 89
110 90
110 92
110 96
110 98
110 107
110 108
110 124
110 126
110 127
110 132
110 133
110 135
110 139
110 144
110 145
110 147
110 173
110 180
111 1
111 2
111 3
111 6
111 10
111 11
111 15
111 18
111 19
111 20
111 26
111 27
111 31
111 32
111 33
111 36
111 41
111 43
111 44
111 51
111 53
111 54
111 60
111 61
111 64
111 65
111 68
111 74
111 75
111 79
111 80
111 84
111 86
111 88
111 90
111 96
111 97
111 98
111 100
111 101
111 102
111 104
111 108
111 109
111 111
111 113
111 114
111 123
111 125
111 127
111 135
111 143
111 144
111 146
111 151
111 152
111 156
111 158
111 161
111 170
111 174
111 176
112 8
112 12
112 15
112 18
112 22
112 24
112 33
112 34
112 35
112 36
112 41
112 45
112 46
112 50
112 52
112 54
112 57
112 62
112 63
112 69
112 74
112 75
112 76
112 81
112 86
112 88
112 89
112 91
112 92
112 94
112 96
112 100
112 109
112 110
112 114
112 121
112 122
112 127
112 128
112 129
112 131
112 133
112 135
112 143
112 145
112 146
112 149
112 151
112 155
112 159
112 160
112 161
112 170
112 171
112 172
112 174
112 177
112 178
113 5
113 6
113 12
113 13
113 21
113 27
113 39
113 41
113 43
113 45
113 46
113 48
113 50
113 57
113 58
113 60
113 67
113 69
113 73
113 75
113 91
113 92
113 94
113 101
113 103
113 104
113 107
113 111
113 112
113 117
113 120
113 121
113 123
113 126
113 134
113 136
113 138
113 139
113 141
113 145
113 147
113 150
113 152
113 155
113 158
113 160
113 166
113 167
113 169
113 170
113 176
114 6
114 7
114 11
114 12
114 19
114 22
114 25
114 27
114 29
114 30
114 31
114 35
114 37
114 40
114 44
114 45
114 48
114 56
114 58
114 61
114 66
114 72
114 73
114 74
114 79
114 80
114 81
114 82
114 83
114 85
114 90
114 97
114 98
114 99
114 102
114 103
114 107
114 110
114 119
114 121
114 125
114 129
114 130
114 131
114 136
114 138
114 140
114 144
114 148
114 149
114 155
114 156
114 157
114 160
114 162
114 163
114 165
114 167
114 170
114 171
114 173
114 174
114 176
115 4
115 6
115 7
115 9
115 10
115 13
115 14
115 20
115 29
115 30
115 32
115 40
115 46
115 54
115 60
115 72
115 74
115 76
115 93
115 94
115 104
115 105
115 110
115 111
115 112
115 114
115 118
115 120
115 122
115 132
115 133
115 135
115 137
115 141
115 142
115 145
115 148
115 149
115 153
115 154
115 156
115 158
115 159
115 163
115 166
115 167
115 176
115 177
115 178
116 1
116 3
116 4
116 9
116 15
116 19
116 22
116 25
116 33
116 34
116 36
116 38
116 41
116 58
116 61
116 63
116 73
116 74
116 79
116 80
116 87
116 89
116 104
116 105
116 115
116 118
116 120
116 124
116 125
116 130
116 132
116 133
116 141
116 143
116 145
116 148
116 151
116 159
116 161
116 162
116 172
116 177
116 178
117 3
117 7
117 8
117 10
117 11
117 13
117 14
117 18
117 20
117 24
117 25
117 31
117 32
117 33
117 36
117 41
117 44
117 45
117 46
117 49
117 50
117 53
117 54
117 56
117 59
117 61
117 63
117 65
117 66
117 67
117 69
117 71
117 72
117 73
117 77
117 80
117 84
117 87
117 88
117 90
117 94
117 96
117 101
117 103
117 109
117 114
117 116
117 117
117 120
117 122
117 123
117 128
117 130
117 131
117 134
117 137
117 138
117 140
117 143
117 144
117 152
117 158
117 160
117 165
117 167
117 169
117 171
117 177
117 179
118 2
118 4
118 7
118 8
118 14
118 15
118 21
118 22
118 23
118 24
118 26
118 32
118 37
118 40
118 43
118 55
118 56
118 66
118 70
118 75
118 76
118 77
118 78
118 79
118 82
118 83
118 92
118 94
118 96
118 99
118 100
118 101
118 103
118 105
118 106
118 107
118 108
118 113
118 123
118 124
118 127
118 128
118 134
118 135
118 138
118 140
118 141
118 145
118 146
118 153
118 158
118 161
118 162
118 169
118 171
118 175
118 176
118 178
118 179
118 180
119 1
119 2
119 3
119 5
119 10
119 14
119 16
119 28
119 29
119 35
119 36
119 37
119 43
119 47
119 60
119 62
119 70
119 72
119 73
119 76
119 79
119 80
119 86
119 89
119 90
119 92
119 93
119 101
119 103
119 104
119 106
119 111
119 118
119 119
119 123
119 124
119 126
119 132
119 134
119 137
119 146
119 147
119 154
119 158
119 160
119 161
119 167
119 179
119 180
120 1
120 2
120 5
120 6
120 10
120 17
120 21
120 25
120 28
120 30
120 32
120 33
120 36
120 39
120 41
120 46
120 59
120 62
120 66
120 68
120 69
120 70
120 71
120 87
120 90
120 95
120 96
120 97
120 98
120 100
120 104
120 108
120 110
120 111
120 114
120 120
120 121
120 123
120 126
120 128
120 129
120 136
120 139
120 148
120 153
120 154
120 158
120 166
120 167
120 168
120 178
120 180
121 3
121 9
121 10
121 18
121 19
121 27
121 38
121 40
121 46
121 49
121 55
121 56
121 58
121 60
121 61
121 64
121 67
121 70
121 72
121 73
121 76
121 77
121 78
121 80
121 81
121 82
121 84
121 85
121 90
121 93
121 95
121 103
121 110
121 125
121 132
121 134
121 141
121 142
121 146
121 149
121 151
121 154
121 156
121 160
121 163
121 166
121 168
121 171
121 172
121 178
122 1
122 2
122 10
122 13
122 14
122 15
122 17
122 24
122 27
122 31
122 32
122 36
122 47
122 53
122 54
122 55
122 61
122 65
122 69
122 70
122 75
122 78
122 81
122 82
122 83
122 85
122 87
122 88
122 90
122 93
122 98
122 102
122 104
122 107
122 109
122 111
122 112
122 115
122 116
122 118
122 121
122 122
122 127
122 128
122 133
122 134
122 135
122 139
122 140
122 144
122 145
122 153
122 159
122 164
122 165
122 167
122 176
122 177
122 180
123 5
123 11
123 15
123 21
123 22
123 24
123 28
123 33
123 40
123 42
123 45
123 47
123 51
123 53
123 55
123 56
123 57
123 67
123 73
123 74
123 82
123 85
123 89
123 95
123 96
123 99
123 100
123 103
123 105
123 109
123 110
123 127
123 132
123 133
123 134
123 137
123 139
123 140
123 142
123 145
123 146
123 154
123 155
123 158
123 159
123 161
123 163
123 165
123 168
123 171
123 177
123 178
124 6
124 13
124 21
124 26
124 27
124 29
124 34
124 35
124 36
124 44
124 45
124 47
124 52
124 53
124 56
124 57
124 60
124 65
124 68
124 69
124 70
124 72
124 75
124 77
124 79
124 84
124 85
124 93
124 95
124 99
124 100
124 101
124 104
124 108
124 116
124 118
124 122
124 127
124 134
124 139
124 147
124 148
124 150
124 152
124 154
124 161
124 164
124 168
124 172
124 174
124 175
124 177
125 1
125 2
125 12
125 13
125 15
125 16
125 21
125 23
125 24
125 29
125 30
125 35
125 36
125 39
125 41
125 45
125 46
125 52
125 53
125 63
125 65
125 70
125 74
125 77
125 86
125 90
125 93
125 98
125 107
125 108
125 109
125 120
125 124
125 126
125 132
125 133
125 137
125 141
125 143
125 149
125 165
125 175
125 179
126 2
126 3
126 6
126 7
126 15
126 16
126 19
126 25
126 29
126 32
126 33
126 35
126 40
126 43
126 49
126 62
126 67
126 68
126 70
126 76
126 79
126 80
126 82
126 84
126 85
126 87
126 89
126 94
126 102
126 104
126 106
126 107
126 109
126 113
126 114
126 115
126 117
126 123
126 124
126 128
126 134
126 135
126 139
126 143
126 145
126 146
126 150
126 160
126 166
126 168
126 171
126 172
126 180
127 1
127 9
127 11
127 12
127 15
127 18
127 23
127 41
127 43
127 44
127 49
127 55
127 58
127 59
127 60
127 64
127 65
127 69
127 71
127 73
127 74
127 80
127 84
127 85
127 86
127 89
127 93
127 94
127 96
127 99
127 102
127 103
127 121
127 122
127 128
127 136
127 146
127 150
127 152
127 162
127 170
127 172
127 173
127 175
127 180
128 3
128 5
128 6
128 9
128 12
128 13
128 15
128 20
128 21
128 24
128 37
128 43
128 45
128 49
128 52
128 55
128 65
128 71
128 74
128 75
128 82
128 86
128 87
128 88
128 91
128 95
128 97
128 101
128 113
128 116
128 120
128 121
128 123
128 124
128 128
128 132
128 134
128 135
128 137
128 141
128 146
128 157
128 160
128 166
128 167
128 170
128 171
128 177
128 179
128 180
129 2
129 3
129 9
129 10
129 21
129 26
129 28
129 35
129 37
129 42
129 44
129 49
129 55
129 61
129 63
129 64
129 65
129 66
129 67
129 71
129 72
129 76
129 77
129 82
129 88
129 89
129 96
129 100
129 101
129 102
129 104
129 106
129 107
129 111
129 114
129 123
129 136
129 140
129 144
129 149
129 151
129 155
129 158
129 162
129 166
129 170
129 171
129 173
129 175
130 3
130 17
130 18
130 20
130 26
130 32
130 41
130 48
130 50
130 56
130 59
130 66
130 70
130 71
130 74
130 77
130 81
130 82
130 83
130 84
130 85
130 86
130 90
130 95
130 97
130 99
130 100
130 105
130 106
130 109
130 112
130 116
130 124
130 129
130 130
130 132
130 138
130 139
130 140
130 141
130 142
130 143
130 144
130 146
130 147
130 148
130 150
130 153
130 161
130 162
130 165
130 172
130 173
130 176
130 177
131 1
131 17
131 19
131 20
131 21
131 24
131 25
131 29
131 30
131 31
131 33
131 37
131 39
131 42
131 47
131 50
131 57
131 60
131 67
131 68
131 69
131 71
131 72
131 74
131 75
131 79
131 80
131 82
131 84
131 89
131 101
131 102
131 115
131 118
131 120
131 123
131 124
131 125
131 127
131 131
131 136
131 141
131 143
131 149
131 150
131 151
131 157
131 162
131 165
131 167
131 169
131 170
131 171
131 177
131 178
132 1
132 2
132 3
132 4
132 7
132 19
132 20
132 22
132 23
132 24
132 30
132 38
132 45
132 48
132 60
132 64
132 65
132 67
132 69
132 70
132 71
132 73
132 75
132 78
132 79
132 82
132 83
132 84
132 87
132 88
132 89
132 92
132 93
132 98
132 105
132 116
132 117
132 121
132 122
132 128
132 132
132 133
132 135
132 141
132 148
132 171
132 174
132 176
132 178
132 179
132 180
133 1
133 4
133 8
133 9
133 10
133 12
133 19
133 20
133 21
133 34
133 35
133 41
133 42
133 44
133 48
133 49
133 56
133 59
133 62
133 63
133 70
133 71
133 75
133 77
133 79
133 85
133 88
133 93
133 97
133 98
133 103
133 105
133 106
133 109
133 113
133 117
133 118
133 121
133 124
133 125
133 130
133 132
133 133
133 141
133 148
133 149
133 161
133 169
134 2
134 3
134 6
134 13
134 15
134 21
134 24
134 27
134 28
134 30
134 31
134 38
134 41
134 42
134 43
134 44
134 45
134 48
134 52
134 53
134 58
134 63
134 68
134 69
134 70
134 71
134 78
134 81
134 83
134 84
134 86
134 94
134 95
134 98
134 100
134 108
134 113
134 116
134 117
134 118
134 121
134 122
134 123
134 125
134 127
134 131
134 138
134 140
134 146
134 148
134 151
134 153
134 160
134 161
134 166
134 169
134 171
134 172
134 180
135 1
135 2
135 8
135 9
135 14
135 18
135 21
135 23
135 30
135 31
135 32
135 33
135 34
135 35
135 37
135 38
135 39
135 40
135 44
135 49
135 58
135 61
135 63
135 66
135 67
135 71
135 75
135 79
135 83
135 85
135 90
135 94
135 95
135 96
135 98
135 100
135 109
135 114
135 116
135 122
135 123
135 126
135 127
135 135
135 136
135 142
135 160
135 162
135 163
135 166
135 168
135 170
135 174
135 175
135 180
136 1
136 6
136 7
136 8
136 11
136 12
136 13
136 18
136 20
136 21
136 22
136 23
136 27
136 30
136 32
136 34
136 45
136 47
136 48
136 50
136 54
136 58
136 59
136 62
136 63
136 65
136 66
136 77
136 78
136 85
136 86
136 91
136 102
136 107
136 111
136 118
136 121
136 122
136 123
136 125
136 127
136 128
136 137
136 139
136 143
136 145
136 148
136 153
136 154
136 155
136 165
136 168
136 170
136 172
136 177
136 178
136 179
136 180
137 1
137 4
137 5
137 7
137 13
137 17
137 18
137 20
137 25
137 27
137 33
137 42
137 43
137 44
137 45
137 48
137 54
137 56
137 57
137 59
137 60
137 62
137 63
137 66
137 67
137 69
137 72
137 78
137 90
137 93
137 94
137 97
137 99
137 105
137 106
137 108
137 109
137 112
137 113
137 115
137 122
137 126
137 129
137 131
137 132
137 134
137 136
137 138
137 140
137 142
137 145
137 146
137 156
137 163
137 164
137 165
137 172
137 174
137 179
137 180
138 1
138 4
138 14
138 16
138 23
138 24
138 33
138 35
138 36
138 37
138 40
138 46
138 54
138 56
138 59
138 60
138 62
138 64
138 65
138 68
138 73
138 75
138 80
138 87
138 93
138 94
138 95
138 97
138 103
138 105
138 109
138 110
138 115
138 118
138 119
138 122
138 128
138 129
138 134
138 141
138 143
138 144
138 152
138 155
138 158
138 163
138 167
138 169
138 172
138 176
138 177
138 178
139 4
139 7
139 12
139 13
139 17
139 18
139 21
139 26
139 29
139 53
139 54
139 61
139 64
139 68
139 69
139 72
139 75
139 84
139 85
139 86
139 87
139 89
139 91
139 92
139 93
139 94
139 103
139 107
139 110
139 113
139 116
139 120
139 121
139 124
139 125
139 127
139 131
139 132
139 134
139 137
139 139
139 141
139 143
139 147
139 148
139 149
139 155
139 156
139 158
139 159
139 161
139 163
139 164
139 168
139 170
139 177
139 179
139 180
140 2
140 7
140 9
140 10
140 11
140 12
140 15
140 16
140 20
140 27
140 31
140 33
140 34
140 39
140 41
140 43
140 45
140 46
140 47
140 50
140 52
140 54
140 58
140 61
140 62
140 68
140 71
140 72
140 73
140 74
140 75
140 76
140 78
140 82
140 87
140 96
140 101
140 103
140 106
140 107
140 108
140 110
140 111
140 112
140 114
140 116
140 117
140 120
140 122
140 124
140 127
140 130
140 132
140 135
140 137
140 139
140 140
140 141
140 142
140 149
140 151
140 154
140 160
140 162
140 169
140 170
140 171
140 173
140 176
140 178
140 179
141 1
141 3
141 7
141 8
141 9
141 14
141 17
141 19
141 21
141 22
141 23
141 26
141 37
141 38
141 40
141 41
141 46
141 49
141 51
141 55
141 60
141 65
141 66
141 67
141 82
141 84
141 89
141 90
141 92
141 95
141 99
141 100
141 101
141 102
141 109
141 114
141 118
141 119
141 123
141 124
141 128
141 132
141 133
141 134
141 137
141 142
141 143
141 147
141 151
141 153
141 155
141 159
141 162
141 163
141 168
141 169
141 170
141 173
141 174
141 178
141 179
142 1
142 2
142 6
142 9
142 12
142 22
142 23
142 28
142 32
142 34
142 37
142 40
142 46
142 51
142 56
142 58
142 60
142 61
142 65
142 68
142 72
142 74
142 75
142 77
142 79
142 81
142 85
142 88
142 98
142 100
142 101
142 108
142 111
142 116
142 122
142 124
142 127
142 129
142 132
142 137
142 143
142 147
142 149
142 150
142 159
142 162
142 166
142 172
142 173
142 174
142 180
143 1
143 5
143 6
143 11
143 14
143 19
143 21
143 22
143 32
143 34
143 38
143 39
143 40
143 42
143 45
143 48
143 49
143 51
143 54
143 55
143 57
143 58
143 60
143 61
143 62
143 63
143 66
143 68
143 71
143 72
143 77
143 79
143 81
143 83
143 84
143 87
143 90
143 99
143 101
143 102
143 103
143 104
143 107
143 109
143 110
143 113
143 114
143 117
143 119
143 122
143 128
143 133
143 136
143 138
143 142
143 145
143 149
143 152
143 153
143 157
143 158
143 160
143 162
143 163
143 166
143 169
144 4
144 5
144 7
144 10
144 11
144 20
144 22
144 28
144 33
144 34
144 39
144 40
144 46
144 47
144 48
144 57
144 64
144 66
144 67
144 69
144 82
144 85
144 95
144 100
144 101
144 104
144 106
144 112
144 118
144 119
144 124
144 130
144 135
144 136
144 137
144 139
144 141
144 143
144 145
144 149
144 150
144 152
144 161
144 164
144 165
144 171
144 173
144 175
144 176
144 177
144 178
145 16
145 21
145 22
145 23
145 25
145 27
145 43
145 48
145 51
145 53
145 55
145 57
145 60
145 64
145 65
145 69
145 71
145 77
145 78
145 79
145 81
145 84
145 85
145 99
145 100
145 101
145 103
145 105
145 113
145 114
145 116
145 117
145 118
145 119
145 121
145 122
145 123
145 124
145 127
145 131
145 132
145 133
145 135
145 137
145 138
145 139
145 140
145 145
145 146
145 148
145 152
145 154
145 155
145 157
145 160
145 163
145 166
145 167
145 169
145 171
145 173
145 178
145 180
146 5
146 6
146 7
146 12
146 15
146 16
146 17
146 22
146 24
146 25
146 28
146 31
146 37
146 39
146 44
146 53
146 57
146 74
146 75
146 77
146 82
146 87
146 90
146 92
146 93
146 94
146 95
146 96
146 99
146 100
146 101
146 108
146 115
146 118
146 119
146 121
146 123
146 124
146 125
146 128
146 129
146 130
146 133
146 135
146 146
146 152
146 154
146 164
146 168
146 172
146 174
146 179
147 1
147 3
147 9
147 13
147 15
147 20
147 21
147 26
147 28
147 29
147 30
147 35
147 36
147 43
147 47
147 48
147 50
147 53
147 62
147 67
147 68
147 70
147 71
147 76
147 78
147 79
147 82
147 83
147 90
147 92
147 97
147 99
147 100
147 101
147 102
147 103
147 106
147 107
147 108
147 109
147 110
147 112
147 119
147 124
147 125
147 126
147 127
147 131
147 132
147 141
147 146
147 155
147 156
147 157
147 160
147 161
147 164
147 166
147 172
147 175
147 176
148 8
148 10
148 13
148 14
148 15
148 21
148 22
148 28
148 31
148 32
148 33
148 39
148 41
148 47
148 48
148 51
148 57
148 59
148 64
148 68
148 70
148 71
148 77
148 86
148 93
148 98
148 103
148 104
148 106
148 108
148 113
148 115
148 122
148 138
148 141
148 142
148 143
148 147
148 149
148 156
148 158
148 162
148 165
148 166
148 167
148 168
148 171
148 175
148 178
149 4
149 5
149 6
149 7
149 11
149 12
149 20
149 21
149 27
149 31
149 34
149 37
149 38
149 41
149 46
149 47
149 48
149 49
149 53
149 54
149 56
149 70
149 73
149 76
149 77
149 78
149 81
149 84
149 88
149 89
149 90
149 94
149 98
149 101
149 107
149 108
149 111
149 113
149 115
149 117
149 118
149 119
149 124
149 126
149 128
149 129
149 130
149 134
149 135
149 138
149 143
149 145
149 148
149 151
149 152
149 154
149 161
149 162
149 166
149 171
149 176
149 179
149 180
150 1
150 2
150 3
150 5
150 9
150 10
150 15
150 16
150 20
150 21
150 23
150 41
150 48
150 49
150 50
150 57
150 59
150 61
150 68
150 78
150 80
150 81
150 82
150 84
150 92
150 94
150 97
150 107
150 110
150 111
150 114
150 116
150 118
150 120
150 128
150 130
150 136
150 137
150 138
150 139
150 141
150 145
150 146
150 149
150 156
150 160
150 163
150 164
150 176
150 179
150 180
151 5
151 9
151 12
151 15
151 18
151 19
151 25
151 28
151 31
151 33
151 38
151 40
151 42
151 48
151 50
151 55
151 61
151 63
151 65
151 67
151 71
151 77
151 79
151 81
151 82
151 90
151 102
151 105
151 109
151 110
151 113
151 120
151 123
151 129
151 130
151 132
151 133
151 135
151 140
151 144
151 152
151 154
151 160
151 164
151 166
151 170
151 172
151 174
151 176
151 177
152 1
152 3
152 10
152 11
152 12
152 14
152 18
152 24
152 28
152 29
152 33
152 34
152 40
152 42
152 44
152 49
152 56
152 62
152 63
152 66
152 70
152 75
152 77
152 83
152 89
152 92
152 97
152 104
152 107
152 108
152 111
152 112
152 116
152 117
152 122
152 127
152 129
152 130
152 131
152 134
152 137
152 143
152 145
152 146
152 147
152 148
152 151
152 155
152 162
152 163
152 173
152 180
153 4
153 17
153 20
153 22
153 23
153 24
153 27
153 30
153 32
153 35
153 36
153 39
153 42
153 46
153 52
153 66
153 70
153 72
153 74
153 78
153 81
153 82
153 83
153 86
153 88
153 91
153 92
153 94
153 101
153 104
153 111
153 112
153 116
153 118
153 123
153 130
153 131
153 133
153 140
153 143
153 146
153 151
153 152
153 154
153 160
153 161
153 163
153 166
153 168
153 172
153 173
153 175
153 177
154 5
154 6
154 20
154 21
154 24
154 27
154 31
154 34
154 38
154 42
154 44
154 46
154 50
154 52
154 54
154 61
154 62
154 65
154 66
154 72
154 76
154 79
154 82
154 84
154 90
154 91
154 93
154 105
154 108
154 109
154 114
154 117
154 118
154 121
154 126
154 129
154 138
154 142
154 144
154 145
154 148
154 152
154 153
154 156
154 158
154 164
154 174
154 177
155 2
155 6
155 7
155 9
155 11
155 13
155 14
155 15
155 32
155 34
155 39
155 43
155 47
155 49
155 50
155 51
155 54
155 55
155 58
155 59
155 60
155 64
155 65
155 72
155 76
155 77
155 82
155 86
155 92
155 93
155 105
155 107
155 108
155 119
155 129
155 130
155 134
155 136
155 138
155 141
155 143
155 150
155 152
155 153
155 154
155 161
155 163
155 170
155 174
155 176
155 178
155 180
156 2
156 3
156 10
156 11
156 14
156 15
156 20
156 23
156 25
156 26
156 30
156 32
156 35
156 39
156 42
156 48
156 52
156 55
156 60
156 62
156 68
156 70
156 71
156 73
156 76
156 82
156 84
156 86
156 90
156 94
156 100
156 101
156 102
156 108
156 113
156 115
156 127
156 131
156 135
156 136
156 146
156 147
156 150
156 154
156 157
156 158
156 161
156 167
156 170
156 172
157 4
157 16
157 31
157 32
157 33
157 34
157 35
157 39
157 40
157 42
157 46
157 47
157 49
157 52
157 54
157 55
157 61
157 69
157 71
157 73
157 75
157 81
157 83
157 87
157 91
157 94
157 95
157 98
157 104
157 107
157 112
157 116
157 117
157 119
157 122
157 126
157 127
157 130
157 132
157 135
157 145
157 152
157 154
157 159
157 167
157 172
157 173
157 178
157 180
158 5
158 8
158 10
158 12
158 13
158 14
158 16
158 21
158 22
158 23
158 26
158 28
158 32
158 34
158 39
158 41
158 44
158 45
158 46
158 47
158 51
158 64
158 65
158 66
158 68
158 71
158 73
158 75
158 77
158 86
158 89
158 90
158 94
158 97
158 102
158 105
158 112
158 113
158 116
158 117
158 121
158 130
158 134
158 135
158 136
158 137
158 140
158 143
158 144
158 146
158 147
158 149
158 153
158 156
158 157
158 162
158 166
158 170
158 172
158 174
158 175
158 176
158 180
159 2
159 9
159 17
159 20
159 22
159 25
159 28
159 33
159 34
159 37
159 42
159 43
159 52
159 56
159 59
159 65
159 69
159 71
159 72
159 75
159 77
159 78
159 82
159 88
159 98
159 99
159 101
159 104
159 105
159 111
159 116
159 117
159 122
159 124
159 129
159 131
159 132
159 138
159 139
159 145
159 146
159 150
159 151
159 152
159 155
159 157
159 162
159 167
159 168
159 176
159 177
160 3
160 10
160 18
160 21
160 22
160 23
160 25
160 29
160 35
160 39
160 40
160 46
160 47
160 49
160 50
160 53
160 54
160 58
160 66
160 73
160 90
160 92
160 100
160 103
160 106
160 107
160 112
160 113
160 114
160 115
160 116
160 118
160 120
160 122
160 124
160 131
160 135
160 137
160 138
160 139
160 140
160 143
160 145
160 146
160 148
160 149
160 156
160 157
160 162
160 169
160 170
160 172
160 174
160 175
160 178
161 15
161 16
161 20
161 25
161 26
161 29
161 31
161 32
161 34
161 35
161 39
161 43
161 48
161 51
161 53
161 55
161 59
161 63
161 64
161 65
161 67
161 69
161 70
161 71
161 72
161 73
161 75
161 76
161 77
161 78
161 84
161 86
161 89
161 92
161 93
161 96
161 100
161 103
161 107
161 117
161 119
161 121
161 125
161 126
161 135
161 136
161 137
161 138
161 141
161 143
161 145
161 147
161 153
161 155
161 158
161 159
161 160
161 167
161 170
161 172
161 176
161 178
161 179
161 180
162 5
162 11
162 13
162 16
162 19
162 20
162 21
162 22
162 24
162 25
162 28
162 32
162 33
162 34
162 38
162 41
162 43
162 45
162 49
162 56
162 58
162 62
162 63
162 64
162 70
162 72
162 73
162 75
162 76
162 80
162 81
162 85
162 87
162 90
162 99
162 101
162 107
162 108
162 109
162 110
162 117
162 118
162 124
162 125
162 128
162 129
162 130
162 131
162 133
162 134
162 135
162 137
162 138
162 139
162 142
162 154
162 157
162 158
162 160
162 161
162 165
162 172
162 173
162 176
162 180
163 1
163 2
163 4
163 9
163 10
163 12
163 14
163 24
163 33
163 36
163 38
163 42
163 46
163 47
163 50
163 53
163 54
163 55
163 61
163 63
163 66
163 67
163 75
163 76
163 91
163 97
163 98
163 99
163 104
163 106
163 109
163 113
163 119
163 120
163 121
163 124
163 130
163 133
163 135
163 145
163 152
163 153
163 157
163 162
163 166
163 167
163 168
163 170
163 177
163 178
163 179
163 180
164 1
164 5
164 6
164 7
164 10
164 11
164 12
164 13
164 17
164 22
164 25
164 26
164 27
164 28
164 35
164 37
164 39
164 42
164 43
164 47
164 49
164 51
164 54
164 56
164 64
164 67
164 69
164 79
164 94
164 102
164 103
164 106
164 109
164 112
164 117
164 121
164 124
164 125
164 126
164 129
164 133
164 135
164 137
164 139
164 141
164 142
164 145
164 161
164 164
164 165
164 168
164 170
164 173
164 179
165 2
165 4
165 13
165 17
165 18
165 23
165 26
165 32
165 41
165 49
165 54
165 64
165 68
165 70
165 71
165 73
165 79
165 83
165 86
165 88
165 89
165 93
165 96
165 98
165 102
165 104
165 107
165 111
165 112
165 113
165 123
165 126
165 130
165 131
165 133
165 142
165 146
165 148
165 153
165 155
165 161
165 162
165 163
165 165
165 166
165 169
165 171
165 172
165 176
165 178
165 179
166 2
166 5
166 7
166 13
166 16
166 18
166 19
166 26
166 33
166 39
166 42
166 43
166 44
166 54
166 56
166 57
166 58
166 64
166 69
166 71
166 80
166 83
166 86
166 96
166 97
166 98
166 103
166 105
166 110
166 113
166 115
166 116
166 119
166 120
166 124
166 126
166 127
166 128
166 130
166 131
166 141
166 143
166 148
166 149
166 151
166 156
166 157
166 158
166 159
166 162
166 170
166 171
166 179
167 8
167 9
167 14
167 15
167 16
167 17
167 23
167 24
167 25
167 29
167 32
167 34
167 36
167 39
167 41
167 42
167 47
167 54
167 55
167 56
167 57
167 61
167 66
167 68
167 71
167 72
167 80
167 84
167 91
167 93
167 95
167 98
167 100
167 101
167 103
167 108
167 111
167 113
167 115
167 117
167 120
167 121
167 123
167 124
167 126
167 129
167 137
167 138
167 141
167 142
167 143
167 144
167 149
167 150
167 152
167 153
167 158
167 159
167 160
167 161
167 162
167 168
167 173
167 178
168 1
168 2
168 5
168 14
168 21
168 28
168 34
168 36
168 39
168 56
168 60
168 62
168 67
168 68
168 69
168 75
168 80
168 81
168 86
168 92
168 94
168 96
168 99
168 104
168 106
168 118
168 124
168 125
168 128
168 135
168 137
168 138
168 140
168 141
168 142
168 143
168 149
168 150
168 155
168 157
168 160
168 162
168 164
168 167
168 172
168 173
168 176
168 177
168 179
169 5
169 9
169 11
169 17
169 23
169 26
169 31
169 32
169 37
169 38
169 42
169 44
169 48
169 49
169 50
169 52
169 54
169 58
169 59
169 65
169 68
169 74
169 76
169 80
169 84
169 86
169 89
169 90
169 92
169 96
169 101
169 102
169 105
169 109
169 112
169 114
169 116
169 117
169 122
169 123
169 124
169 126
169 130
169 132
169 133
169 134
169 135
169 139
169 145
169 151
169 152
169 155
169 156
169 160
169 162
169 164
169 166
169 167
169 168
169 170
169 172
169 173
169 174
169 175
169 176
170 1
170 4
170 12
170 14
170 15
170 16
170 19
170 23
170 24
170 28
170 34
170 36
170 43
170 45
170 50
170 51
170 54
170 60
170 62
170 66
170 67
170 70
170 73
170 75
170 76
170 78
170 79
170 87
170 92
170 93
170 94
170 95
170 96
170 98
170 101
170 105
170 109
170 112
170 119
170 120
170 122
170 124
170 125
170 134
170 138
170 141
170 142
170 143
170 145
170 152
170 153
170 155
170 159
170 165
170 167
170 178
170 179
170 180
171 2
171 4
171 6
171 8
171 9
171 10
171 11
171 14
171 20
171 21
171 26
171 28
171 32
171 35
171 39
171 45
171 58
171 59
171 63
171 70
171 72
171 79
171 83
171 89
171 90
171 92
171 94
171 98
171 100
171 101
171 106
171 107
171 111
171 113
171 122
171 125
171 128
171 131
171 145
171 147
171 149
171 150
171 151
171 156
171 160
171 164
171 165
171 166
171 173
171 175
171 177
172 2
172 3
172 4
172 5
172 7
172 8
172 9
172 13
172 14
172 17
172 22
172 24
172 25
172 30
172 31
172 32
172 33
172 36
172 41
172 42
172 47
172 52
172 56
172 58
172 59
172 60
172 63
172 67
172 71
172 78
172 81
172 82
172 83
172 85
172 87
172 88
172 99
172 100
172 102
172 106
172 110
172 114
172 117
172 118
172 119
172 126
172 133
172 134
172 143
172 148
172 155
172 156
172 158
172 159
172 160
172 164
172 166
172 167
172 168
172 169
172 174
172 177
172 179
173 1
173 9
173 15
173 16
173 19
173 21
173 30
173 32
173 33
173 35
173 40
173 41
173 49
173 51
173 56
173 57
173 58
173 59
173 62
173 64
173 65
173 70
173 73
173 77
173 78
173 81
173 82
173 87
173 88
173 90
173 91
173 93
173 96
173 97
173 99
173 102
173 104
173 115
173 116
173 117
173 121
173 122
173 125
173 133
173 135
173 143
173 144
173 149
173 151
173 152
173 153
173 154
173 155
173 156
173 161
173 165
173 168
174 1
174 3
174 6
174 7
174 15
174 20
174 24
174 25
174 27
174 30
174 33
174 35
174 41
174 50
174 57
174 58
174 66
174 67
174 69
174 75
174 76
174 78
174 80
174 82
174 83
174 84
174 86
174 90
174 92
174 93
174 95
174 101
174 104
174 107
174 111
174 112
174 116
174 119
174 123
174 125
174 131
174 132
174 138
174 140
174 141
174 144
174 145
174 148
174 151
174 152
174 156
174 158
174 160
174 171
174 172
174 173
174 176
174 180
175 1
175 7
175 11
175 13
175 16
175 19
175 30
175 33
175 35
175 37
175 48
175 49
175 50
175 51
175 65
175 66
175 69
175 72
175 75
175 76
175 78
175 79
175 81
175 82
175 83
175 85
175 91
175 94
175 97
175 102
175 104
175 106
175 110
175 111
175 115
175 118
175 122
175 124
175 125
175 137
175 138
175 140
175 142
175 148
175 149
175 151
175 152
175 155
175 156
175 157
175 160
175 163
175 165
175 168
175 170
175 178
176 2
176 9
176 14
176 17
176 18
176 19
176 22
176 26
176 35
176 52
176 53
176 54
176 56
176 57
176 63
176 73
176 75
176 84
176 88
176 90
176 98
176 100
176 102
176 103
176 104
176 105
176 109
176 111
176 113
176 115
176 117
176 120
176 122
176 124
176 127
176 128
176 135
176 140
176 142
176 151
176 158
176 161
176 164
176 167
176 169
176 172
176 177
176 180
177 1
177 3
177 5
177 8
177 12
177 13
177 14
177 15
177 16
177 17
177 22
177 25
177 26
177 28
177 32
177 35
177 39
177 45
177 46
177 50
177 65
177 66
177 70
177 79
177 81
177 82
177 83
177 86
177 90
177 96
177 99
177 100
177 101
177 104
177 107
177 117
177 121
177 139
177 140
177 141
177 143
177 146
177 148
177 157
177 158
177 171
177 178
177 179
178 4
178 6
178 8
178 13
178 17
178 19
178 24
178 25
178 30
178 32
178 35
178 36
178 38
178 42
178 49
178 53
178 56
178 57
178 62
178 65
178 69
178 73
178 75
178 85
178 93
178 95
178 102
178 108
178 112
178 113
178 119
178 123
178 126
178 128
178 129
178 139
178 140
178 142
178 143
178 144
178 147
178 148
178 149
178 159
178 160
178 165
178 166
178 167
178 168
178 171
178 176
178 179
178 180
179 4
179 6
179 8
179 10
179 11
179 12
179 14
179 19
179 22
179 23
179 30
179 31
179 32
179 36
179 38
179 39
179 43
179 48
179 51
179 54
179 61
179 71
179 74
179 75
179 78
179 89
179 93
179 96
179 99
179 101
179 107
179 109
179 111
179 114
179 115
179 117
179 118
179 128
179 129
179 130
179 132
179 139
179 140
179 141
179 145
179 147
179 149
179 150
179 152
179 156
179 157
179 163
179 166
179 169
179 171
179 173
180 1
180 7
180 8
180 9
180 10
180 11
180 15
180 17
180 18
180 19
180 20
180 21
180 23
180 25
180 28
180 30
180 38
180 39
180 42
180 45
180 50
180 59
180 69
180 80
180 82
180 90
180 92
180 97
180 98
180 100
180 103
180 110
180 114
180 124
180 126
180 130
180 132
180 133
180 136
180 143
180 145
180 151
180 156
180 161
180 162
180 164
180 166
180 169
180 170
180 171
180 172
180 173
180 177
