80 80 1842
1 1
1 4
1 5
1 7
1 21
1 25
1 26
1 27
1 36
1 38
1 40
1 45
1 51
1 52
1 55
1 60
1 66
1 69
1 72
1 80
2 4
2 7
2 17
2 26
2 28
2 32
2 33
2 36
2 38
2 43
2 44
2 46
2 52
2 55
2 56
2 61
2 62
2 63
2 66
2 72
2 73
2 75
2 76
2 77
3 2
3 3
3 5
3 7
3 10
3 13
3 17
3 20
3 25
3 27
3 31
3 34
3 36
3 39
3 43
3 46
3 52
3 53
3 62
3 63
3 71
3 74
3 80
4 3
4 8
4 14
4 17
4 26
4 29
4 32
4 35
4 38
4 40
4 49
4 52
4 58
4 62
4 65
4 70
4 71
4 74
4 75
4 76
5 4
5 14
5 17
5 25
5 29
5 31
5 33
5 37
5 38
5 40
5 41
5 42
5 43
5 47
5 49
5 51
5 54
5 57
5 61
5 64
5 66
5 68
5 69
5 78
6 1
6 4
6 5
6 13
6 15
6 17
6 21
6 25
6 26
6 29
6 32
6 37
6 40
6 44
6 49
6 51
6 58
6 61
6 62
6 67
6 73
7 4
7 10
7 14
7 18
7 20
7 23
7 26
7 27
7 28
7 30
7 41
7 52
7 71
7 76
7 77
7 78
7 80
8 5
8 7
8 13
8 14
8 22
8 27
8 28
8 31
8 32
8 36
8 37
8 39
8 46
8 47
8 51
8 52
8 59
8 61
8 65
8 73
8 76
8 80
9 3
9 4
9 8
9 10
9 17
9 18
9 19
9 20
9 23
9 24
9 25
9 26
9 27
9 28
9 37
9 38
9 40
9 43
9 47
9 49
9 52
9 53
9 66
9 69
9 76
9 78
10 5
10 7
10 8
10 14
10 17
10 20
10 22
10 24
10 27
10 29
10 37
10 42
10 43
10 48
10 49
10 56
10 60
10 64
10 67
10 72
10 73
10 74
10 75
11 2
11 8
11 10
11 18
11 21
11 27
11 29
11 30
11 33
11 35
11 39
11 48
11 52
11 58
11 67
11 70
11 77
11 80
12 5
12 7
12 8
12 11
12 16
12 17
12 20
12 24
12 34
12 35
12 39
12 45
12 46
12 51
12 58
12 67
12 74
12 75
12 76
12 80
13 1
13 2
13 8
13 9
13 13
13 20
13 21
13 26
13 34
13 43
13 47
13 49
13 50
13 51
13 52
13 53
13 55
13 60
13 66
13 75
13 77
14 3
14 4
14 6
14 8
14 9
14 11
14 15
14 16
14 18
14 22
14 24
14 26
14 30
14 36
14 37
14 38
14 40
14 41
14 42
14 44
14 51
14 55
14 57
14 60
14 64
14 65
14 68
14 78
15 1
15 2
15 3
15 4
15 9
15 12
15 15
15 18
15 19
15 22
15 26
15 27
15 32
15 33
15 36
15 37
15 41
15 48
15 49
15 51
15 52
15 54
15 56
15 60
15 63
15 65
15 68
15 69
15 72
15 73
15 74
15 75
16 3
16 4
16 5
16 6
16 8
16 10
16 13
16 17
16 29
16 39
16 40
16 48
16 50
16 52
16 56
16 58
16 61
16 63
16 64
16 68
16 74
16 75
16 77
16 79
17 3
17 4
17 5
17 6
17 7
17 10
17 11
17 12
17 13
17 18
17 20
17 24
17 30
17 32
17 33
17 39
17 41
17 44
17 47
17 51
17 54
17 56
17 58
17 63
17 74
17 76
18 5
18 6
18 8
18 11
18 14
18 20
18 25
18 26
18 31
18 48
18 49
18 52
18 56
18 60
18 62
18 67
18 68
18 75
19 1
19 2
19 4
19 6
19 7
19 10
19 11
19 13
19 15
19 16
19 17
19 21
19 23
19 25
19 31
19 33
19 38
19 41
19 42
19 44
19 53
19 54
19 55
19 56
19 61
19 63
19 69
19 71
19 75
19 77
19 80
20 2
20 3
20 5
20 7
20 12
20 13
20 16
20 17
20 25
20 40
20 44
20 49
20 51
20 54
20 55
20 58
20 59
20 62
20 63
20 65
20 68
20 69
20 73
20 78
20 79
21 1
21 7
21 12
21 17
21 25
21 28
21 29
21 30
21 31
21 35
21 36
21 37
21 40
21 42
21 46
21 47
21 51
21 53
21 55
21 57
21 59
21 73
21 74
21 76
21 79
22 1
22 4
22 5
22 6
22 9
22 15
22 19
22 24
22 27
22 31
22 33
22 36
22 39
22 42
22 45
22 49
22 55
22 56
22 57
22 64
22 65
22 67
22 75
22 77
23 3
23 4
23 8
23 16
23 17
23 19
23 23
23 27
23 28
23 30
23 34
23 38
23 39
23 42
23 44
23 48
23 49
23 52
23 54
23 56
23 58
23 59
23 61
23 67
23 77
23 78
24 2
24 6
24 11
24 14
24 19
24 27
24 28
24 29
24 31
24 33
24 38
24 41
24 43
24 44
24 46
24 48
24 49
24 55
24 57
24 58
24 59
24 64
24 67
24 68
24 73
24 77
24 78
24 80
25 4
25 8
25 10
25 12
25 17
25 20
25 23
25 28
25 30
25 33
25 37
25 42
25 45
25 46
25 52
25 53
25 59
25 60
25 62
25 65
25 68
25 72
25 76
25 77
25 79
26 5
26 8
26 9
26 10
26 20
26 21
26 24
26 25
26 26
26 27
26 29
26 40
26 43
26 44
26 48
26 53
26 62
26 64
26 65
26 66
26 68
26 71
26 73
26 74
26 77
26 79
27 4
27 5
27 11
27 14
27 20
27 21
27 24
27 26
27 34
27 35
27 57
27 58
27 60
27 61
27 67
27 72
27 74
27 78
27 80
28 2
28 4
28 5
28 8
28 14
28 15
28 21
28 22
28 30
28 33
28 34
28 38
28 42
28 43
28 48
28 57
28 58
28 59
28 60
28 61
28 62
28 67
28 70
28 72
28 79
29 1
29 7
29 13
29 16
29 18
29 23
29 26
29 28
29 29
29 31
29 33
29 37
29 39
29 41
29 43
29 46
29 66
29 71
29 73
29 74
30 1
30 2
30 4
30 11
30 16
30 19
30 26
30 34
30 37
30 41
30 47
30 71
30 74
30 75
30 76
30 77
30 79
30 80
31 5
31 6
31 9
31 11
31 15
31 17
31 18
31 24
31 31
31 32
31 39
31 46
31 48
31 50
31 57
31 67
31 71
31 73
31 77
31 79
32 5
32 6
32 8
32 12
32 17
32 18
32 19
32 20
32 21
32 30
32 40
32 41
32 47
32 51
32 58
32 62
32 64
32 70
32 72
32 74
32 76
32 80
33 2
33 4
33 6
33 7
33 8
33 9
33 11
33 14
33 16
33 22
33 29
33 32
33 33
33 37
33 39
33 40
33 41
33 43
33 45
33 48
33 50
33 51
33 56
33 65
33 66
33 68
33 73
33 74
33 75
33 76
34 2
34 4
34 6
34 7
34 11
34 12
34 13
34 15
34 16
34 22
34 24
34 25
34 26
34 31
34 33
34 36
34 39
34 42
34 51
34 53
34 57
34 60
34 61
34 62
34 65
34 69
34 72
35 2
35 3
35 7
35 20
35 21
35 22
35 25
35 28
35 32
35 36
35 37
35 41
35 49
35 50
35 53
35 56
35 57
35 59
35 62
35 74
35 76
35 77
35 80
36 14
36 18
36 20
36 22
36 23
36 28
36 31
36 32
36 33
36 35
36 36
36 40
36 45
36 46
36 49
36 54
36 55
36 59
36 61
36 64
36 67
36 68
36 73
37 1
37 2
37 4
37 10
37 13
37 15
37 17
37 18
37 19
37 20
37 21
37 32
37 34
37 35
37 39
37 50
37 51
37 60
37 63
37 67
37 68
37 73
37 77
37 79
37 80
38 1
38 4
38 5
38 8
38 10
38 11
38 13
38 14
38 17
38 18
38 20
38 23
38 27
38 32
38 49
38 51
38 56
38 60
38 65
38 74
39 5
39 6
39 14
39 22
39 25
39 27
39 28
39 30
39 32
39 35
39 40
39 44
39 51
39 57
39 61
39 66
39 69
39 76
39 77
40 13
40 16
40 18
40 20
40 21
40 23
40 25
40 28
40 31
40 32
40 33
40 36
40 43
40 44
40 47
40 51
40 52
40 59
40 60
40 62
40 74
40 79
40 80
41 9
41 10
41 14
41 18
41 19
41 27
41 32
41 38
41 39
41 42
41 43
41 49
41 51
41 52
41 56
41 62
41 68
41 69
41 73
41 80
42 5
42 6
42 7
42 8
42 17
42 26
42 30
42 32
42 33
42 36
42 38
42 40
42 41
42 43
42 49
42 52
42 56
42 57
42 58
42 61
42 62
42 64
42 66
42 68
42 80
43 1
43 3
43 6
43 7
43 10
43 13
43 17
43 19
43 20
43 24
43 26
43 28
43 29
43 34
43 36
43 42
43 46
43 48
43 54
43 59
43 72
43 74
43 76
43 77
44 3
44 5
44 6
44 7
44 10
44 11
44 12
44 16
44 24
44 26
44 27
44 29
44 34
44 35
44 42
44 44
44 55
44 56
44 62
44 66
44 72
44 79
44 80
45 8
45 10
45 16
45 17
45 18
45 21
45 25
45 27
45 28
45 31
45 35
45 36
45 40
45 44
45 46
45 47
45 51
45 57
45 58
45 66
45 73
45 76
45 77
46 1
46 4
46 8
46 11
46 19
46 21
46 23
46 25
46 29
46 31
46 32
46 43
46 44
46 45
46 51
46 53
46 54
46 57
46 59
46 65
46 68
46 69
46 71
46 76
46 77
46 80
47 2
47 3
47 6
47 12
47 13
47 14
47 15
47 16
47 17
47 23
47 26
47 29
47 30
47 31
47 32
47 33
47 43
47 45
47 57
47 58
47 59
47 60
47 62
47 67
47 73
47 75
47 77
47 78
48 6
48 8
48 11
48 12
48 14
48 18
48 19
48 20
48 21
48 23
48 31
48 42
48 47
48 49
48 52
48 63
48 77
48 78
49 1
49 10
49 11
49 16
49 18
49 20
49 24
49 27
49 33
49 37
49 44
49 47
49 50
49 53
49 59
49 72
49 80
50 1
50 3
50 7
50 14
50 18
50 21
50 22
50 25
50 32
50 33
50 37
50 40
50 43
50 44
50 47
50 48
50 51
50 53
50 56
50 61
50 62
50 64
50 66
50 67
50 68
50 69
50 76
51 1
51 3
51 10
51 16
51 17
51 21
51 22
51 25
51 30
51 34
51 35
51 37
51 39
51 44
51 48
51 52
51 57
51 58
51 60
51 65
51 76
52 6
52 11
52 12
52 18
52 19
52 29
52 30
52 33
52 37
52 41
52 44
52 45
52 49
52 53
52 58
52 61
52 67
52 68
52 72
52 74
53 2
53 4
53 7
53 12
53 15
53 26
53 33
53 36
53 37
53 44
53 45
53 49
53 56
53 60
53 62
53 64
53 66
53 69
53 71
53 72
53 78
54 12
54 13
54 14
54 16
54 23
54 33
54 36
54 37
54 39
54 41
54 46
54 47
54 50
54 54
54 55
54 59
54 67
54 76
54 77
55 3
55 5
55 13
55 15
55 17
55 19
55 21
55 22
55 28
55 30
55 31
55 32
55 33
55 34
55 41
55 43
55 46
55 48
55 53
55 57
55 63
55 66
55 69
55 78
56 11
56 12
56 20
56 25
56 26
56 28
56 32
56 39
56 44
56 48
56 56
56 65
56 67
56 74
56 76
56 80
57 3
57 4
57 6
57 8
57 10
57 12
57 14
57 15
57 16
57 20
57 21
57 22
57 26
57 33
57 37
57 39
57 40
57 41
57 42
57 52
57 53
57 55
57 56
57 57
57 60
57 66
57 75
57 77
57 78
58 6
58 8
58 17
58 30
58 35
58 42
58 49
58 50
58 53
58 58
58 59
58 60
58 61
58 67
58 75
59 3
59 4
59 7
59 11
59 12
59 14
59 21
59 26
59 31
59 38
59 39
59 40
59 41
59 42
59 44
59 47
59 57
59 59
59 61
59 62
59 68
59 75
59 76
59 78
59 79
60 2
60 7
60 8
60 15
60 17
60 18
60 19
60 23
60 25
60 27
60 31
60 34
60 35
60 41
60 49
60 50
60 52
60 53
60 54
60 64
60 65
60 67
60 68
60 71
60 74
61 2
61 5
61 12
61 13
61 15
61 20
61 28
61 31
61 34
61 35
61 37
61 38
61 45
61 48
61 49
61 52
61 53
61 55
61 59
61 64
61 65
61 75
62 4
62 6
62 7
62 18
62 20
62 26
62 32
62 34
62 35
62 42
62 47
62 48
62 49
62 50
62 51
62 54
62 61
62 62
62 63
62 67
62 70
62 75
62 79
63 1
63 2
63 5
63 12
63 13
63 22
63 23
63 24
63 30
63 31
63 32
63 47
63 48
63 55
63 61
63 63
63 67
63 70
63 74
63 78
63 80
64 8
64 9
64 10
64 12
64 14
64 15
64 18
64 19
64 20
64 28
64 29
64 31
64 32
64 34
64 35
64 39
64 43
64 44
64 48
64 51
64 55
64 57
64 59
64 65
64 66
64 69
64 72
64 80
65 2
65 3
65 4
65 10
65 13
65 14
65 19
65 20
65 22
65 24
65 26
65 27
65 35
65 60
65 62
65 66
65 75
65 77
65 78
65 79
65 80
66 6
66 9
66 11
66 12
66 13
66 16
66 21
66 30
66 33
66 36
66 41
66 45
66 51
66 52
66 56
66 58
66 63
66 66
66 71
66 78
67 3
67 4
67 16
67 17
67 24
67 25
67 26
67 33
67 35
67 36
67 37
67 44
67 52
67 56
67 59
67 65
67 71
67 72
67 78
67 79
68 6
68 12
68 14
68 15
68 16
68 19
68 28
68 30
68 37
68 41
68 42
68 44
68 51
68 53
68 62
68 68
68 70
68 72
68 76
68 79
69 3
69 4
69 6
69 10
69 11
69 12
69 14
69 17
69 20
69 21
69 28
69 36
69 41
69 44
69 46
69 52
69 53
69 57
69 59
69 62
69 66
69 69
69 71
69 72
69 76
70 1
70 2
70 10
70 11
70 12
70 17
70 18
70 22
70 26
70 27
70 30
70 34
70 39
70 40
70 41
70 42
70 44
70 51
70 54
70 55
70 59
70 67
70 75
70 80
71 2
71 3
71 11
71 12
71 16
71 21
71 23
71 28
71 29
71 33
71 36
71 40
71 50
71 52
71 54
71 55
71 57
71 64
71 67
71 70
71 71
71 73
72 2
72 4
72 5
72 7
72 8
72 9
72 15
72 19
72 21
72 23
72 24
72 26
72 29
72 31
72 36
72 43
72 45
72 47
72 51
72 54
72 62
72 63
72 68
72 70
72 71
72 73
72 75
73 2
73 5
73 9
73 10
73 12
73 13
73 16
73 17
73 19
73 25
73 30
73 33
73 36
73 42
73 44
73 48
73 51
73 53
73 57
73 61
73 62
73 64
73 67
73 73
74 1
74 4
74 5
74 6
74 12
74 22
74 23
74 27
74 29
74 33
74 34
74 42
74 43
74 45
74 57
74 61
74 62
74 66
74 67
74 70
74 71
74 74
75 1
75 2
75 8
75 11
75 21
75 26
75 27
75 28
75 29
75 30
75 32
75 33
75 35
75 37
75 39
75 42
75 44
75 50
75 51
75 53
75 61
75 62
75 65
75 67
75 69
75 71
75 73
76 4
76 11
76 14
76 19
76 24
76 30
76 32
76 33
76 37
76 39
76 42
76 43
76 51
76 52
76 61
76 65
76 68
76 70
76 72
76 73
76 75
76 80
77 1
77 2
77 4
77 6
77 11
77 16
77 28
77 44
77 45
77 57
77 59
77 60
77 61
77 63
77 67
77 69
77 73
77 74
77 75
77 76
77 79
78 1
78 3
78 6
78 10
78 18
78 21
78 22
78 27
78 35
78 38
78 40
78 44
78 50
78 51
78 56
78 60
78 63
78 64
78 69
78 70
78 71
78 73
78 80
79 1
79 2
79 7
79 8
79 9
79 10
79 11
79 12
79 13
79 18
79 19
79 30
79 33
79 34
79 38
79 41
79 42
79 43
79 47
79 48
79 50
79 52
79 58
79 61
79 64
79 71
79 78
79 80
80 6
80 8
80 12
80 13
80 18
80 23
80 25
80 28
80 29
80 30
80 31
80 32
80 46
80 47
80 49
80 51
80 57
80 58
80 61
80 67
80 72
80 74
80 75
80 76
80 79
