60 60 1086
1 1
1 3
1 4
1 5
1 6
1 8
1 13
1 16
1 29
1 33
1 34
1 35
1 39
1 40
1 44
1 51
1 52
1 54
1 58
1 60
2 2
2 3
2 6
2 9
2 10
2 13
2 14
2 20
2 25
2 26
2 27
2 35
2 38
2 41
2 43
2 44
2 49
2 50
2 51
2 53
2 54
3 7
3 10
3 13
3 15
3 16
3 20
3 25
3 33
3 37
3 45
3 51
3 54
3 57
3 59
3 60
4 8
4 14
4 16
4 17
4 21
4 23
4 29
4 31
4 32
4 33
4 34
4 35
4 36
4 38
4 40
4 41
4 42
4 48
4 49
4 50
4 55
4 59
5 11
5 18
5 22
5 28
5 30
5 34
5 36
5 37
5 44
5 48
5 51
5 52
5 55
5 59
6 1
6 7
6 8
6 9
6 10
6 11
6 15
6 18
6 22
6 30
6 31
6 32
6 39
6 41
6 44
6 47
6 48
6 50
6 52
6 54
6 55
7 8
7 9
7 15
7 21
7 22
7 28
7 34
7 36
7 37
7 43
7 46
7 51
8 3
8 4
8 6
8 10
8 12
8 14
8 30
8 35
8 42
8 44
8 51
8 57
8 59
9 8
9 15
9 16
9 18
9 32
9 33
9 34
9 35
9 36
9 39
9 45
9 48
9 49
9 57
9 58
10 4
10 9
10 11
10 15
10 20
10 22
10 25
10 36
10 37
10 43
10 44
10 47
10 49
10 52
10 54
10 55
10 56
11 2
11 3
11 5
11 12
11 19
11 21
11 22
11 35
11 38
11 40
11 41
11 47
11 48
11 50
11 51
11 53
11 57
11 59
12 2
12 12
12 14
12 17
12 19
12 21
12 22
12 23
12 24
12 29
12 38
12 39
12 44
12 47
12 54
12 56
12 60
13 6
13 8
13 9
13 11
13 12
13 13
13 15
13 27
13 29
13 35
13 37
13 39
13 42
13 45
13 46
13 55
13 56
13 60
14 1
14 2
14 6
14 7
14 11
14 12
14 18
14 20
14 25
14 26
14 28
14 31
14 32
14 34
14 38
14 44
14 45
14 46
14 47
14 51
14 52
15 3
15 13
15 17
15 19
15 22
15 23
15 24
15 28
15 29
15 36
15 41
15 44
15 47
15 48
15 52
15 57
15 58
16 1
16 4
16 9
16 20
16 29
16 31
16 34
16 40
16 41
16 43
16 45
16 46
16 52
16 58
16 59
17 1
17 4
17 6
17 9
17 10
17 13
17 25
17 28
17 32
17 33
17 34
17 36
17 38
17 39
17 40
17 42
17 43
17 47
17 52
17 53
17 57
17 58
17 60
18 6
18 14
18 18
18 26
18 28
18 29
18 31
18 34
18 35
18 40
18 44
18 48
18 52
18 54
18 57
19 7
19 8
19 19
19 22
19 27
19 30
19 36
19 39
19 40
19 42
19 44
19 54
19 55
19 60
20 3
20 6
20 13
20 18
20 21
20 27
20 36
20 38
20 49
20 51
20 55
21 3
21 4
21 9
21 14
21 16
21 17
21 20
21 23
21 27
21 29
21 30
21 34
21 35
21 36
21 38
21 54
21 55
21 56
22 1
22 3
22 9
22 10
22 13
22 16
22 18
22 24
22 25
22 34
22 36
22 38
22 39
22 40
22 42
22 45
22 47
22 48
22 51
22 57
23 5
23 6
23 7
23 11
23 12
23 14
23 15
23 18
23 19
23 20
23 27
23 28
23 31
23 32
23 37
23 40
23 41
23 42
23 44
23 46
23 50
23 57
23 58
23 60
24 3
24 11
24 13
24 15
24 16
24 19
24 24
24 26
24 29
24 44
24 46
24 55
24 56
24 59
25 2
25 5
25 6
25 7
25 8
25 12
25 14
25 15
25 18
25 24
25 27
25 36
25 38
25 41
25 42
25 43
25 44
25 45
25 47
25 49
25 51
25 53
25 54
26 3
26 4
26 5
26 8
26 12
26 15
26 20
26 22
26 23
26 28
26 29
26 31
26 37
26 39
26 42
26 45
26 46
26 58
26 60
27 2
27 3
27 4
27 6
27 8
27 13
27 15
27 16
27 17
27 19
27 21
27 29
27 33
27 38
27 40
27 42
27 53
27 54
27 57
28 1
28 3
28 13
28 22
28 26
28 28
28 34
28 42
28 44
28 45
28 48
28 56
29 2
29 4
29 6
29 10
29 11
29 12
29 15
29 18
29 24
29 26
29 28
29 30
29 33
29 35
29 36
29 37
29 39
29 42
29 45
29 50
29 51
29 53
29 54
29 56
30 1
30 4
30 6
30 9
30 13
30 14
30 16
30 18
30 19
30 20
30 22
30 25
30 26
30 31
30 34
30 37
30 39
30 40
30 48
30 58
31 3
31 7
31 10
31 13
31 14
31 15
31 21
31 23
31 26
31 27
31 29
31 32
31 39
31 41
31 44
31 47
31 48
31 58
32 1
32 13
32 15
32 23
32 24
32 29
32 31
32 37
32 39
32 44
32 46
32 47
32 51
32 53
32 55
32 56
32 57
32 60
33 3
33 6
33 20
33 21
33 22
33 23
33 24
33 30
33 36
33 37
33 40
33 43
33 53
33 60
34 8
34 9
34 10
34 18
34 19
34 24
34 26
34 31
34 32
34 33
34 34
34 35
34 38
34 40
34 44
34 45
34 52
34 54
34 59
34 60
35 3
35 4
35 10
35 12
35 14
35 18
35 19
35 20
35 28
35 32
35 37
35 38
35 46
35 47
35 50
35 53
35 55
35 56
35 58
35 60
36 1
36 4
36 6
36 11
36 14
36 15
36 19
36 20
36 23
36 25
36 26
36 31
36 42
36 44
36 48
36 53
36 54
36 56
36 58
37 4
37 8
37 10
37 11
37 14
37 20
37 21
37 28
37 33
37 35
37 38
37 39
37 41
37 42
37 45
37 47
37 48
37 49
37 52
37 54
38 2
38 5
38 6
38 12
38 20
38 21
38 29
38 33
38 34
38 38
38 39
38 40
38 41
38 42
38 43
38 44
38 46
38 48
38 49
38 59
38 60
39 5
39 9
39 13
39 16
39 22
39 28
39 29
39 32
39 38
39 42
39 44
39 45
39 47
39 49
39 54
39 58
39 59
39 60
40 6
40 10
40 13
40 14
40 15
40 18
40 26
40 28
40 31
40 32
40 35
40 37
40 39
40 40
40 41
40 53
40 55
41 2
41 3
41 5
41 12
41 13
41 15
41 17
41 20
41 25
41 26
41 27
41 29
41 31
41 33
41 38
41 40
41 42
41 47
41 50
41 51
41 52
41 53
41 54
41 55
41 56
41 58
42 2
42 3
42 6
42 9
42 10
42 15
42 18
42 19
42 21
42 23
42 26
42 27
42 29
42 33
42 38
42 40
42 46
42 47
42 48
42 53
43 6
43 7
43 17
43 20
43 21
43 22
43 25
43 27
43 30
43 32
43 33
43 37
43 39
43 40
43 43
43 44
43 45
43 46
43 50
43 51
43 56
44 17
44 18
44 21
44 22
44 27
44 30
44 36
44 40
44 43
44 50
45 1
45 2
45 3
45 6
45 10
45 17
45 26
45 37
45 38
45 41
45 46
45 47
45 48
45 50
45 51
45 53
45 54
45 56
45 58
46 12
46 14
46 23
46 27
46 30
46 33
46 34
46 41
46 49
46 55
46 56
47 5
47 11
47 13
47 14
47 15
47 25
47 26
47 27
47 28
47 30
47 35
47 38
47 48
47 49
47 55
47 57
47 58
47 59
48 8
48 11
48 13
48 17
48 22
48 28
48 29
48 31
48 32
48 33
48 36
48 37
48 44
48 47
48 49
48 50
48 51
48 52
49 1
49 2
49 7
49 11
49 13
49 14
49 15
49 18
49 19
49 20
49 22
49 24
49 25
49 27
49 29
49 32
49 37
49 39
49 42
49 47
49 48
49 49
49 55
49 56
49 58
49 59
49 60
50 5
50 12
50 13
50 15
50 20
50 21
50 22
50 25
50 28
50 29
50 37
50 39
50 40
50 42
50 43
50 44
50 46
50 52
51 1
51 3
51 7
51 8
51 12
51 14
51 18
51 19
51 20
51 23
51 28
51 29
51 40
51 42
51 44
51 51
51 52
51 53
51 54
51 59
52 2
52 3
52 4
52 12
52 16
52 19
52 20
52 35
52 41
52 42
52 44
52 45
52 47
52 54
52 55
52 57
52 59
53 4
53 5
53 9
53 17
53 20
53 29
53 30
53 33
53 39
53 40
53 45
53 48
53 50
53 51
53 55
54 2
54 4
54 8
54 11
54 13
54 22
54 23
54 37
54 38
54 43
54 44
54 51
54 53
54 54
54 55
55 5
55 9
55 20
55 21
55 22
55 23
55 26
55 31
55 36
55 43
55 49
55 52
55 53
55 56
55 57
56 1
56 4
56 5
56 6
56 7
56 9
56 10
56 17
56 19
56 21
56 25
56 26
56 28
56 29
56 30
56 31
56 38
56 40
56 44
56 50
56 51
56 52
56 60
57 1
57 3
57 7
57 10
57 16
57 19
57 25
57 27
57 28
57 29
57 36
57 37
57 43
57 46
57 47
57 48
57 50
57 51
57 52
57 54
57 56
57 57
57 58
58 1
58 2
58 4
58 9
58 12
58 13
58 20
58 23
58 24
58 25
58 26
58 28
58 29
58 32
58 39
58 42
58 49
58 51
58 56
59 9
59 10
59 11
59 13
59 17
59 18
59 20
59 24
59 26
59 38
59 39
59 40
59 42
59 45
59 49
59 58
59 60
60 7
60 12
60 19
60 21
60 22
60 23
60 26
60 31
60 34
60 37
60 38
60 41
60 42
60 43
60 45
60 47
60 58
