180 144 7845
1 2
1 5
1 7
1 12
1 14
1 28
1 29
1 34
1 41
1 42
1 44
1 48
1 49
1 58
1 63
1 69
1 73
1 76
1 80
1 83
1 85
1 88
1 90
1 103
1 105
1 107
1 108
1 111
1 121
1 123
1 127
1 128
1 131
1 135
1 136
1 140
1 143
1 144
2 2
2 6
2 7
2 9
2 14
2 16
2 17
2 19
2 22
2 26
2 31
2 33
2 34
2 36
2 37
2 44
2 45
2 46
2 48
2 52
2 55
2 63
2 65
2 67
2 71
2 72
2 75
2 80
2 85
2 87
2 88
2 97
2 99
2 109
2 115
2 119
2 120
2 125
2 126
2 127
2 132
2 136
2 140
3 10
3 14
3 18
3 20
3 22
3 23
3 24
3 28
3 29
3 30
3 35
3 37
3 42
3 44
3 53
3 59
3 61
3 68
3 70
3 71
3 77
3 80
3 81
3 82
3 84
3 85
3 86
3 89
3 102
3 116
3 127
3 128
3 129
3 130
3 133
3 137
3 142
4 3
4 6
4 7
4 14
4 26
4 31
4 34
4 38
4 39
4 42
4 54
4 56
4 60
4 61
4 63
4 66
4 69
4 76
4 81
4 82
4 84
4 87
4 88
4 91
4 92
4 95
4 100
4 101
4 102
4 104
4 108
4 110
4 111
4 112
4 115
4 123
4 125
4 137
4 140
4 143
5 2
5 8
5 10
5 11
5 23
5 26
5 32
5 36
5 37
5 39
5 43
5 50
5 51
5 52
5 55
5 58
5 61
5 62
5 67
5 71
5 72
5 77
5 85
5 87
5 88
5 89
5 92
5 93
5 96
5 97
5 99
5 104
5 110
5 111
5 114
5 117
5 120
5 122
5 125
5 126
5 130
5 134
5 137
5 140
5 142
6 3
6 4
6 7
6 8
6 12
6 13
6 16
6 18
6 19
6 24
6 28
6 37
6 43
6 48
6 49
6 50
6 53
6 56
6 58
6 59
6 61
6 63
6 65
6 70
6 71
6 72
6 75
6 78
6 84
6 87
6 92
6 93
6 95
6 100
6 102
6 105
6 109
6 111
6 116
6 118
6 121
6 127
6 131
6 132
6 137
6 139
6 140
6 141
6 144
7 2
7 4
7 9
7 10
7 19
7 20
7 23
7 26
7 33
7 45
7 46
7 47
7 50
7 51
7 59
7 62
7 66
7 69
7 70
7 72
7 73
7 75
7 77
7 83
7 87
7 89
7 90
7 94
7 95
7 96
7 98
7 100
7 106
7 108
7 111
7 112
7 114
7 115
7 116
7 118
7 120
7 125
7 127
7 131
7 133
7 135
7 137
7 141
8 1
8 9
8 11
8 15
8 23
8 26
8 27
8 32
8 34
8 35
8 36
8 43
8 45
8 50
8 51
8 52
8 53
8 55
8 57
8 59
8 60
8 68
8 71
8 80
8 81
8 85
8 86
8 87
8 88
8 94
8 97
8 99
8 102
8 107
8 108
8 110
8 111
8 112
8 113
8 114
8 119
8 125
8 130
8 134
8 135
8 142
8 143
8 144
9 5
9 8
9 14
9 17
9 19
9 21
9 23
9 26
9 32
9 41
9 42
9 50
9 51
9 55
9 56
9 67
9 72
9 73
9 74
9 78
9 79
9 82
9 83
9 87
9 88
9 91
9 92
9 96
9 98
9 101
9 103
9 111
9 112
9 118
9 124
9 126
9 129
9 134
9 135
10 3
10 4
10 6
10 7
10 10
10 14
10 17
10 19
10 21
10 22
10 23
10 24
10 25
10 31
10 33
10 34
10 35
10 41
10 43
10 44
10 45
10 61
10 62
10 63
10 64
10 66
10 72
10 76
10 79
10 80
10 90
10 97
10 106
10 114
10 118
10 119
10 121
10 122
10 131
10 135
10 140
10 142
10 144
11 7
11 14
11 16
11 19
11 23
11 27
11 30
11 32
11 34
11 35
11 36
11 40
11 48
11 50
11 51
11 53
11 55
11 57
11 58
11 62
11 68
11 69
11 70
11 71
11 74
11 77
11 78
11 80
11 81
11 87
11 88
11 90
11 93
11 96
11 99
11 105
11 109
11 111
11 119
11 121
11 124
11 129
11 140
11 141
11 142
11 143
12 1
12 6
12 7
12 11
12 12
12 18
12 19
12 22
12 24
12 28
12 29
12 30
12 34
12 35
12 38
12 49
12 53
12 55
12 61
12 63
12 65
12 66
12 67
12 69
12 70
12 75
12 87
12 89
12 93
12 97
12 98
12 100
12 103
12 104
12 115
12 116
12 117
12 118
12 132
12 134
12 140
12 142
13 3
13 11
13 20
13 22
13 23
13 26
13 27
13 28
13 31
13 36
13 40
13 42
13 52
13 55
13 56
13 57
13 63
13 74
13 76
13 77
13 79
13 80
13 84
13 96
13 100
13 107
13 109
13 110
13 112
13 116
13 117
13 118
13 129
13 130
13 132
13 135
13 140
13 142
14 3
14 10
14 15
14 19
14 21
14 22
14 23
14 27
14 30
14 33
14 38
14 40
14 41
14 42
14 57
14 60
14 66
14 70
14 71
14 76
14 78
14 85
14 87
14 101
14 105
14 106
14 107
14 108
14 119
14 120
14 127
14 129
14 132
14 133
14 137
14 143
14 144
15 1
15 4
15 6
15 8
15 11
15 12
15 14
15 18
15 24
15 27
15 30
15 32
15 34
15 36
15 39
15 45
15 48
15 50
15 51
15 53
15 55
15 56
15 58
15 64
15 65
15 66
15 69
15 74
15 75
15 76
15 77
15 80
15 82
15 83
15 88
15 89
15 91
15 94
15 97
15 107
15 110
15 112
15 114
15 120
15 125
15 130
15 131
15 140
15 142
15 143
16 2
16 3
16 4
16 6
16 7
16 9
16 10
16 16
16 23
16 25
16 37
16 40
16 46
16 52
16 54
16 57
16 65
16 67
16 69
16 71
16 72
16 75
16 76
16 77
16 83
16 84
16 87
16 95
16 104
16 106
16 107
16 113
16 119
16 120
16 125
16 126
16 128
16 130
16 138
16 142
17 1
17 7
17 10
17 16
17 17
17 20
17 22
17 23
17 26
17 31
17 40
17 44
17 46
17 47
17 49
17 51
17 60
17 61
17 62
17 63
17 64
17 66
17 68
17 71
17 78
17 81
17 86
17 90
17 96
17 101
17 105
17 106
17 107
17 109
17 111
17 119
17 123
17 125
17 126
17 128
17 132
17 133
17 137
17 141
18 2
18 6
18 8
18 10
18 14
18 17
18 20
18 22
18 30
18 31
18 38
18 43
18 46
18 52
18 55
18 56
18 61
18 64
18 68
18 81
18 87
18 89
18 91
18 97
18 98
18 101
18 109
18 118
18 122
18 124
18 125
18 129
18 132
18 133
18 140
18 142
19 1
19 4
19 7
19 9
19 17
19 27
19 34
19 38
19 39
19 40
19 43
19 50
19 52
19 55
19 60
19 63
19 64
19 65
19 69
19 73
19 75
19 79
19 84
19 87
19 93
19 94
19 95
19 102
19 103
19 104
19 105
19 106
19 112
19 113
19 114
19 117
19 124
19 128
19 138
19 140
19 142
20 2
20 3
20 4
20 9
20 11
20 20
20 23
20 25
20 29
20 30
20 31
20 35
20 37
20 38
20 42
20 43
20 44
20 45
20 52
20 55
20 57
20 59
20 61
20 62
20 63
20 65
20 70
20 78
20 80
20 83
20 88
20 93
20 96
20 97
20 99
20 100
20 103
20 104
20 105
20 107
20 108
20 110
20 111
20 112
20 113
20 122
20 125
20 128
20 129
20 137
20 139
20 140
20 143
21 1
21 2
21 8
21 13
21 27
21 29
21 33
21 37
21 38
21 48
21 50
21 58
21 62
21 63
21 65
21 70
21 72
21 75
21 77
21 79
21 81
21 83
21 85
21 88
21 92
21 98
21 99
21 105
21 109
21 110
21 114
21 117
21 119
21 130
21 138
21 139
21 141
22 2
22 4
22 6
22 9
22 11
22 13
22 15
22 16
22 20
22 28
22 30
22 31
22 33
22 36
22 37
22 40
22 47
22 50
22 51
22 56
22 57
22 60
22 65
22 67
22 68
22 70
22 71
22 72
22 75
22 76
22 78
22 80
22 91
22 93
22 94
22 96
22 99
22 100
22 101
22 104
22 107
22 113
22 114
22 115
22 116
22 120
22 122
22 127
22 128
22 129
22 137
22 138
22 140
23 1
23 2
23 11
23 14
23 16
23 20
23 21
23 22
23 23
23 24
23 27
23 30
23 31
23 33
23 39
23 40
23 42
23 43
23 44
23 47
23 50
23 52
23 56
23 58
23 59
23 63
23 68
23 70
23 74
23 78
23 79
23 81
23 84
23 86
23 88
23 90
23 91
23 92
23 97
23 98
23 103
23 107
23 114
23 117
23 120
23 126
23 129
23 131
23 133
23 140
23 143
23 144
24 2
24 3
24 4
24 7
24 8
24 15
24 21
24 23
24 24
24 27
24 28
24 29
24 32
24 35
24 36
24 39
24 41
24 42
24 43
24 49
24 52
24 54
24 56
24 60
24 62
24 68
24 70
24 74
24 75
24 78
24 79
24 80
24 81
24 84
24 85
24 87
24 88
24 92
24 94
24 100
24 105
24 110
24 111
24 118
24 119
24 120
24 124
24 125
24 126
24 130
24 135
24 138
24 139
25 1
25 6
25 9
25 11
25 13
25 14
25 16
25 18
25 19
25 25
25 28
25 29
25 30
25 31
25 34
25 40
25 42
25 45
25 49
25 55
25 56
25 57
25 64
25 66
25 69
25 70
25 73
25 76
25 77
25 86
25 91
25 98
25 101
25 102
25 103
25 110
25 111
25 112
25 116
25 117
25 119
25 123
25 129
25 130
25 131
25 133
26 3
26 4
26 13
26 16
26 18
26 26
26 27
26 28
26 30
26 36
26 40
26 42
26 44
26 50
26 54
26 68
26 69
26 73
26 81
26 86
26 91
26 97
26 101
26 103
26 105
26 106
26 113
26 115
26 119
26 124
26 127
26 131
26 138
26 141
26 142
27 11
27 12
27 13
27 15
27 20
27 21
27 24
27 34
27 40
27 49
27 51
27 57
27 58
27 60
27 64
27 65
27 71
27 72
27 77
27 82
27 83
27 86
27 93
27 98
27 99
27 103
27 105
27 106
27 107
27 111
27 112
27 113
27 117
27 118
27 121
27 122
27 124
27 126
27 127
27 133
27 134
27 135
27 136
27 137
27 139
27 142
28 1
28 4
28 5
28 8
28 9
28 11
28 16
28 17
28 18
28 30
28 37
28 39
28 40
28 41
28 49
28 51
28 54
28 60
28 64
28 68
28 69
28 72
28 79
28 80
28 82
28 83
28 85
28 86
28 89
28 91
28 92
28 93
28 96
28 99
28 100
28 102
28 106
28 108
28 109
28 110
28 112
28 113
28 119
28 122
28 125
28 129
28 131
28 135
28 138
28 139
28 140
28 142
29 1
29 7
29 9
29 10
29 14
29 15
29 17
29 18
29 23
29 24
29 25
29 30
29 31
29 39
29 43
29 44
29 53
29 54
29 55
29 56
29 57
29 59
29 62
29 66
29 67
29 68
29 69
29 72
29 73
29 74
29 76
29 79
29 80
29 88
29 89
29 95
29 96
29 106
29 115
29 118
29 132
29 135
29 138
30 2
30 5
30 6
30 10
30 15
30 16
30 17
30 18
30 21
30 27
30 29
30 33
30 40
30 42
30 48
30 49
30 51
30 52
30 53
30 58
30 64
30 69
30 72
30 75
30 76
30 89
30 90
30 91
30 94
30 99
30 104
30 106
30 113
30 121
30 123
30 127
30 131
30 132
30 133
30 134
30 138
30 139
30 141
30 142
30 143
31 3
31 7
31 8
31 15
31 20
31 22
31 24
31 27
31 33
31 39
31 41
31 42
31 43
31 44
31 52
31 53
31 56
31 59
31 60
31 63
31 71
31 78
31 80
31 82
31 83
31 86
31 90
31 100
31 101
31 105
31 107
31 112
31 114
31 116
31 124
31 127
31 128
31 129
31 131
31 134
31 135
31 137
31 138
32 4
32 9
32 12
32 13
32 14
32 16
32 22
32 24
32 27
32 28
32 31
32 35
32 44
32 45
32 46
32 51
32 58
32 60
32 65
32 66
32 68
32 70
32 72
32 73
32 77
32 81
32 82
32 85
32 86
32 89
32 90
32 98
32 99
32 111
32 112
32 118
32 124
32 126
32 129
32 134
32 135
32 137
32 140
32 144
33 2
33 5
33 8
33 11
33 16
33 17
33 20
33 22
33 28
33 29
33 31
33 34
33 35
33 41
33 45
33 47
33 50
33 51
33 56
33 58
33 59
33 60
33 62
33 66
33 67
33 70
33 73
33 90
33 92
33 93
33 100
33 102
33 103
33 104
33 107
33 110
33 111
33 118
33 119
33 120
33 122
33 126
33 127
33 132
33 133
33 134
33 137
33 140
33 141
33 142
33 144
34 3
34 7
34 10
34 11
34 13
34 27
34 31
34 32
34 37
34 38
34 39
34 42
34 43
34 44
34 46
34 52
34 54
34 56
34 62
34 67
34 69
34 71
34 80
34 81
34 84
34 89
34 91
34 92
34 93
34 98
34 105
34 107
34 110
34 112
34 118
34 120
34 126
34 133
34 135
34 138
35 17
35 18
35 23
35 25
35 27
35 28
35 29
35 35
35 36
35 38
35 43
35 46
35 48
35 52
35 55
35 57
35 59
35 62
35 63
35 64
35 65
35 69
35 70
35 73
35 74
35 77
35 78
35 82
35 83
35 85
35 87
35 89
35 90
35 95
35 97
35 99
35 100
35 101
35 105
35 113
35 118
35 123
35 130
35 131
35 133
35 141
35 142
36 1
36 2
36 5
36 9
36 10
36 17
36 23
36 28
36 35
36 36
36 43
36 46
36 49
36 55
36 64
36 68
36 70
36 72
36 74
36 77
36 81
36 85
36 88
36 93
36 97
36 98
36 102
36 106
36 107
36 108
36 112
36 114
36 115
36 117
36 121
36 122
36 124
36 125
36 127
36 130
36 136
36 139
36 140
36 143
37 2
37 6
37 9
37 10
37 14
37 15
37 17
37 19
37 26
37 27
37 31
37 37
37 38
37 43
37 45
37 46
37 48
37 49
37 55
37 58
37 64
37 65
37 66
37 68
37 70
37 74
37 75
37 87
37 91
37 94
37 107
37 114
37 115
37 117
37 123
37 127
37 131
37 132
37 133
37 134
37 135
37 136
38 3
38 4
38 15
38 17
38 18
38 19
38 20
38 26
38 27
38 29
38 30
38 32
38 40
38 41
38 47
38 52
38 56
38 58
38 59
38 65
38 75
38 76
38 78
38 94
38 98
38 100
38 101
38 102
38 103
38 104
38 107
38 110
38 113
38 114
38 119
38 125
38 129
38 130
38 131
38 137
38 143
38 144
39 1
39 2
39 6
39 8
39 13
39 14
39 17
39 20
39 23
39 24
39 28
39 29
39 32
39 37
39 41
39 44
39 45
39 47
39 54
39 55
39 59
39 60
39 63
39 79
39 84
39 87
39 88
39 89
39 95
39 98
39 102
39 105
39 108
39 109
39 114
39 118
39 122
39 124
39 126
39 127
39 134
39 136
39 138
39 140
39 144
40 7
40 8
40 10
40 12
40 18
40 25
40 36
40 40
40 41
40 44
40 48
40 49
40 51
40 54
40 56
40 59
40 62
40 63
40 64
40 65
40 66
40 69
40 70
40 72
40 76
40 80
40 87
40 88
40 89
40 90
40 98
40 101
40 102
40 106
40 121
40 123
40 124
40 130
40 131
40 133
40 134
40 137
40 140
41 4
41 7
41 8
41 10
41 16
41 22
41 31
41 34
41 35
41 40
41 44
41 47
41 49
41 52
41 53
41 56
41 58
41 60
41 62
41 64
41 65
41 66
41 67
41 71
41 75
41 76
41 84
41 87
41 88
41 89
41 91
41 96
41 104
41 105
41 106
41 109
41 110
41 119
41 120
41 122
41 123
41 124
41 130
41 131
41 134
41 138
41 144
42 3
42 4
42 7
42 9
42 10
42 12
42 13
42 17
42 18
42 39
42 40
42 42
42 48
42 51
42 61
42 62
42 67
42 71
42 72
42 73
42 82
42 85
42 88
42 90
42 94
42 100
42 101
42 102
42 107
42 109
42 112
42 114
42 119
42 123
42 130
42 144
43 3
43 5
43 8
43 10
43 14
43 26
43 29
43 33
43 34
43 35
43 40
43 48
43 53
43 58
43 59
43 61
43 63
43 64
43 68
43 71
43 74
43 81
43 82
43 83
43 84
43 85
43 86
43 87
43 90
43 93
43 95
43 96
43 99
43 100
43 102
43 104
43 105
43 110
43 113
43 117
43 118
43 127
43 128
43 130
43 133
43 135
43 139
43 141
44 2
44 6
44 9
44 12
44 14
44 25
44 26
44 29
44 35
44 36
44 38
44 39
44 47
44 50
44 52
44 55
44 58
44 60
44 61
44 62
44 66
44 78
44 82
44 83
44 85
44 86
44 87
44 94
44 98
44 104
44 113
44 118
44 120
44 122
44 125
44 132
44 133
44 135
44 136
44 137
44 138
44 139
44 142
44 143
44 144
45 6
45 9
45 13
45 14
45 19
45 21
45 24
45 30
45 33
45 34
45 35
45 39
45 43
45 45
45 46
45 57
45 60
45 66
45 69
45 74
45 75
45 77
45 99
45 101
45 103
45 110
45 114
45 118
45 127
45 128
45 136
45 137
45 141
45 142
45 143
46 5
46 8
46 9
46 10
46 11
46 16
46 17
46 20
46 23
46 24
46 28
46 30
46 33
46 35
46 37
46 39
46 46
46 47
46 50
46 52
46 54
46 56
46 59
46 60
46 61
46 66
46 68
46 70
46 72
46 76
46 77
46 79
46 81
46 82
46 84
46 89
46 94
46 95
46 96
46 102
46 103
46 104
46 105
46 108
46 111
46 113
46 117
46 123
46 125
46 128
46 129
46 133
46 134
46 138
46 142
47 2
47 6
47 18
47 20
47 23
47 24
47 25
47 27
47 29
47 30
47 31
47 32
47 33
47 38
47 39
47 42
47 46
47 47
47 58
47 62
47 64
47 69
47 76
47 78
47 79
47 86
47 88
47 89
47 94
47 96
47 98
47 100
47 102
47 109
47 112
47 114
47 117
47 123
47 125
47 132
47 134
47 135
47 139
48 1
48 2
48 5
48 8
48 9
48 31
48 32
48 35
48 40
48 41
48 51
48 57
48 59
48 60
48 62
48 67
48 73
48 79
48 85
48 86
48 90
48 91
48 94
48 102
48 106
48 109
48 112
48 113
48 114
48 115
48 116
48 121
48 122
48 123
48 128
48 129
48 135
48 136
49 3
49 6
49 11
49 14
49 17
49 18
49 19
49 23
49 24
49 25
49 28
49 32
49 40
49 42
49 43
49 47
49 48
49 52
49 55
49 58
49 59
49 60
49 68
49 70
49 71
49 74
49 77
49 92
49 95
49 109
49 111
49 115
49 119
49 122
49 125
49 127
49 129
49 133
49 134
49 136
50 3
50 5
50 12
50 13
50 18
50 22
50 23
50 30
50 35
50 42
50 60
50 62
50 69
50 74
50 76
50 83
50 86
50 97
50 98
50 103
50 104
50 108
50 110
50 113
50 115
50 122
50 129
50 135
50 136
50 137
50 138
50 139
50 144
51 2
51 4
51 9
51 10
51 11
51 13
51 18
51 28
51 32
51 34
51 37
51 39
51 42
51 44
51 46
51 49
51 50
51 52
51 53
51 58
51 60
51 68
51 76
51 77
51 80
51 81
51 84
51 89
51 93
51 97
51 101
51 110
51 112
51 117
51 121
51 125
51 127
51 130
51 131
51 134
51 136
51 137
51 141
51 143
52 6
52 7
52 9
52 10
52 12
52 14
52 15
52 16
52 17
52 22
52 26
52 28
52 29
52 33
52 34
52 36
52 37
52 40
52 51
52 52
52 53
52 54
52 61
52 62
52 65
52 71
52 78
52 84
52 90
52 92
52 95
52 98
52 99
52 108
52 109
52 110
52 115
52 117
52 120
52 123
52 127
52 129
52 131
52 132
52 134
52 136
52 137
53 2
53 4
53 6
53 10
53 12
53 18
53 19
53 22
53 25
53 32
53 40
53 45
53 48
53 52
53 54
53 61
53 65
53 66
53 67
53 68
53 72
53 75
53 76
53 79
53 86
53 90
53 93
53 94
53 95
53 97
53 102
53 103
53 107
53 108
53 110
53 111
53 112
53 113
53 121
53 124
53 131
53 133
53 142
53 143
53 144
54 10
54 11
54 12
54 13
54 16
54 17
54 22
54 24
54 29
54 33
54 34
54 36
54 39
54 40
54 41
54 44
54 45
54 46
54 49
54 53
54 55
54 59
54 60
54 62
54 63
54 65
54 67
54 70
54 72
54 73
54 89
54 90
54 91
54 92
54 98
54 105
54 110
54 113
54 115
54 116
54 120
54 125
54 130
54 131
54 136
54 137
54 138
54 143
55 2
55 3
55 4
55 7
55 10
55 11
55 13
55 15
55 16
55 18
55 29
55 40
55 45
55 51
55 52
55 54
55 55
55 56
55 59
55 63
55 73
55 75
55 76
55 77
55 78
55 79
55 82
55 85
55 97
55 107
55 111
55 115
55 116
55 123
55 126
55 128
55 138
55 142
56 1
56 3
56 5
56 7
56 10
56 11
56 14
56 21
56 22
56 23
56 24
56 26
56 28
56 29
56 34
56 42
56 45
56 47
56 50
56 51
56 53
56 54
56 55
56 60
56 61
56 68
56 72
56 74
56 75
56 77
56 83
56 85
56 92
56 93
56 94
56 99
56 101
56 104
56 106
56 109
56 110
56 111
56 115
56 119
56 121
56 124
56 125
56 126
56 127
56 131
56 132
56 138
57 9
57 10
57 11
57 13
57 19
57 21
57 24
57 27
57 29
57 30
57 32
57 37
57 39
57 40
57 44
57 46
57 49
57 51
57 57
57 60
57 66
57 68
57 76
57 81
57 85
57 88
57 89
57 92
57 95
57 99
57 100
57 105
57 109
57 112
57 114
57 115
57 116
57 117
57 120
57 121
57 130
57 142
58 2
58 4
58 10
58 15
58 17
58 18
58 19
58 21
58 25
58 34
58 37
58 40
58 41
58 44
58 45
58 47
58 50
58 53
58 54
58 55
58 60
58 65
58 69
58 70
58 71
58 78
58 83
58 86
58 87
58 89
58 91
58 100
58 111
58 114
58 115
58 117
58 121
58 127
58 129
58 130
58 139
58 141
59 8
59 21
59 22
59 24
59 27
59 41
59 55
59 62
59 65
59 67
59 69
59 73
59 75
59 80
59 81
59 82
59 83
59 84
59 88
59 92
59 103
59 104
59 106
59 107
59 117
59 122
59 125
59 126
59 130
59 136
59 139
59 141
59 143
60 3
60 17
60 22
60 23
60 25
60 29
60 34
60 37
60 42
60 49
60 52
60 55
60 59
60 70
60 72
60 78
60 81
60 83
60 86
60 87
60 93
60 99
60 101
60 102
60 106
60 108
60 110
60 114
60 115
60 119
60 120
60 125
60 129
60 130
60 141
61 1
61 4
61 16
61 23
61 24
61 28
61 31
61 35
61 38
61 42
61 44
61 46
61 49
61 59
61 60
61 61
61 63
61 65
61 70
61 77
61 85
61 86
61 88
61 98
61 99
61 100
61 106
61 109
61 112
61 113
61 115
61 128
61 130
61 131
61 132
61 135
61 136
61 141
61 142
61 144
62 1
62 8
62 11
62 12
62 15
62 17
62 19
62 23
62 28
62 30
62 36
62 37
62 38
62 40
62 41
62 46
62 47
62 49
62 50
62 53
62 60
62 61
62 63
62 82
62 85
62 90
62 91
62 92
62 95
62 99
62 102
62 112
62 116
62 120
62 122
62 124
62 128
62 130
62 132
62 134
62 135
62 136
62 144
63 1
63 9
63 11
63 16
63 22
63 24
63 25
63 26
63 32
63 34
63 36
63 44
63 46
63 48
63 50
63 51
63 52
63 59
63 63
63 64
63 65
63 69
63 71
63 78
63 84
63 86
63 87
63 89
63 92
63 94
63 101
63 102
63 105
63 108
63 114
63 116
63 119
63 122
63 125
63 137
63 140
63 141
64 2
64 6
64 7
64 10
64 12
64 22
64 23
64 24
64 30
64 35
64 38
64 41
64 43
64 47
64 51
64 52
64 59
64 60
64 62
64 64
64 67
64 68
64 70
64 72
64 74
64 79
64 82
64 83
64 84
64 88
64 89
64 94
64 98
64 103
64 104
64 105
64 107
64 112
64 126
64 128
64 130
64 131
64 133
64 136
64 137
64 140
64 141
64 142
65 1
65 3
65 4
65 6
65 7
65 12
65 15
65 17
65 19
65 27
65 30
65 31
65 34
65 39
65 43
65 47
65 49
65 50
65 55
65 60
65 63
65 64
65 65
65 67
65 68
65 69
65 77
65 79
65 83
65 84
65 85
65 91
65 102
65 106
65 107
65 110
65 111
65 114
65 116
65 120
65 121
65 129
65 132
65 140
65 143
65 144
66 1
66 2
66 6
66 8
66 16
66 17
66 18
66 21
66 27
66 30
66 32
66 33
66 37
66 39
66 40
66 42
66 44
66 48
66 49
66 55
66 57
66 58
66 59
66 62
66 64
66 69
66 71
66 74
66 82
66 87
66 89
66 90
66 93
66 101
66 107
66 108
66 109
66 110
66 111
66 113
66 116
66 118
66 119
66 124
66 126
66 133
66 134
66 138
66 140
66 141
66 143
67 3
67 9
67 18
67 21
67 22
67 25
67 28
67 32
67 35
67 39
67 40
67 41
67 44
67 46
67 54
67 56
67 57
67 63
67 65
67 69
67 71
67 78
67 84
67 92
67 93
67 96
67 100
67 101
67 102
67 104
67 105
67 106
67 113
67 114
67 117
67 123
67 124
67 129
67 133
67 137
67 140
68 3
68 6
68 9
68 12
68 13
68 15
68 20
68 21
68 24
68 26
68 27
68 28
68 29
68 31
68 38
68 48
68 50
68 54
68 59
68 61
68 63
68 67
68 68
68 69
68 70
68 71
68 72
68 73
68 82
68 87
68 90
68 94
68 96
68 99
68 102
68 105
68 116
68 117
68 118
68 121
68 123
68 129
68 130
68 131
68 133
69 1
69 3
69 7
69 13
69 16
69 17
69 21
69 26
69 29
69 35
69 36
69 37
69 41
69 47
69 50
69 54
69 57
69 59
69 63
69 65
69 66
69 67
69 70
69 72
69 73
69 74
69 76
69 81
69 82
69 85
69 92
69 93
69 94
69 96
69 98
69 100
69 102
69 106
69 111
69 112
69 113
69 115
69 116
69 121
69 122
69 123
69 126
69 133
69 137
69 139
69 141
70 5
70 8
70 11
70 12
70 14
70 20
70 21
70 24
70 25
70 26
70 33
70 36
70 39
70 41
70 47
70 51
70 53
70 55
70 57
70 59
70 60
70 61
70 65
70 68
70 69
70 70
70 72
70 75
70 76
70 77
70 78
70 79
70 85
70 91
70 103
70 104
70 106
70 110
70 120
70 123
70 128
70 135
70 137
70 142
70 143
70 144
71 3
71 12
71 13
71 14
71 15
71 16
71 19
71 27
71 28
71 29
71 30
71 33
71 34
71 35
71 36
71 38
71 43
71 45
71 49
71 51
71 53
71 54
71 62
71 68
71 75
71 76
71 78
71 80
71 85
71 96
71 101
71 102
71 103
71 106
71 110
71 112
71 114
71 117
71 121
71 137
71 139
71 142
72 2
72 5
72 6
72 8
72 9
72 14
72 21
72 28
72 30
72 34
72 39
72 46
72 48
72 51
72 55
72 56
72 57
72 61
72 68
72 72
72 73
72 74
72 77
72 85
72 88
72 94
72 113
72 114
72 115
72 116
72 122
72 127
72 132
72 134
72 135
72 136
72 142
73 3
73 4
73 5
73 6
73 7
73 18
73 24
73 30
73 32
73 33
73 42
73 43
73 48
73 51
73 66
73 68
73 70
73 72
73 75
73 76
73 80
73 86
73 88
73 90
73 94
73 101
73 106
73 107
73 108
73 118
73 121
73 123
73 124
73 125
73 126
73 128
73 130
73 131
73 135
73 137
73 138
73 140
74 2
74 7
74 8
74 9
74 14
74 15
74 21
74 32
74 39
74 40
74 42
74 44
74 46
74 50
74 52
74 53
74 61
74 63
74 64
74 69
74 71
74 72
74 80
74 81
74 84
74 86
74 87
74 89
74 91
74 92
74 93
74 102
74 103
74 110
74 114
74 125
74 128
74 129
74 133
74 135
74 137
74 138
74 139
74 141
74 144
75 4
75 6
75 7
75 13
75 21
75 22
75 25
75 28
75 36
75 39
75 41
75 43
75 44
75 47
75 51
75 58
75 60
75 62
75 68
75 71
75 74
75 77
75 78
75 79
75 80
75 81
75 84
75 88
75 89
75 90
75 93
75 94
75 98
75 103
75 104
75 107
75 113
75 115
75 116
75 121
75 130
75 138
75 139
75 143
76 2
76 5
76 7
76 11
76 12
76 13
76 19
76 24
76 25
76 27
76 38
76 42
76 45
76 46
76 50
76 52
76 58
76 67
76 69
76 70
76 73
76 79
76 88
76 90
76 96
76 99
76 110
76 111
76 113
76 114
76 115
76 116
76 118
76 122
76 123
76 125
76 131
76 132
76 136
76 142
77 5
77 6
77 10
77 11
77 14
77 15
77 21
77 23
77 24
77 29
77 33
77 37
77 38
77 46
77 49
77 53
77 55
77 58
77 67
77 69
77 71
77 73
77 74
77 78
77 85
77 86
77 92
77 95
77 100
77 101
77 112
77 114
77 115
77 119
77 124
77 131
77 132
77 134
77 135
77 141
77 142
78 2
78 3
78 7
78 15
78 18
78 23
78 31
78 37
78 38
78 41
78 44
78 48
78 51
78 58
78 59
78 63
78 65
78 66
78 70
78 73
78 77
78 78
78 83
78 93
78 98
78 106
78 108
78 110
78 111
78 112
78 113
78 114
78 115
78 117
78 118
78 124
78 126
78 129
78 131
78 133
78 135
78 136
78 138
78 140
78 144
79 4
79 7
79 8
79 10
79 12
79 13
79 15
79 17
79 19
79 25
79 27
79 29
79 31
79 32
79 34
79 37
79 41
79 46
79 49
79 50
79 51
79 55
79 56
79 59
79 60
79 61
79 63
79 67
79 76
79 78
79 82
79 86
79 91
79 92
79 94
79 95
79 106
79 112
79 113
79 116
79 118
79 120
79 122
79 126
79 127
79 128
79 132
79 136
80 1
80 3
80 5
80 9
80 10
80 11
80 21
80 27
80 31
80 32
80 35
80 36
80 37
80 38
80 42
80 45
80 47
80 48
80 49
80 50
80 55
80 56
80 58
80 59
80 61
80 62
80 63
80 65
80 68
80 69
80 73
80 75
80 76
80 80
80 82
80 87
80 89
80 90
80 95
80 108
80 109
80 114
80 117
80 121
80 126
80 127
80 130
80 134
80 135
80 138
81 2
81 5
81 14
81 16
81 17
81 21
81 28
81 33
81 35
81 36
81 42
81 45
81 46
81 48
81 49
81 56
81 58
81 59
81 62
81 64
81 65
81 69
81 74
81 79
81 82
81 89
81 92
81 93
81 99
81 102
81 103
81 104
81 108
81 109
81 110
81 113
81 124
81 125
81 126
81 137
81 138
81 139
81 144
82 3
82 6
82 10
82 13
82 15
82 16
82 19
82 20
82 23
82 25
82 26
82 27
82 28
82 31
82 33
82 37
82 42
82 45
82 46
82 47
82 49
82 50
82 55
82 56
82 62
82 64
82 65
82 66
82 69
82 71
82 74
82 75
82 76
82 80
82 84
82 88
82 93
82 94
82 95
82 103
82 106
82 107
82 112
82 115
82 116
82 118
82 120
82 123
82 124
82 131
82 138
82 141
82 142
82 143
83 7
83 9
83 10
83 11
83 16
83 20
83 26
83 27
83 29
83 32
83 34
83 36
83 38
83 44
83 47
83 54
83 67
83 70
83 79
83 82
83 83
83 84
83 85
83 88
83 89
83 96
83 102
83 103
83 106
83 113
83 120
83 130
83 139
83 141
83 142
84 2
84 3
84 4
84 7
84 9
84 10
84 17
84 18
84 19
84 23
84 28
84 29
84 33
84 34
84 36
84 38
84 39
84 43
84 55
84 59
84 63
84 65
84 70
84 71
84 78
84 83
84 84
84 89
84 90
84 91
84 94
84 101
84 103
84 104
84 105
84 106
84 109
84 111
84 112
84 116
84 122
84 128
84 132
84 144
85 14
85 16
85 21
85 23
85 32
85 35
85 39
85 40
85 43
85 45
85 46
85 47
85 50
85 52
85 53
85 56
85 57
85 58
85 68
85 71
85 74
85 78
85 79
85 81
85 84
85 86
85 87
85 89
85 92
85 94
85 97
85 98
85 99
85 103
85 106
85 107
85 111
85 119
85 123
85 128
85 132
85 138
85 141
86 2
86 4
86 20
86 25
86 28
86 49
86 53
86 60
86 64
86 65
86 66
86 68
86 69
86 70
86 76
86 77
86 80
86 84
86 85
86 88
86 91
86 92
86 95
86 96
86 99
86 101
86 105
86 110
86 119
86 120
86 121
86 126
86 130
86 137
87 4
87 7
87 9
87 23
87 28
87 29
87 31
87 41
87 44
87 50
87 53
87 59
87 60
87 62
87 66
87 75
87 77
87 82
87 83
87 86
87 87
87 92
87 93
87 94
87 95
87 97
87 102
87 110
87 114
87 116
87 121
87 123
87 128
87 144
88 2
88 8
88 9
88 11
88 13
88 19
88 20
88 22
88 25
88 30
88 31
88 33
88 36
88 45
88 46
88 47
88 49
88 53
88 54
88 66
88 67
88 68
88 72
88 76
88 77
88 78
88 81
88 85
88 92
88 93
88 95
88 100
88 104
88 106
88 110
88 112
88 114
88 125
88 126
88 129
88 139
88 140
88 141
88 143
88 144
89 9
89 17
89 19
89 20
89 22
89 23
89 24
89 25
89 29
89 30
89 31
89 35
89 36
89 39
89 47
89 52
89 59
89 60
89 62
89 66
89 76
89 84
89 89
89 90
89 92
89 97
89 103
89 104
89 106
89 109
89 110
89 114
89 116
89 117
89 119
89 121
89 122
89 124
89 134
89 136
89 137
89 140
90 3
90 7
90 10
90 11
90 17
90 19
90 22
90 29
90 31
90 32
90 33
90 38
90 39
90 40
90 42
90 49
90 51
90 54
90 60
90 62
90 67
90 68
90 71
90 77
90 79
90 81
90 84
90 90
90 92
90 94
90 96
90 101
90 102
90 103
90 106
90 107
90 108
90 111
90 114
90 115
90 116
90 126
90 128
90 132
90 133
90 136
90 142
90 144
91 7
91 13
91 14
91 21
91 25
91 28
91 32
91 34
91 37
91 38
91 39
91 44
91 50
91 53
91 57
91 60
91 61
91 63
91 65
91 68
91 69
91 79
91 83
91 87
91 88
91 92
91 96
91 99
91 104
91 110
91 111
91 114
91 116
91 117
91 120
91 122
91 123
91 125
91 128
91 131
91 132
91 133
91 136
91 140
91 144
92 1
92 2
92 8
92 12
92 14
92 15
92 16
92 17
92 20
92 26
92 30
92 32
92 34
92 35
92 44
92 45
92 47
92 48
92 55
92 56
92 58
92 59
92 65
92 72
92 73
92 78
92 80
92 81
92 88
92 89
92 92
92 100
92 102
92 104
92 109
92 110
92 115
92 117
92 122
92 131
92 132
92 142
92 144
93 2
93 4
93 12
93 13
93 18
93 20
93 24
93 29
93 32
93 34
93 40
93 41
93 42
93 46
93 47
93 48
93 53
93 57
93 62
93 63
93 64
93 67
93 69
93 70
93 74
93 78
93 79
93 81
93 91
93 96
93 98
93 99
93 111
93 115
93 116
93 117
93 118
93 123
93 124
93 125
93 131
93 133
93 137
93 138
93 143
94 1
94 11
94 12
94 13
94 19
94 23
94 24
94 26
94 28
94 30
94 31
94 34
94 36
94 38
94 39
94 40
94 45
94 47
94 48
94 49
94 50
94 53
94 54
94 57
94 61
94 65
94 67
94 70
94 72
94 81
94 82
94 83
94 86
94 88
94 89
94 91
94 99
94 101
94 112
94 116
94 118
94 120
94 126
94 127
94 144
95 1
95 2
95 5
95 8
95 9
95 12
95 15
95 18
95 22
95 26
95 28
95 29
95 31
95 32
95 34
95 37
95 39
95 40
95 42
95 43
95 44
95 47
95 52
95 53
95 54
95 57
95 65
95 67
95 70
95 71
95 72
95 73
95 75
95 79
95 80
95 81
95 86
95 90
95 92
95 93
95 96
95 99
95 105
95 111
95 112
95 113
95 120
95 122
95 124
95 133
95 136
95 144
96 1
96 2
96 3
96 4
96 5
96 6
96 7
96 10
96 20
96 25
96 26
96 27
96 32
96 33
96 39
96 41
96 42
96 44
96 53
96 55
96 56
96 63
96 65
96 70
96 73
96 75
96 76
96 79
96 82
96 83
96 84
96 86
96 87
96 89
96 90
96 93
96 98
96 99
96 101
96 102
96 122
96 123
96 124
96 127
96 128
96 129
96 130
96 133
96 139
96 144
97 1
97 3
97 11
97 13
97 16
97 18
97 20
97 21
97 24
97 30
97 34
97 42
97 46
97 47
97 50
97 52
97 55
97 61
97 68
97 69
97 72
97 74
97 76
97 80
97 88
97 97
97 99
97 104
97 105
97 107
97 108
97 112
97 116
97 121
97 122
97 125
97 131
97 132
97 133
97 136
97 137
98 4
98 6
98 11
98 15
98 18
98 23
98 27
98 31
98 45
98 47
98 57
98 60
98 64
98 69
98 74
98 78
98 86
98 88
98 89
98 94
98 98
98 101
98 102
98 103
98 106
98 107
98 108
98 113
98 117
98 119
98 121
98 122
98 126
98 128
98 133
98 136
98 137
98 139
98 140
98 142
99 1
99 4
99 5
99 6
99 7
99 9
99 11
99 13
99 16
99 17
99 26
99 29
99 36
99 38
99 40
99 42
99 49
99 54
99 57
99 82
99 86
99 90
99 91
99 94
99 95
99 96
99 97
99 100
99 103
99 104
99 108
99 109
99 110
99 111
99 114
99 120
99 126
99 132
99 136
99 144
100 5
100 6
100 7
100 10
100 11
100 20
100 22
100 23
100 30
100 31
100 36
100 37
100 50
100 53
100 57
100 66
100 76
100 77
100 82
100 86
100 87
100 88
100 90
100 92
100 95
100 98
100 101
100 104
100 105
100 106
100 114
100 117
100 118
100 122
100 125
100 129
100 130
100 134
100 138
100 141
100 143
101 2
101 4
101 5
101 8
101 11
101 13
101 15
101 17
101 18
101 20
101 35
101 36
101 37
101 43
101 47
101 51
101 52
101 67
101 70
101 74
101 75
101 87
101 90
101 91
101 98
101 100
101 101
101 102
101 103
101 104
101 106
101 114
101 115
101 118
101 136
101 137
102 9
102 10
102 16
102 23
102 24
102 28
102 30
102 31
102 34
102 39
102 42
102 46
102 47
102 48
102 52
102 53
102 54
102 58
102 59
102 66
102 67
102 71
102 74
102 75
102 77
102 78
102 82
102 84
102 85
102 86
102 87
102 88
102 95
102 99
102 103
102 110
102 113
102 121
102 128
102 130
102 132
102 134
102 136
102 140
102 142
103 6
103 11
103 15
103 20
103 23
103 25
103 36
103 42
103 43
103 45
103 46
103 48
103 51
103 54
103 55
103 56
103 64
103 65
103 69
103 70
103 71
103 74
103 78
103 79
103 84
103 87
103 89
103 94
103 98
103 103
103 106
103 114
103 116
103 117
103 128
103 131
103 133
103 136
103 143
104 1
104 3
104 5
104 6
104 7
104 13
104 19
104 21
104 25
104 26
104 30
104 31
104 32
104 35
104 39
104 41
104 42
104 44
104 47
104 48
104 56
104 57
104 71
104 72
104 73
104 75
104 79
104 80
104 86
104 91
104 92
104 97
104 100
104 101
104 102
104 104
104 108
104 111
104 113
104 115
104 119
104 120
104 124
104 130
104 133
104 134
104 135
104 137
104 138
104 139
104 140
104 141
105 11
105 12
105 17
105 18
105 19
105 20
105 21
105 27
105 31
105 32
105 34
105 38
105 39
105 41
105 42
105 43
105 46
105 49
105 50
105 52
105 57
105 59
105 61
105 66
105 71
105 75
105 76
105 83
105 85
105 87
105 97
105 100
105 101
105 102
105 107
105 108
105 113
105 120
105 121
105 125
105 127
105 136
105 141
106 1
106 4
106 5
106 6
106 9
106 15
106 18
106 25
106 26
106 28
106 37
106 38
106 44
106 48
106 49
106 52
106 54
106 56
106 69
106 70
106 71
106 74
106 78
106 83
106 86
106 89
106 97
106 102
106 104
106 105
106 106
106 107
106 111
106 113
106 119
106 120
106 128
106 130
106 135
106 139
106 140
106 141
107 7
107 12
107 13
107 16
107 18
107 19
107 26
107 28
107 29
107 36
107 42
107 48
107 55
107 59
107 60
107 66
107 72
107 74
107 79
107 85
107 87
107 88
107 89
107 99
107 100
107 106
107 114
107 115
107 116
107 123
107 124
107 126
107 136
107 137
107 139
108 3
108 8
108 10
108 11
108 14
108 19
108 23
108 25
108 28
108 29
108 35
108 37
108 39
108 42
108 51
108 52
108 54
108 57
108 59
108 61
108 65
108 66
108 70
108 76
108 77
108 92
108 95
108 97
108 99
108 103
108 106
108 108
108 109
108 112
108 116
108 118
108 122
108 123
108 125
108 126
108 128
108 131
108 134
108 135
108 137
108 141
109 1
109 5
109 7
109 10
109 12
109 13
109 16
109 19
109 21
109 23
109 29
109 30
109 39
109 43
109 46
109 48
109 52
109 53
109 55
109 58
109 63
109 67
109 70
109 71
109 73
109 75
109 78
109 79
109 80
109 83
109 85
109 87
109 89
109 92
109 93
109 98
109 103
109 107
109 115
109 122
109 125
109 129
109 130
109 144
110 4
110 12
110 14
110 18
110 24
110 26
110 27
110 29
110 37
110 44
110 45
110 48
110 49
110 52
110 53
110 54
110 55
110 57
110 58
110 59
110 65
110 66
110 76
110 78
110 84
110 85
110 86
110 89
110 98
110 105
110 106
110 110
110 113
110 115
110 116
110 117
110 118
110 121
110 123
110 127
110 129
110 132
110 133
110 134
110 141
111 2
111 5
111 6
111 9
111 11
111 12
111 20
111 21
111 27
111 31
111 35
111 37
111 38
111 40
111 41
111 44
111 45
111 46
111 51
111 53
111 61
111 64
111 75
111 77
111 79
111 86
111 89
111 91
111 95
111 96
111 103
111 104
111 106
111 109
111 111
111 112
111 114
111 116
111 117
111 119
111 121
111 125
111 128
111 130
111 132
111 135
111 138
112 1
112 2
112 12
112 18
112 19
112 20
112 24
112 25
112 31
112 33
112 34
112 35
112 41
112 43
112 46
112 47
112 52
112 53
112 55
112 56
112 62
112 65
112 67
112 68
112 69
112 70
112 76
112 77
112 78
112 81
112 88
112 90
112 92
112 94
112 96
112 101
112 105
112 108
112 110
112 118
112 121
112 125
112 127
112 133
112 137
113 1
113 2
113 6
113 8
113 9
113 19
113 21
113 24
113 29
113 37
113 38
113 40
113 46
113 47
113 49
113 54
113 60
113 61
113 67
113 72
113 78
113 79
113 82
113 83
113 85
113 91
113 93
113 95
113 100
113 101
113 102
113 103
113 106
113 109
113 111
113 112
113 117
113 121
113 128
113 131
113 134
113 135
113 137
113 141
113 144
114 4
114 6
114 12
114 16
114 17
114 22
114 26
114 27
114 33
114 38
114 40
114 45
114 46
114 50
114 54
114 58
114 59
114 60
114 61
114 63
114 64
114 68
114 69
114 71
114 73
114 74
114 77
114 82
114 84
114 88
114 89
114 90
114 94
114 100
114 102
114 104
114 108
114 109
114 113
114 120
114 123
114 136
114 142
115 10
115 11
115 12
115 14
115 20
115 23
115 24
115 25
115 37
115 38
115 39
115 41
115 44
115 46
115 48
115 51
115 52
115 53
115 56
115 57
115 68
115 69
115 72
115 74
115 76
115 78
115 79
115 80
115 81
115 82
115 88
115 89
115 91
115 95
115 97
115 101
115 103
115 108
115 110
115 114
115 115
115 116
115 119
115 123
115 127
115 129
115 132
115 134
115 136
115 138
115 139
115 143
116 1
116 11
116 23
116 28
116 31
116 32
116 33
116 36
116 44
116 49
116 51
116 52
116 53
116 57
116 59
116 63
116 66
116 70
116 72
116 75
116 83
116 85
116 91
116 97
116 101
116 102
116 104
116 108
116 111
116 112
116 116
116 121
116 126
116 127
116 130
116 131
116 132
116 134
116 135
116 136
116 142
116 144
117 7
117 13
117 16
117 20
117 25
117 32
117 37
117 40
117 45
117 60
117 70
117 72
117 78
117 83
117 84
117 89
117 92
117 106
117 108
117 109
117 110
117 116
117 117
117 118
117 119
117 132
117 134
117 138
117 141
117 142
117 144
118 4
118 6
118 8
118 12
118 16
118 17
118 18
118 19
118 20
118 25
118 26
118 32
118 33
118 35
118 42
118 44
118 48
118 53
118 54
118 64
118 66
118 67
118 76
118 79
118 84
118 88
118 94
118 100
118 102
118 112
118 114
118 116
118 123
118 125
118 126
118 127
118 128
118 130
118 134
118 136
118 138
118 140
118 142
118 144
119 3
119 4
119 6
119 10
119 11
119 14
119 16
119 18
119 19
119 22
119 23
119 26
119 29
119 40
119 41
119 42
119 45
119 55
119 57
119 58
119 62
119 69
119 71
119 81
119 86
119 93
119 101
119 104
119 106
119 108
119 109
119 113
119 114
119 115
119 118
119 125
119 129
119 133
119 134
119 143
120 2
120 4
120 5
120 10
120 12
120 15
120 17
120 19
120 20
120 22
120 26
120 28
120 30
120 33
120 39
120 40
120 41
120 42
120 47
120 56
120 61
120 64
120 65
120 75
120 78
120 80
120 83
120 88
120 89
120 96
120 98
120 99
120 101
120 104
120 109
120 111
120 112
120 114
120 118
120 124
120 131
120 133
120 134
120 135
120 140
121 1
121 2
121 7
121 16
121 18
121 20
121 21
121 22
121 28
121 31
121 32
121 35
121 36
121 38
121 44
121 46
121 49
121 50
121 56
121 61
121 64
121 70
121 74
121 75
121 76
121 78
121 82
121 83
121 85
121 86
121 87
121 88
121 91
121 98
121 104
121 108
121 111
121 113
121 117
121 123
121 126
121 127
121 129
121 133
121 134
121 137
121 142
122 11
122 13
122 18
122 20
122 26
122 27
122 30
122 38
122 40
122 41
122 53
122 58
122 59
122 61
122 62
122 63
122 68
122 70
122 71
122 77
122 81
122 82
122 84
122 91
122 96
122 97
122 101
122 102
122 104
122 106
122 108
122 110
122 113
122 114
122 115
122 119
122 120
122 122
122 123
122 130
122 132
122 141
122 143
123 2
123 4
123 6
123 12
123 14
123 16
123 18
123 22
123 33
123 35
123 36
123 38
123 43
123 47
123 54
123 57
123 61
123 68
123 71
123 72
123 73
123 75
123 81
123 88
123 89
123 93
123 97
123 99
123 100
123 105
123 117
123 121
123 123
123 125
123 127
123 131
123 134
123 136
123 138
123 144
124 1
124 5
124 8
124 11
124 15
124 22
124 32
124 33
124 35
124 39
124 41
124 44
124 46
124 59
124 60
124 64
124 65
124 69
124 72
124 74
124 75
124 77
124 79
124 80
124 82
124 85
124 89
124 93
124 94
124 96
124 98
124 99
124 100
124 110
124 111
124 113
124 115
124 118
124 123
124 126
124 131
125 4
125 6
125 12
125 13
125 14
125 15
125 17
125 18
125 22
125 24
125 26
125 30
125 31
125 39
125 44
125 46
125 47
125 48
125 50
125 52
125 53
125 55
125 57
125 58
125 59
125 61
125 62
125 64
125 70
125 71
125 79
125 86
125 88
125 91
125 95
125 102
125 106
125 108
125 113
125 118
125 119
125 120
125 125
125 136
125 137
125 138
125 144
126 3
126 4
126 5
126 7
126 8
126 10
126 18
126 19
126 21
126 28
126 34
126 35
126 38
126 39
126 41
126 49
126 50
126 52
126 55
126 56
126 57
126 60
126 61
126 63
126 73
126 75
126 78
126 79
126 81
126 84
126 85
126 89
126 99
126 101
126 105
126 107
126 110
126 113
126 124
126 127
126 130
126 131
126 132
126 138
126 143
127 1
127 6
127 10
127 13
127 14
127 15
127 18
127 23
127 31
127 34
127 35
127 42
127 44
127 47
127 49
127 64
127 66
127 72
127 75
127 79
127 80
127 82
127 83
127 84
127 88
127 89
127 93
127 94
127 95
127 101
127 106
127 112
127 117
127 121
127 122
127 123
127 124
127 134
127 137
128 2
128 7
128 11
128 15
128 17
128 20
128 24
128 25
128 29
128 32
128 35
128 36
128 39
128 44
128 47
128 49
128 52
128 59
128 61
128 68
128 78
128 80
128 81
128 86
128 87
128 89
128 90
128 92
128 95
128 98
128 101
128 104
128 105
128 107
128 111
128 112
128 113
128 117
128 123
128 128
128 133
128 138
128 140
128 142
128 143
129 1
129 2
129 6
129 8
129 9
129 12
129 15
129 18
129 19
129 21
129 25
129 26
129 29
129 31
129 32
129 51
129 52
129 54
129 56
129 59
129 62
129 64
129 65
129 70
129 72
129 73
129 77
129 79
129 80
129 86
129 90
129 92
129 96
129 98
129 99
129 103
129 106
129 109
129 110
129 112
129 113
129 115
129 118
129 120
129 122
129 123
129 125
129 131
129 132
129 133
129 134
129 136
129 137
129 140
129 141
129 142
129 143
130 6
130 12
130 22
130 24
130 30
130 32
130 36
130 45
130 46
130 47
130 49
130 50
130 53
130 59
130 61
130 67
130 69
130 74
130 76
130 77
130 82
130 85
130 87
130 89
130 94
130 95
130 96
130 99
130 102
130 107
130 111
130 112
130 115
130 116
130 122
130 123
130 124
130 128
130 129
130 131
130 132
130 136
131 4
131 11
131 17
131 24
131 28
131 31
131 35
131 36
131 41
131 44
131 54
131 55
131 56
131 57
131 58
131 59
131 62
131 63
131 66
131 69
131 73
131 74
131 78
131 79
131 88
131 90
131 91
131 97
131 102
131 105
131 106
131 112
131 117
131 118
131 121
131 125
131 126
131 129
131 135
131 136
131 139
131 140
131 144
132 1
132 4
132 13
132 15
132 19
132 20
132 21
132 22
132 23
132 25
132 27
132 30
132 38
132 40
132 45
132 49
132 51
132 52
132 53
132 56
132 58
132 62
132 63
132 64
132 65
132 66
132 67
132 68
132 69
132 71
132 73
132 76
132 79
132 81
132 90
132 91
132 96
132 99
132 102
132 107
132 109
132 110
132 113
132 114
132 117
132 119
132 121
132 122
132 124
132 130
132 133
132 134
133 3
133 4
133 6
133 8
133 12
133 16
133 32
133 36
133 42
133 43
133 45
133 47
133 51
133 57
133 71
133 72
133 79
133 82
133 90
133 94
133 102
133 105
133 108
133 111
133 116
133 120
133 130
133 131
133 137
133 138
133 141
133 142
133 143
134 1
134 4
134 9
134 15
134 17
134 18
134 19
134 23
134 27
134 31
134 34
134 38
134 44
134 45
134 46
134 48
134 52
134 54
134 55
134 56
134 60
134 61
134 64
134 67
134 72
134 78
134 79
134 82
134 84
134 85
134 90
134 99
134 102
134 103
134 110
134 112
134 117
134 129
134 130
134 131
134 133
134 136
134 141
134 144
135 5
135 10
135 12
135 13
135 15
135 16
135 18
135 19
135 20
135 25
135 27
135 28
135 31
135 32
135 34
135 35
135 39
135 43
135 48
135 49
135 50
135 51
135 52
135 53
135 56
135 59
135 60
135 61
135 62
135 63
135 66
135 68
135 69
135 80
135 82
135 83
135 90
135 92
135 94
135 95
135 97
135 106
135 107
135 114
135 115
135 123
135 128
135 129
135 132
135 134
136 8
136 9
136 11
136 15
136 22
136 29
136 32
136 36
136 39
136 40
136 42
136 43
136 46
136 47
136 49
136 57
136 61
136 62
136 64
136 66
136 67
136 68
136 70
136 72
136 73
136 74
136 77
136 78
136 80
136 91
136 92
136 93
136 94
136 96
136 102
136 103
136 104
136 113
136 117
136 118
136 119
136 128
136 129
136 132
136 136
136 142
136 143
137 4
137 7
137 10
137 12
137 17
137 25
137 26
137 32
137 40
137 44
137 47
137 51
137 52
137 53
137 54
137 55
137 56
137 57
137 62
137 63
137 66
137 79
137 81
137 83
137 86
137 88
137 90
137 93
137 98
137 100
137 102
137 106
137 111
137 114
137 115
137 116
137 122
137 126
137 128
137 136
137 137
137 138
138 3
138 4
138 6
138 7
138 10
138 13
138 16
138 18
138 25
138 27
138 37
138 39
138 47
138 48
138 50
138 56
138 58
138 67
138 68
138 72
138 73
138 74
138 77
138 79
138 83
138 89
138 92
138 97
138 102
138 104
138 108
138 116
138 122
138 130
138 131
138 136
138 140
138 144
139 2
139 3
139 4
139 13
139 21
139 23
139 24
139 29
139 31
139 36
139 41
139 43
139 44
139 48
139 49
139 50
139 55
139 56
139 57
139 64
139 68
139 70
139 71
139 74
139 77
139 80
139 83
139 86
139 87
139 89
139 96
139 97
139 107
139 109
139 110
139 112
139 114
139 116
139 117
139 124
139 125
139 129
139 133
139 134
139 137
139 139
139 140
139 143
140 5
140 10
140 13
140 17
140 20
140 22
140 23
140 26
140 27
140 29
140 42
140 45
140 55
140 56
140 59
140 71
140 74
140 79
140 80
140 87
140 89
140 92
140 94
140 96
140 97
140 98
140 99
140 103
140 107
140 109
140 110
140 112
140 113
140 120
140 123
140 132
140 136
141 1
141 5
141 8
141 13
141 22
141 24
141 25
141 30
141 32
141 33
141 34
141 48
141 49
141 54
141 55
141 60
141 62
141 68
141 73
141 75
141 80
141 83
141 84
141 86
141 87
141 91
141 95
141 96
141 100
141 107
141 116
141 118
141 120
141 122
141 124
141 127
141 130
141 131
141 133
141 137
141 138
141 142
142 1
142 4
142 5
142 7
142 8
142 9
142 18
142 19
142 22
142 23
142 24
142 25
142 30
142 31
142 36
142 41
142 42
142 46
142 50
142 54
142 55
142 58
142 64
142 75
142 80
142 86
142 89
142 92
142 93
142 95
142 97
142 98
142 99
142 103
142 108
142 111
142 112
142 113
142 115
142 116
142 123
142 128
142 129
142 132
142 133
142 136
142 138
142 139
142 143
143 4
143 5
143 8
143 9
143 14
143 16
143 19
143 25
143 28
143 33
143 34
143 38
143 44
143 45
143 46
143 49
143 50
143 55
143 58
143 63
143 64
143 69
143 70
143 75
143 76
143 77
143 82
143 84
143 89
143 90
143 95
143 98
143 100
143 102
143 113
143 119
143 122
143 129
143 131
143 133
143 136
143 137
143 138
144 3
144 4
144 6
144 7
144 13
144 14
144 20
144 22
144 23
144 28
144 29
144 32
144 34
144 38
144 42
144 43
144 58
144 62
144 65
144 66
144 72
144 74
144 86
144 89
144 95
144 96
144 97
144 98
144 99
144 100
144 102
144 103
144 104
144 110
144 114
144 116
144 118
144 119
144 120
144 124
144 131
144 132
144 133
144 135
144 143
145 1
145 2
145 4
145 8
145 13
145 16
145 17
145 19
145 21
145 22
145 26
145 30
145 32
145 34
145 37
145 42
145 48
145 52
145 53
145 56
145 63
145 67
145 70
145 72
145 73
145 74
145 76
145 82
145 87
145 92
145 93
145 94
145 97
145 98
145 102
145 104
145 105
145 106
145 110
145 111
145 114
145 120
145 126
145 134
145 138
145 142
145 144
146 3
146 11
146 14
146 16
146 21
146 22
146 27
146 28
146 33
146 35
146 36
146 41
146 52
146 54
146 56
146 57
146 58
146 60
146 66
146 68
146 71
146 77
146 82
146 87
146 89
146 90
146 94
146 96
146 98
146 100
146 101
146 106
146 107
146 109
146 112
146 116
146 126
146 127
146 128
146 133
146 135
146 139
146 143
147 1
147 2
147 3
147 4
147 6
147 17
147 22
147 25
147 26
147 28
147 31
147 34
147 37
147 41
147 54
147 57
147 61
147 66
147 74
147 79
147 81
147 88
147 90
147 98
147 99
147 100
147 107
147 108
147 115
147 118
147 121
147 122
147 126
147 127
147 128
147 129
147 131
147 135
147 140
147 142
148 3
148 4
148 7
148 9
148 11
148 12
148 15
148 17
148 22
148 24
148 28
148 30
148 32
148 39
148 40
148 42
148 47
148 70
148 74
148 77
148 82
148 83
148 85
148 86
148 88
148 90
148 96
148 97
148 99
148 100
148 102
148 104
148 111
148 112
148 113
148 116
148 122
148 123
148 124
148 126
148 134
148 137
149 1
149 6
149 8
149 9
149 12
149 13
149 17
149 18
149 19
149 22
149 23
149 27
149 28
149 29
149 38
149 40
149 41
149 44
149 45
149 46
149 54
149 57
149 60
149 64
149 65
149 70
149 73
149 81
149 87
149 103
149 107
149 108
149 109
149 114
149 115
149 118
149 125
149 129
149 131
149 133
149 135
149 140
149 141
150 1
150 3
150 4
150 5
150 6
150 15
150 22
150 24
150 26
150 27
150 28
150 33
150 34
150 44
150 46
150 53
150 57
150 66
150 71
150 79
150 80
150 83
150 85
150 87
150 98
150 101
150 102
150 103
150 104
150 109
150 113
150 117
150 120
150 122
150 132
150 133
150 138
150 142
150 144
151 6
151 7
151 10
151 12
151 18
151 21
151 26
151 27
151 30
151 31
151 32
151 33
151 36
151 39
151 42
151 47
151 49
151 51
151 52
151 65
151 70
151 73
151 77
151 85
151 88
151 99
151 102
151 103
151 110
151 117
151 119
151 122
151 123
151 128
151 133
151 139
151 141
151 142
151 143
152 1
152 2
152 8
152 9
152 10
152 13
152 16
152 18
152 22
152 26
152 28
152 31
152 33
152 38
152 39
152 40
152 42
152 45
152 50
152 54
152 61
152 62
152 63
152 67
152 70
152 75
152 77
152 78
152 80
152 81
152 82
152 83
152 84
152 85
152 88
152 91
152 92
152 93
152 94
152 97
152 99
152 104
152 107
152 108
152 111
152 112
152 114
152 115
152 131
152 135
152 137
152 141
152 143
153 6
153 9
153 13
153 17
153 19
153 24
153 26
153 32
153 34
153 38
153 49
153 51
153 53
153 67
153 73
153 77
153 80
153 81
153 83
153 84
153 85
153 87
153 90
153 93
153 95
153 96
153 104
153 106
153 108
153 110
153 112
153 120
153 121
153 126
153 129
153 130
153 132
153 133
153 134
153 136
153 142
153 144
154 1
154 2
154 4
154 6
154 9
154 16
154 18
154 20
154 24
154 27
154 30
154 35
154 36
154 46
154 51
154 52
154 53
154 58
154 63
154 64
154 65
154 67
154 69
154 71
154 73
154 81
154 84
154 87
154 89
154 92
154 93
154 100
154 104
154 108
154 118
154 120
154 124
154 128
154 132
154 134
154 138
154 144
155 5
155 10
155 13
155 15
155 18
155 23
155 24
155 26
155 28
155 32
155 33
155 39
155 50
155 56
155 58
155 59
155 61
155 65
155 68
155 69
155 73
155 76
155 78
155 83
155 84
155 90
155 92
155 94
155 95
155 96
155 97
155 102
155 108
155 113
155 116
155 117
155 121
155 124
155 127
155 128
155 133
155 135
155 136
155 138
155 140
155 141
155 142
156 3
156 5
156 6
156 9
156 11
156 28
156 31
156 36
156 37
156 38
156 40
156 42
156 43
156 44
156 45
156 46
156 47
156 51
156 56
156 68
156 69
156 73
156 77
156 79
156 81
156 85
156 89
156 90
156 94
156 95
156 97
156 103
156 108
156 113
156 116
156 118
156 122
156 124
156 126
156 131
156 133
156 135
156 137
156 139
156 142
156 143
156 144
157 1
157 9
157 13
157 15
157 16
157 19
157 20
157 21
157 22
157 26
157 29
157 33
157 35
157 36
157 38
157 39
157 47
157 51
157 58
157 59
157 61
157 63
157 65
157 66
157 78
157 83
157 85
157 96
157 97
157 99
157 100
157 101
157 108
157 109
157 115
157 116
157 119
157 121
157 122
157 125
157 126
157 132
157 135
157 136
157 139
158 6
158 7
158 16
158 17
158 25
158 26
158 27
158 30
158 35
158 36
158 39
158 46
158 48
158 50
158 51
158 55
158 60
158 61
158 62
158 63
158 67
158 78
158 80
158 82
158 86
158 91
158 99
158 103
158 106
158 108
158 109
158 112
158 113
158 114
158 116
158 132
158 134
158 136
158 144
159 6
159 12
159 13
159 15
159 18
159 24
159 29
159 35
159 36
159 44
159 47
159 51
159 59
159 60
159 62
159 63
159 71
159 74
159 75
159 78
159 81
159 91
159 94
159 95
159 100
159 102
159 113
159 114
159 117
159 118
159 120
159 123
159 130
159 131
159 134
159 136
159 139
159 141
159 142
160 4
160 5
160 6
160 9
160 15
160 18
160 23
160 26
160 28
160 33
160 36
160 40
160 41
160 43
160 49
160 51
160 57
160 61
160 66
160 69
160 70
160 77
160 79
160 80
160 83
160 87
160 95
160 98
160 100
160 102
160 104
160 106
160 107
160 108
160 111
160 112
160 114
160 116
160 126
160 128
160 135
160 140
160 144
161 2
161 6
161 14
161 16
161 17
161 18
161 25
161 30
161 39
161 41
161 44
161 46
161 56
161 57
161 61
161 65
161 68
161 71
161 74
161 77
161 79
161 80
161 81
161 89
161 91
161 92
161 93
161 96
161 97
161 101
161 103
161 105
161 106
161 107
161 112
161 120
161 122
161 123
161 124
161 125
161 127
161 130
161 134
161 138
161 139
161 140
162 4
162 6
162 9
162 10
162 13
162 14
162 16
162 20
162 22
162 29
162 36
162 37
162 39
162 42
162 43
162 45
162 49
162 50
162 52
162 53
162 64
162 74
162 75
162 76
162 84
162 87
162 90
162 91
162 92
162 98
162 100
162 103
162 108
162 109
162 113
162 114
162 115
162 116
162 119
162 134
162 137
162 142
162 143
163 1
163 2
163 5
163 6
163 8
163 9
163 10
163 11
163 13
163 16
163 19
163 27
163 38
163 40
163 44
163 45
163 48
163 64
163 68
163 73
163 75
163 77
163 80
163 81
163 83
163 88
163 89
163 94
163 95
163 97
163 99
163 100
163 105
163 111
163 112
163 121
163 123
163 125
163 130
163 131
163 132
163 135
163 144
164 2
164 3
164 8
164 11
164 15
164 19
164 23
164 26
164 27
164 28
164 35
164 43
164 44
164 45
164 47
164 49
164 50
164 51
164 52
164 53
164 56
164 57
164 59
164 62
164 63
164 64
164 73
164 74
164 76
164 77
164 78
164 81
164 83
164 84
164 85
164 90
164 94
164 95
164 96
164 104
164 106
164 110
164 111
164 117
164 118
164 120
164 126
164 127
164 133
164 135
164 138
164 144
165 2
165 4
165 9
165 21
165 22
165 23
165 26
165 28
165 29
165 31
165 33
165 34
165 46
165 47
165 50
165 53
165 56
165 59
165 63
165 68
165 72
165 76
165 77
165 81
165 83
165 84
165 87
165 88
165 91
165 94
165 95
165 103
165 106
165 121
165 124
165 128
165 129
165 131
165 141
165 142
165 143
166 3
166 5
166 6
166 8
166 11
166 15
166 22
166 24
166 26
166 27
166 30
166 36
166 44
166 50
166 56
166 58
166 59
166 60
166 62
166 63
166 74
166 83
166 84
166 91
166 92
166 94
166 98
166 103
166 105
166 106
166 109
166 110
166 114
166 119
166 127
166 130
166 132
166 134
166 141
166 143
167 2
167 19
167 20
167 25
167 28
167 32
167 33
167 36
167 37
167 38
167 39
167 42
167 53
167 55
167 57
167 59
167 63
167 66
167 69
167 70
167 72
167 73
167 78
167 79
167 88
167 89
167 92
167 98
167 99
167 100
167 101
167 105
167 109
167 111
167 112
167 115
167 117
167 118
167 119
167 120
167 122
167 127
167 129
167 136
168 2
168 16
168 20
168 23
168 28
168 36
168 37
168 40
168 43
168 46
168 51
168 55
168 63
168 69
168 71
168 72
168 74
168 75
168 76
168 78
168 80
168 85
168 88
168 89
168 96
168 100
168 101
168 102
168 107
168 112
168 116
168 117
168 126
168 130
168 132
168 138
168 139
168 141
168 142
169 1
169 2
169 3
169 10
169 11
169 15
169 17
169 19
169 20
169 24
169 26
169 33
169 34
169 37
169 39
169 41
169 46
169 50
169 55
169 56
169 57
169 59
169 60
169 61
169 65
169 68
169 71
169 78
169 83
169 85
169 86
169 87
169 93
169 94
169 95
169 99
169 100
169 102
169 103
169 105
169 108
169 109
169 115
169 119
169 124
169 126
169 143
170 4
170 6
170 7
170 9
170 11
170 17
170 23
170 25
170 29
170 30
170 32
170 41
170 45
170 46
170 48
170 49
170 50
170 54
170 57
170 66
170 67
170 69
170 71
170 76
170 79
170 82
170 86
170 87
170 96
170 98
170 101
170 103
170 114
170 116
170 119
170 120
170 121
170 122
170 124
170 126
170 127
170 129
170 132
170 134
170 135
170 137
170 138
170 139
170 143
171 1
171 2
171 3
171 9
171 12
171 14
171 19
171 20
171 21
171 27
171 28
171 31
171 33
171 37
171 40
171 46
171 47
171 55
171 56
171 60
171 62
171 66
171 68
171 76
171 78
171 79
171 97
171 108
171 109
171 113
171 114
171 116
171 117
171 118
171 120
171 121
171 122
171 130
171 134
171 135
171 136
171 144
172 2
172 5
172 12
172 14
172 18
172 19
172 20
172 21
172 27
172 28
172 29
172 38
172 42
172 50
172 54
172 55
172 56
172 61
172 66
172 67
172 70
172 71
172 72
172 74
172 75
172 77
172 83
172 89
172 91
172 96
172 97
172 98
172 101
172 111
172 112
172 121
172 128
172 134
172 138
172 141
172 142
173 2
173 5
173 8
173 14
173 17
173 21
173 22
173 24
173 28
173 29
173 31
173 32
173 35
173 36
173 37
173 39
173 41
173 48
173 55
173 56
173 58
173 59
173 63
173 73
173 74
173 75
173 78
173 79
173 80
173 88
173 89
173 91
173 96
173 98
173 99
173 102
173 104
173 106
173 107
173 111
173 112
173 114
173 127
173 130
173 134
173 139
173 140
173 144
174 3
174 10
174 11
174 14
174 19
174 21
174 22
174 23
174 24
174 26
174 27
174 39
174 43
174 45
174 51
174 53
174 54
174 55
174 57
174 60
174 61
174 62
174 63
174 66
174 67
174 68
174 70
174 73
174 86
174 89
174 90
174 93
174 94
174 95
174 96
174 101
174 106
174 107
174 112
174 114
174 115
174 116
174 117
174 118
174 122
174 126
174 131
174 133
174 136
174 138
174 141
175 5
175 9
175 10
175 15
175 18
175 20
175 35
175 40
175 42
175 43
175 50
175 60
175 63
175 64
175 65
175 74
175 83
175 84
175 89
175 91
175 93
175 100
175 104
175 105
175 106
175 108
175 109
175 111
175 112
175 114
175 121
175 137
175 138
175 139
176 2
176 3
176 9
176 14
176 16
176 17
176 20
176 23
176 28
176 30
176 31
176 32
176 33
176 37
176 42
176 45
176 49
176 51
176 56
176 60
176 61
176 63
176 73
176 78
176 79
176 81
176 83
176 84
176 85
176 94
176 98
176 99
176 102
176 108
176 112
176 115
176 117
176 121
176 122
176 125
176 126
176 128
176 138
176 139
176 141
176 144
177 5
177 22
177 25
177 26
177 30
177 32
177 33
177 36
177 38
177 39
177 42
177 45
177 51
177 52
177 55
177 57
177 58
177 59
177 62
177 68
177 69
177 75
177 76
177 78
177 80
177 82
177 83
177 84
177 86
177 88
177 94
177 95
177 98
177 100
177 102
177 104
177 105
177 106
177 108
177 110
177 112
177 113
177 121
177 124
177 126
177 131
177 134
177 135
177 136
177 137
177 139
177 140
177 141
178 10
178 11
178 13
178 14
178 15
178 16
178 22
178 24
178 25
178 27
178 28
178 29
178 31
178 34
178 35
178 38
178 42
178 45
178 47
178 48
178 50
178 55
178 58
178 65
178 69
178 73
178 75
178 80
178 87
178 89
178 90
178 91
178 114
178 119
178 122
178 124
178 126
178 129
178 138
178 144
179 1
179 11
179 18
179 24
179 27
179 29
179 38
179 39
179 40
179 41
179 50
179 54
179 55
179 59
179 63
179 67
179 73
179 76
179 78
179 79
179 80
179 83
179 93
179 97
179 100
179 104
179 105
179 110
179 115
179 117
179 118
179 124
179 129
179 130
179 133
179 137
179 139
180 2
180 4
180 6
180 10
180 21
180 24
180 25
180 28
180 29
180 35
180 38
180 43
180 47
180 49
180 57
180 60
180 63
180 65
180 69
180 71
180 75
180 79
180 89
180 91
180 92
180 95
180 97
180 98
180 103
180 107
180 112
180 114
180 115
180 116
180 117
180 126
180 127
180 129
180 134
180 138
180 139
180 144
