40 32 809
1 1
1 2
1 3
1 4
1 5
1 7
1 9
1 10
1 12
1 13
1 14
1 15
1 16
1 18
1 19
1 22
1 23
1 24
1 25
1 27
1 29
1 30
1 31
2 2
2 3
2 5
2 6
2 7
2 12
2 14
2 15
2 16
2 17
2 18
2 19
2 21
2 22
2 23
2 24
2 27
2 29
2 30
2 31
2 32
3 1
3 2
3 4
3 5
3 6
3 9
3 10
3 11
3 15
3 16
3 17
3 20
3 23
3 24
3 26
3 27
3 31
3 32
4 1
4 2
4 3
4 4
4 5
4 6
4 7
4 8
4 9
4 10
4 11
4 12
4 13
4 14
4 16
4 19
4 20
4 21
4 22
4 23
4 24
4 25
4 26
4 27
4 32
5 3
5 5
5 8
5 10
5 11
5 13
5 15
5 18
5 19
5 20
5 26
5 28
5 30
5 32
6 1
6 3
6 8
6 12
6 13
6 14
6 16
6 17
6 22
6 23
6 25
6 27
6 28
6 29
6 30
6 31
6 32
7 4
7 5
7 7
7 8
7 9
7 11
7 12
7 13
7 14
7 15
7 16
7 18
7 20
7 23
7 24
7 25
7 28
7 29
7 30
7 31
7 32
8 1
8 2
8 3
8 4
8 5
8 6
8 7
8 9
8 11
8 12
8 16
8 17
8 18
8 20
8 23
8 24
8 25
8 27
8 28
8 31
8 32
9 1
9 3
9 4
9 8
9 9
9 10
9 11
9 13
9 14
9 16
9 18
9 19
9 20
9 22
9 23
9 24
9 25
9 26
9 28
9 30
9 31
9 32
10 1
10 2
10 3
10 4
10 6
10 7
10 8
10 10
10 11
10 12
10 13
10 18
10 19
10 23
10 24
10 25
10 27
10 29
10 31
10 32
11 2
11 3
11 5
11 6
11 7
11 9
11 10
11 13
11 14
11 15
11 16
11 17
11 23
11 25
11 26
11 27
11 28
11 29
11 30
12 1
12 2
12 3
12 9
12 10
12 12
12 13
12 14
12 17
12 20
12 21
12 23
12 25
12 29
12 31
13 2
13 5
13 8
13 10
13 12
13 14
13 15
13 16
13 17
13 21
13 24
13 25
13 28
13 29
13 31
13 32
14 1
14 2
14 3
14 5
14 7
14 8
14 9
14 15
14 16
14 17
14 18
14 19
14 21
14 22
14 23
14 24
14 25
14 27
14 28
14 29
14 30
14 31
14 32
15 3
15 4
15 5
15 6
15 7
15 8
15 10
15 11
15 12
15 13
15 16
15 17
15 18
15 20
15 21
15 22
15 23
15 25
15 26
15 27
15 30
15 31
15 32
16 2
16 3
16 4
16 6
16 7
16 8
16 9
16 12
16 14
16 16
16 17
16 21
16 23
16 25
16 28
16 29
16 30
16 31
16 32
17 2
17 5
17 6
17 9
17 10
17 11
17 12
17 13
17 14
17 15
17 19
17 20
17 21
17 22
17 23
17 25
17 26
17 27
17 29
17 30
17 32
18 1
18 2
18 3
18 5
18 6
18 7
18 8
18 9
18 11
18 12
18 13
18 14
18 16
18 18
18 20
18 21
18 22
18 23
18 24
18 25
18 27
18 28
18 29
18 30
18 31
18 32
19 1
19 4
19 5
19 9
19 12
19 16
19 17
19 19
19 20
19 21
19 22
19 23
19 26
19 27
19 29
19 30
20 1
20 3
20 5
20 6
20 7
20 10
20 11
20 12
20 14
20 17
20 18
20 23
20 24
20 27
20 28
20 29
20 30
20 31
21 1
21 2
21 4
21 5
21 6
21 9
21 11
21 12
21 13
21 14
21 16
21 17
21 18
21 20
21 23
21 25
21 26
21 27
21 28
21 32
22 3
22 5
22 7
22 8
22 9
22 11
22 13
22 14
22 15
22 16
22 17
22 20
22 21
22 23
22 26
22 29
22 30
22 32
23 1
23 2
23 5
23 6
23 7
23 8
23 9
23 11
23 12
23 13
23 15
23 16
23 18
23 19
23 21
23 25
23 28
23 32
24 1
24 2
24 3
24 6
24 7
24 10
24 11
24 12
24 14
24 15
24 20
24 21
24 22
24 23
24 24
24 28
24 29
24 30
24 31
24 32
25 1
25 2
25 4
25 5
25 6
25 7
25 8
25 9
25 10
25 11
25 12
25 14
25 16
25 20
25 22
25 23
25 25
25 26
25 28
25 30
25 31
25 32
26 2
26 6
26 7
26 8
26 9
26 12
26 13
26 14
26 15
26 17
26 18
26 19
26 20
26 21
26 22
26 23
26 26
26 27
26 28
26 29
26 30
26 31
26 32
27 1
27 2
27 3
27 4
27 5
27 7
27 8
27 10
27 12
27 13
27 15
27 18
27 19
27 20
27 22
27 23
27 24
27 25
27 26
27 27
27 28
27 31
28 3
28 6
28 7
28 9
28 10
28 11
28 13
28 15
28 16
28 17
28 18
28 20
28 21
28 22
28 23
28 24
28 25
28 28
28 30
28 31
29 1
29 2
29 3
29 4
29 5
29 6
29 7
29 8
29 10
29 11
29 12
29 13
29 15
29 16
29 17
29 18
29 19
29 20
29 22
29 23
29 25
29 28
29 30
30 1
30 2
30 3
30 4
30 5
30 6
30 7
30 8
30 10
30 12
30 14
30 15
30 18
30 19
30 20
30 21
30 22
30 26
30 27
30 29
30 30
30 31
30 32
31 3
31 4
31 8
31 9
31 10
31 11
31 14
31 15
31 18
31 19
31 20
31 22
31 25
31 26
31 28
31 30
31 31
31 32
32 1
32 3
32 5
32 6
32 7
32 9
32 11
32 13
32 15
32 16
32 17
32 18
32 20
32 21
32 22
32 23
32 24
32 27
32 28
32 29
32 30
32 31
33 1
33 2
33 4
33 5
33 6
33 8
33 9
33 10
33 11
33 13
33 14
33 15
33 16
33 17
33 18
33 19
33 21
33 22
33 23
33 24
33 25
33 27
33 29
33 30
33 31
34 1
34 2
34 4
34 6
34 8
34 10
34 11
34 12
34 14
34 16
34 17
34 18
34 19
34 20
34 21
34 22
34 23
34 24
34 25
34 27
34 30
34 31
34 32
35 2
35 4
35 5
35 6
35 8
35 9
35 10
35 13
35 14
35 15
35 16
35 18
35 20
35 24
35 26
35 28
35 29
35 31
36 1
36 2
36 3
36 5
36 9
36 10
36 11
36 13
36 14
36 17
36 18
36 19
36 22
36 23
36 25
36 26
36 29
36 31
37 2
37 4
37 5
37 8
37 9
37 14
37 16
37 17
37 18
37 22
37 23
37 24
37 25
37 27
37 30
37 31
37 32
38 1
38 2
38 3
38 5
38 6
38 8
38 9
38 11
38 12
38 13
38 14
38 16
38 18
38 19
38 23
38 26
38 27
38 31
39 3
39 5
39 6
39 7
39 8
39 10
39 11
39 12
39 13
39 14
39 15
39 16
39 17
39 18
39 19
39 20
39 21
39 24
39 25
39 26
39 27
39 28
39 29
39 30
39 31
39 32
40 1
40 3
40 4
40 7
40 8
40 11
40 13
40 16
40 19
40 20
40 22
40 23
40 24
40 26
40 28
40 31
40 32
