140 112 4723
1 7
1 9
1 12
1 14
1 22
1 24
1 28
1 29
1 33
1 35
1 36
1 48
1 49
1 50
1 52
1 55
1 59
1 61
1 62
1 63
1 64
1 68
1 82
1 83
1 86
1 89
1 92
1 94
1 96
1 97
1 98
1 101
1 102
1 107
1 108
1 111
2 3
2 6
2 13
2 15
2 19
2 20
2 21
2 26
2 27
2 33
2 34
2 37
2 39
2 42
2 46
2 52
2 53
2 58
2 59
2 64
2 67
2 69
2 72
2 76
2 78
2 79
2 81
2 82
2 83
2 93
2 94
2 96
2 97
2 98
2 100
2 101
2 102
2 108
2 112
3 4
3 6
3 8
3 10
3 11
3 16
3 18
3 20
3 27
3 30
3 33
3 35
3 36
3 38
3 40
3 41
3 46
3 47
3 54
3 61
3 62
3 63
3 66
3 67
3 70
3 72
3 73
3 74
3 75
3 78
3 79
3 80
3 81
3 82
3 85
3 86
3 90
3 93
3 95
3 97
3 98
3 101
3 104
3 105
3 107
3 109
4 7
4 11
4 12
4 18
4 19
4 20
4 23
4 25
4 26
4 31
4 45
4 47
4 58
4 65
4 75
4 76
4 81
4 85
4 86
4 87
4 89
4 94
4 97
4 103
4 105
4 106
4 110
5 8
5 9
5 10
5 12
5 15
5 16
5 20
5 22
5 23
5 24
5 25
5 27
5 28
5 32
5 37
5 40
5 41
5 44
5 45
5 48
5 54
5 62
5 63
5 71
5 73
5 75
5 80
5 83
5 86
5 89
5 94
5 96
5 102
5 107
5 108
5 109
5 111
6 5
6 6
6 9
6 13
6 15
6 16
6 17
6 18
6 19
6 20
6 22
6 23
6 24
6 28
6 29
6 40
6 42
6 46
6 50
6 52
6 53
6 56
6 59
6 62
6 66
6 68
6 69
6 72
6 75
6 76
6 77
6 80
6 81
6 93
6 98
6 101
6 102
6 105
6 112
7 6
7 7
7 9
7 10
7 15
7 17
7 18
7 19
7 23
7 26
7 30
7 32
7 44
7 46
7 48
7 50
7 61
7 68
7 72
7 77
7 78
7 81
7 82
7 85
7 86
7 87
7 92
7 93
7 96
7 101
7 105
7 106
7 110
8 1
8 4
8 5
8 11
8 14
8 15
8 17
8 19
8 26
8 28
8 33
8 38
8 50
8 51
8 53
8 57
8 64
8 65
8 67
8 68
8 77
8 78
8 80
8 81
8 83
8 84
8 86
8 88
8 91
8 93
8 94
8 112
9 1
9 6
9 7
9 9
9 10
9 13
9 14
9 21
9 23
9 29
9 30
9 39
9 40
9 43
9 44
9 45
9 50
9 51
9 57
9 60
9 61
9 66
9 76
9 79
9 82
9 85
9 86
9 89
9 92
9 101
9 103
9 107
9 108
9 109
10 5
10 6
10 8
10 13
10 16
10 17
10 20
10 28
10 31
10 34
10 39
10 52
10 56
10 60
10 67
10 75
10 77
10 78
10 79
10 82
10 86
10 90
10 93
10 97
10 98
10 99
10 104
10 111
11 1
11 6
11 8
11 15
11 19
11 20
11 23
11 27
11 31
11 35
11 36
11 38
11 39
11 41
11 46
11 48
11 50
11 51
11 52
11 62
11 65
11 69
11 73
11 76
11 80
11 81
11 83
11 85
11 93
11 100
11 101
11 102
11 106
12 4
12 8
12 17
12 21
12 25
12 26
12 29
12 31
12 33
12 35
12 38
12 47
12 53
12 56
12 57
12 65
12 67
12 69
12 72
12 73
12 76
12 82
12 86
12 87
12 90
12 93
12 95
12 97
12 101
12 104
12 106
12 112
13 4
13 13
13 14
13 31
13 34
13 41
13 44
13 49
13 53
13 57
13 62
13 70
13 71
13 72
13 73
13 75
13 76
13 81
13 82
13 83
13 85
13 91
13 93
13 95
13 99
13 103
13 106
13 112
14 2
14 5
14 7
14 9
14 11
14 15
14 18
14 23
14 26
14 27
14 32
14 33
14 36
14 43
14 49
14 53
14 56
14 59
14 60
14 61
14 62
14 65
14 68
14 69
14 73
14 74
14 76
14 78
14 79
14 81
14 82
14 85
14 92
14 93
14 95
14 97
14 98
14 104
15 1
15 3
15 4
15 7
15 14
15 20
15 23
15 25
15 27
15 28
15 32
15 39
15 40
15 42
15 43
15 45
15 51
15 53
15 54
15 57
15 58
15 59
15 65
15 67
15 69
15 73
15 74
15 75
15 76
15 78
15 80
15 81
15 87
15 89
15 91
15 99
15 103
15 104
15 105
15 106
15 110
16 8
16 11
16 19
16 21
16 28
16 35
16 37
16 38
16 42
16 44
16 48
16 51
16 54
16 56
16 63
16 64
16 69
16 70
16 72
16 81
16 82
16 84
16 85
16 90
16 91
16 93
16 94
16 98
16 101
16 103
16 106
16 110
16 112
17 7
17 14
17 16
17 18
17 20
17 22
17 25
17 26
17 28
17 32
17 35
17 36
17 39
17 40
17 41
17 42
17 43
17 48
17 54
17 56
17 57
17 61
17 63
17 65
17 68
17 71
17 72
17 74
17 77
17 79
17 85
17 89
17 95
17 97
17 99
17 102
18 3
18 4
18 5
18 14
18 20
18 25
18 31
18 35
18 36
18 38
18 41
18 43
18 46
18 49
18 52
18 58
18 64
18 67
18 69
18 74
18 76
18 79
18 82
18 85
18 87
18 96
18 98
18 101
18 102
18 103
18 104
18 107
19 6
19 16
19 17
19 18
19 19
19 20
19 21
19 25
19 26
19 29
19 30
19 35
19 36
19 38
19 41
19 42
19 45
19 55
19 69
19 72
19 74
19 76
19 77
19 88
19 96
19 98
19 103
19 108
19 109
19 112
20 12
20 13
20 16
20 17
20 18
20 19
20 24
20 26
20 33
20 37
20 40
20 45
20 48
20 51
20 53
20 59
20 64
20 65
20 69
20 73
20 87
20 89
20 90
20 91
20 96
20 99
20 105
20 108
20 109
21 9
21 12
21 14
21 15
21 23
21 24
21 26
21 29
21 31
21 33
21 45
21 49
21 55
21 68
21 70
21 73
21 76
21 77
21 79
21 87
21 90
21 92
21 103
21 106
21 112
22 2
22 5
22 7
22 9
22 10
22 12
22 17
22 25
22 31
22 44
22 49
22 52
22 57
22 59
22 60
22 62
22 65
22 68
22 70
22 73
22 75
22 77
22 80
22 85
22 86
22 87
22 89
22 91
22 96
22 97
22 100
22 104
22 105
22 109
23 2
23 9
23 12
23 13
23 15
23 19
23 24
23 25
23 27
23 31
23 33
23 34
23 37
23 49
23 53
23 55
23 63
23 67
23 68
23 70
23 74
23 75
23 77
23 85
23 88
23 90
23 97
23 100
23 101
23 105
23 106
23 110
23 111
24 4
24 6
24 7
24 10
24 14
24 16
24 17
24 18
24 26
24 30
24 34
24 36
24 41
24 45
24 48
24 49
24 51
24 52
24 61
24 69
24 73
24 79
24 80
24 81
24 82
24 83
24 84
24 85
24 93
24 97
24 98
24 103
24 105
24 110
24 111
25 5
25 6
25 7
25 11
25 20
25 30
25 31
25 34
25 35
25 36
25 40
25 42
25 43
25 50
25 61
25 70
25 76
25 77
25 78
25 79
25 80
25 81
25 83
25 84
25 85
25 91
25 98
25 99
25 101
25 108
26 2
26 8
26 11
26 12
26 16
26 17
26 50
26 52
26 53
26 57
26 60
26 76
26 83
26 84
26 85
26 86
26 88
26 91
26 95
26 97
26 100
26 101
26 108
26 109
27 1
27 4
27 5
27 10
27 12
27 15
27 16
27 20
27 22
27 23
27 26
27 27
27 31
27 32
27 35
27 37
27 38
27 44
27 47
27 53
27 54
27 56
27 58
27 67
27 68
27 70
27 72
27 74
27 75
27 87
27 88
27 91
27 99
27 104
27 110
27 112
28 2
28 5
28 7
28 10
28 12
28 14
28 17
28 20
28 23
28 25
28 30
28 37
28 40
28 45
28 46
28 49
28 51
28 52
28 56
28 57
28 58
28 60
28 62
28 66
28 68
28 69
28 70
28 75
28 80
28 81
28 83
28 85
28 88
28 96
28 97
28 100
28 105
28 108
28 109
28 112
29 8
29 24
29 27
29 34
29 35
29 40
29 41
29 43
29 46
29 47
29 48
29 52
29 53
29 56
29 59
29 63
29 65
29 66
29 70
29 75
29 78
29 80
29 85
29 89
29 90
29 92
29 96
29 97
29 98
29 99
29 102
29 103
29 104
29 108
29 109
29 110
30 4
30 7
30 12
30 15
30 20
30 21
30 24
30 29
30 30
30 32
30 33
30 34
30 36
30 42
30 44
30 49
30 51
30 52
30 55
30 57
30 59
30 60
30 61
30 64
30 66
30 68
30 69
30 73
30 79
30 84
30 87
30 88
30 98
30 99
30 100
30 101
30 104
30 105
30 106
30 111
30 112
31 1
31 5
31 6
31 7
31 9
31 10
31 11
31 12
31 13
31 19
31 21
31 25
31 26
31 29
31 31
31 35
31 40
31 44
31 45
31 52
31 59
31 60
31 68
31 77
31 80
31 81
31 82
31 86
31 87
31 91
31 93
31 97
31 105
31 112
32 1
32 4
32 9
32 10
32 12
32 14
32 24
32 25
32 33
32 38
32 41
32 43
32 45
32 46
32 52
32 53
32 63
32 64
32 65
32 68
32 72
32 75
32 80
32 82
32 83
32 90
32 91
32 92
32 94
32 101
32 106
33 4
33 5
33 7
33 9
33 10
33 11
33 15
33 17
33 20
33 22
33 26
33 34
33 37
33 39
33 50
33 51
33 54
33 62
33 64
33 65
33 68
33 69
33 70
33 71
33 77
33 82
33 83
33 86
33 88
33 90
33 96
33 104
33 106
33 110
33 111
34 5
34 8
34 12
34 19
34 29
34 32
34 34
34 35
34 36
34 38
34 39
34 44
34 46
34 52
34 66
34 73
34 77
34 79
34 80
34 83
34 85
34 86
34 90
34 92
34 94
34 96
34 97
34 100
34 106
34 109
34 111
35 1
35 3
35 5
35 6
35 7
35 10
35 12
35 15
35 18
35 19
35 21
35 23
35 24
35 29
35 30
35 33
35 35
35 37
35 38
35 41
35 44
35 46
35 48
35 50
35 60
35 65
35 68
35 71
35 72
35 73
35 75
35 78
35 80
35 81
35 85
35 87
35 89
35 90
35 103
35 105
35 108
35 110
36 4
36 6
36 10
36 13
36 15
36 21
36 24
36 28
36 29
36 30
36 32
36 34
36 35
36 36
36 40
36 42
36 45
36 46
36 52
36 58
36 59
36 62
36 68
36 70
36 73
36 76
36 83
36 93
36 95
36 96
36 98
36 102
36 103
36 104
36 109
37 2
37 7
37 13
37 15
37 16
37 23
37 25
37 26
37 28
37 30
37 38
37 39
37 40
37 49
37 51
37 53
37 58
37 62
37 66
37 67
37 68
37 71
37 75
37 79
37 80
37 83
37 90
37 92
37 95
37 96
37 98
37 99
37 102
37 104
37 105
37 108
37 109
37 110
37 112
38 10
38 11
38 13
38 14
38 18
38 23
38 31
38 35
38 41
38 43
38 47
38 53
38 56
38 58
38 64
38 70
38 72
38 74
38 79
38 87
38 88
38 90
38 95
38 97
38 108
38 109
38 111
39 4
39 6
39 13
39 16
39 18
39 22
39 29
39 31
39 33
39 35
39 39
39 43
39 44
39 49
39 51
39 53
39 57
39 58
39 60
39 62
39 63
39 66
39 69
39 77
39 79
39 86
39 92
39 100
39 102
39 104
39 106
40 2
40 4
40 10
40 11
40 18
40 20
40 27
40 39
40 40
40 41
40 45
40 48
40 50
40 53
40 60
40 62
40 72
40 73
40 75
40 77
40 80
40 81
40 82
40 85
40 87
40 90
40 92
40 95
40 97
40 103
40 105
40 108
41 1
41 2
41 3
41 7
41 9
41 10
41 11
41 19
41 20
41 21
41 23
41 25
41 26
41 29
41 36
41 40
41 49
41 54
41 55
41 57
41 61
41 62
41 66
41 72
41 76
41 77
41 79
41 83
41 84
41 88
41 89
41 95
41 96
41 97
41 100
41 104
41 106
41 107
41 111
42 2
42 3
42 6
42 7
42 8
42 11
42 14
42 15
42 17
42 23
42 28
42 29
42 30
42 34
42 35
42 37
42 41
42 42
42 52
42 53
42 54
42 55
42 60
42 61
42 62
42 69
42 71
42 73
42 75
42 78
42 82
42 83
42 85
42 86
42 89
42 97
42 108
42 109
43 2
43 3
43 5
43 8
43 9
43 14
43 16
43 17
43 22
43 23
43 24
43 26
43 29
43 30
43 33
43 36
43 38
43 39
43 40
43 42
43 44
43 59
43 62
43 65
43 66
43 72
43 76
43 80
43 82
43 87
43 89
43 90
43 91
43 93
43 98
43 99
43 103
43 108
44 2
44 5
44 8
44 12
44 17
44 33
44 35
44 36
44 41
44 42
44 43
44 45
44 46
44 47
44 48
44 51
44 52
44 57
44 61
44 62
44 65
44 66
44 67
44 72
44 73
44 74
44 77
44 78
44 79
44 86
44 87
44 92
44 94
44 102
44 107
44 109
44 110
45 4
45 5
45 6
45 9
45 11
45 16
45 20
45 21
45 25
45 27
45 28
45 29
45 32
45 39
45 42
45 44
45 47
45 49
45 50
45 58
45 66
45 70
45 72
45 75
45 85
45 88
45 94
45 95
45 98
45 102
46 6
46 8
46 9
46 12
46 14
46 15
46 18
46 19
46 26
46 28
46 29
46 31
46 40
46 42
46 44
46 49
46 50
46 58
46 62
46 65
46 67
46 69
46 72
46 73
46 74
46 81
46 82
46 87
46 94
46 98
46 99
46 103
46 106
46 107
47 1
47 3
47 5
47 9
47 14
47 15
47 18
47 19
47 21
47 24
47 25
47 27
47 28
47 29
47 30
47 34
47 35
47 44
47 53
47 55
47 59
47 61
47 65
47 74
47 75
47 79
47 86
47 91
47 95
47 96
47 99
47 104
47 105
47 107
47 108
48 2
48 5
48 8
48 19
48 23
48 38
48 49
48 51
48 55
48 56
48 57
48 61
48 67
48 68
48 69
48 71
48 72
48 76
48 77
48 84
48 86
48 88
48 89
48 90
48 93
48 97
48 105
48 107
48 110
48 112
49 1
49 4
49 15
49 17
49 30
49 32
49 39
49 41
49 42
49 52
49 55
49 57
49 60
49 62
49 66
49 71
49 74
49 79
49 80
49 87
49 90
49 92
49 96
49 100
49 102
49 103
49 106
49 110
49 112
50 1
50 2
50 3
50 7
50 8
50 9
50 14
50 15
50 16
50 19
50 20
50 22
50 23
50 27
50 33
50 37
50 43
50 45
50 46
50 50
50 53
50 54
50 57
50 59
50 61
50 65
50 66
50 67
50 68
50 73
50 77
50 79
50 81
50 85
50 86
50 88
50 95
50 102
50 104
50 109
50 110
50 111
51 1
51 2
51 5
51 7
51 17
51 18
51 22
51 32
51 36
51 39
51 40
51 41
51 50
51 54
51 58
51 60
51 67
51 71
51 73
51 78
51 81
51 82
51 96
51 98
51 103
51 104
51 108
51 110
51 111
52 1
52 3
52 9
52 10
52 11
52 15
52 17
52 18
52 19
52 22
52 24
52 30
52 31
52 32
52 36
52 38
52 40
52 48
52 54
52 55
52 60
52 62
52 65
52 66
52 67
52 73
52 75
52 76
52 78
52 80
52 87
52 89
52 94
52 108
52 112
53 1
53 5
53 8
53 10
53 14
53 17
53 18
53 26
53 29
53 32
53 34
53 35
53 43
53 48
53 53
53 55
53 56
53 57
53 62
53 64
53 67
53 69
53 70
53 72
53 79
53 82
53 85
53 87
53 90
53 93
53 98
53 100
53 106
53 110
53 111
54 2
54 9
54 11
54 12
54 13
54 16
54 17
54 19
54 20
54 25
54 26
54 28
54 29
54 32
54 33
54 38
54 39
54 40
54 45
54 46
54 51
54 53
54 55
54 59
54 60
54 61
54 64
54 66
54 70
54 79
54 87
54 90
54 91
54 92
54 93
54 94
54 95
54 96
54 100
54 101
54 106
55 3
55 5
55 9
55 12
55 18
55 25
55 26
55 29
55 30
55 36
55 37
55 38
55 42
55 43
55 45
55 55
55 59
55 64
55 65
55 75
55 79
55 84
55 87
55 89
55 98
55 100
55 101
55 103
55 107
55 109
55 111
56 3
56 14
56 17
56 18
56 26
56 36
56 37
56 39
56 41
56 42
56 49
56 51
56 57
56 59
56 60
56 65
56 69
56 71
56 74
56 77
56 84
56 88
56 93
56 94
56 97
56 98
56 102
56 105
56 110
57 3
57 4
57 5
57 8
57 12
57 16
57 29
57 35
57 37
57 41
57 43
57 44
57 45
57 52
57 53
57 56
57 58
57 67
57 74
57 75
57 76
57 78
57 86
57 87
57 88
57 90
57 95
57 96
57 98
57 110
58 3
58 5
58 7
58 12
58 13
58 20
58 22
58 23
58 25
58 26
58 31
58 32
58 36
58 37
58 40
58 46
58 49
58 53
58 62
58 64
58 65
58 67
58 68
58 69
58 70
58 73
58 80
58 83
58 84
58 86
58 88
58 93
58 94
58 100
58 102
58 109
58 110
59 3
59 5
59 6
59 13
59 19
59 23
59 24
59 32
59 36
59 38
59 39
59 40
59 42
59 45
59 46
59 47
59 48
59 49
59 53
59 60
59 69
59 71
59 76
59 78
59 82
59 85
59 87
59 88
59 90
59 91
59 96
59 102
59 103
59 107
59 110
60 1
60 6
60 10
60 14
60 15
60 24
60 28
60 30
60 34
60 49
60 53
60 56
60 61
60 62
60 64
60 66
60 69
60 74
60 76
60 77
60 79
60 82
60 83
60 91
60 95
60 98
60 102
60 103
60 110
60 111
61 4
61 11
61 12
61 14
61 15
61 25
61 31
61 43
61 44
61 50
61 51
61 52
61 53
61 58
61 61
61 62
61 70
61 72
61 73
61 75
61 86
61 87
61 88
61 90
61 91
61 95
61 98
61 100
61 101
61 102
61 103
61 105
61 109
61 110
62 3
62 5
62 6
62 8
62 9
62 12
62 15
62 17
62 19
62 21
62 29
62 30
62 34
62 35
62 37
62 40
62 42
62 52
62 53
62 60
62 65
62 66
62 68
62 69
62 70
62 71
62 76
62 79
62 87
62 88
62 100
62 105
62 111
63 1
63 3
63 5
63 6
63 8
63 13
63 14
63 16
63 18
63 21
63 24
63 25
63 30
63 31
63 32
63 35
63 40
63 45
63 48
63 49
63 63
63 64
63 67
63 68
63 76
63 77
63 79
63 81
63 89
63 93
63 94
63 95
63 96
63 100
63 106
63 107
63 108
63 112
64 5
64 6
64 7
64 10
64 11
64 12
64 13
64 16
64 18
64 19
64 26
64 27
64 28
64 30
64 37
64 38
64 42
64 45
64 46
64 52
64 57
64 61
64 62
64 65
64 66
64 73
64 75
64 81
64 82
64 88
64 92
64 96
64 100
64 103
64 111
64 112
65 2
65 4
65 8
65 10
65 11
65 13
65 20
65 22
65 26
65 28
65 34
65 41
65 44
65 49
65 50
65 56
65 57
65 58
65 59
65 61
65 64
65 67
65 69
65 70
65 71
65 72
65 74
65 79
65 84
65 88
65 89
65 100
65 102
65 107
65 111
66 5
66 10
66 21
66 22
66 25
66 28
66 33
66 34
66 36
66 37
66 48
66 51
66 53
66 55
66 58
66 59
66 61
66 66
66 67
66 69
66 71
66 74
66 75
66 76
66 77
66 78
66 80
66 83
66 85
66 87
66 89
66 94
66 96
66 97
66 99
66 104
66 106
66 108
67 9
67 10
67 13
67 20
67 21
67 25
67 32
67 34
67 35
67 36
67 40
67 41
67 44
67 45
67 50
67 53
67 54
67 57
67 61
67 62
67 65
67 66
67 71
67 73
67 75
67 77
67 79
67 80
67 81
67 82
67 83
67 85
67 96
67 97
67 101
67 107
67 110
68 4
68 6
68 20
68 25
68 26
68 35
68 36
68 38
68 40
68 43
68 45
68 46
68 53
68 54
68 56
68 58
68 60
68 67
68 71
68 72
68 73
68 82
68 83
68 89
68 94
68 97
68 98
68 101
68 102
68 105
68 107
68 110
69 2
69 5
69 6
69 10
69 11
69 13
69 15
69 17
69 19
69 21
69 33
69 34
69 36
69 38
69 39
69 42
69 47
69 49
69 59
69 60
69 63
69 66
69 69
69 71
69 75
69 79
69 80
69 84
69 90
69 96
69 97
69 99
69 103
69 107
69 112
70 2
70 7
70 12
70 14
70 22
70 25
70 26
70 28
70 30
70 34
70 37
70 45
70 50
70 53
70 57
70 59
70 61
70 64
70 72
70 74
70 77
70 78
70 86
70 89
70 91
70 98
70 102
71 1
71 6
71 10
71 15
71 18
71 21
71 26
71 28
71 33
71 55
71 64
71 72
71 76
71 86
71 87
71 88
71 89
71 93
71 94
71 96
71 97
71 98
71 101
71 104
71 107
71 108
72 2
72 10
72 11
72 14
72 16
72 19
72 22
72 24
72 27
72 32
72 33
72 36
72 40
72 46
72 48
72 49
72 54
72 57
72 60
72 61
72 63
72 66
72 71
72 73
72 75
72 79
72 80
72 82
72 84
72 85
72 88
72 101
72 106
72 109
73 1
73 2
73 7
73 9
73 12
73 13
73 16
73 18
73 21
73 22
73 29
73 33
73 35
73 41
73 42
73 45
73 54
73 58
73 60
73 61
73 67
73 69
73 71
73 74
73 76
73 77
73 78
73 80
73 81
73 83
73 84
73 86
73 89
73 90
73 93
73 99
73 100
73 103
73 108
73 109
74 1
74 3
74 4
74 5
74 6
74 8
74 10
74 15
74 17
74 18
74 19
74 26
74 34
74 35
74 39
74 43
74 44
74 46
74 47
74 50
74 56
74 58
74 60
74 61
74 65
74 67
74 70
74 73
74 77
74 81
74 82
74 84
74 88
74 94
74 100
74 103
74 108
74 109
75 7
75 15
75 16
75 17
75 19
75 21
75 24
75 26
75 28
75 32
75 36
75 44
75 45
75 51
75 55
75 57
75 59
75 74
75 75
75 77
75 80
75 81
75 92
75 101
75 102
75 104
75 107
75 110
76 2
76 7
76 9
76 11
76 16
76 18
76 24
76 27
76 37
76 43
76 44
76 46
76 50
76 56
76 60
76 62
76 63
76 65
76 71
76 79
76 80
76 85
76 87
76 91
76 93
76 95
76 99
76 109
77 2
77 3
77 5
77 8
77 13
77 18
77 21
77 25
77 35
77 37
77 42
77 45
77 46
77 52
77 53
77 60
77 61
77 63
77 68
77 70
77 71
77 80
77 88
77 90
77 91
77 95
77 102
77 103
77 105
77 106
77 111
77 112
78 3
78 5
78 6
78 16
78 18
78 19
78 22
78 28
78 29
78 30
78 31
78 39
78 45
78 51
78 54
78 56
78 57
78 60
78 63
78 64
78 69
78 71
78 73
78 74
78 75
78 77
78 79
78 82
78 84
78 89
78 90
78 95
78 98
78 99
78 105
78 106
78 110
79 1
79 5
79 6
79 7
79 11
79 14
79 15
79 16
79 18
79 20
79 21
79 24
79 31
79 34
79 36
79 44
79 46
79 49
79 50
79 53
79 62
79 64
79 69
79 82
79 84
79 86
79 88
79 94
79 95
79 96
79 99
79 104
79 105
79 106
79 110
80 3
80 6
80 7
80 11
80 13
80 17
80 20
80 29
80 35
80 38
80 40
80 41
80 42
80 48
80 49
80 59
80 62
80 65
80 66
80 71
80 74
80 75
80 76
80 77
80 84
80 87
80 90
80 91
80 92
80 94
80 96
80 97
80 98
80 99
80 101
80 102
80 106
80 109
80 110
80 112
81 6
81 7
81 9
81 18
81 20
81 35
81 39
81 45
81 46
81 48
81 53
81 54
81 61
81 64
81 66
81 70
81 73
81 75
81 77
81 78
81 79
81 80
81 82
81 86
81 87
81 94
81 95
81 103
81 105
81 107
81 109
81 112
82 9
82 14
82 15
82 19
82 20
82 21
82 25
82 27
82 33
82 34
82 37
82 42
82 46
82 50
82 53
82 58
82 65
82 67
82 69
82 73
82 81
82 85
82 86
82 89
82 94
82 101
82 106
82 111
82 112
83 3
83 5
83 6
83 7
83 13
83 15
83 18
83 19
83 22
83 25
83 28
83 29
83 30
83 35
83 37
83 39
83 41
83 43
83 49
83 50
83 59
83 71
83 72
83 74
83 78
83 80
83 83
83 84
83 85
83 92
83 95
83 106
83 110
84 1
84 2
84 3
84 13
84 22
84 27
84 31
84 34
84 36
84 37
84 39
84 49
84 50
84 52
84 53
84 54
84 55
84 58
84 61
84 63
84 66
84 68
84 73
84 74
84 81
84 82
84 90
84 92
84 101
84 105
85 2
85 3
85 6
85 11
85 17
85 19
85 21
85 23
85 24
85 40
85 44
85 46
85 47
85 48
85 49
85 53
85 54
85 55
85 57
85 59
85 68
85 77
85 84
85 88
85 91
85 101
85 103
85 110
85 111
86 1
86 6
86 7
86 10
86 12
86 14
86 16
86 20
86 21
86 22
86 23
86 24
86 29
86 30
86 31
86 33
86 34
86 35
86 36
86 41
86 51
86 56
86 60
86 70
86 72
86 79
86 80
86 81
86 83
86 85
86 86
86 88
86 89
86 91
86 94
86 99
86 110
86 112
87 3
87 5
87 8
87 15
87 17
87 20
87 22
87 26
87 28
87 30
87 35
87 41
87 49
87 51
87 54
87 58
87 59
87 73
87 76
87 77
87 78
87 79
87 81
87 84
87 88
87 94
87 97
87 102
88 5
88 10
88 19
88 26
88 28
88 34
88 35
88 37
88 38
88 44
88 46
88 47
88 52
88 54
88 61
88 65
88 70
88 71
88 72
88 74
88 75
88 76
88 78
88 84
88 85
88 87
88 89
88 93
88 96
88 99
88 100
88 103
88 104
88 110
89 13
89 24
89 26
89 35
89 39
89 41
89 43
89 47
89 49
89 50
89 51
89 52
89 53
89 54
89 56
89 57
89 63
89 68
89 73
89 77
89 79
89 80
89 83
89 84
89 86
89 88
89 93
89 94
89 95
89 101
89 103
89 106
89 107
90 2
90 3
90 9
90 12
90 13
90 14
90 19
90 27
90 28
90 32
90 33
90 36
90 38
90 41
90 42
90 43
90 44
90 52
90 53
90 55
90 57
90 61
90 63
90 65
90 70
90 72
90 81
90 82
90 83
90 84
90 85
90 87
90 89
90 91
90 92
90 94
90 96
90 99
90 102
90 104
91 2
91 5
91 7
91 13
91 16
91 19
91 21
91 27
91 29
91 30
91 34
91 36
91 39
91 47
91 48
91 49
91 52
91 55
91 57
91 60
91 70
91 73
91 74
91 75
91 87
91 90
91 92
91 93
91 97
91 100
91 101
91 102
91 105
91 107
91 109
91 112
92 2
92 5
92 8
92 13
92 18
92 21
92 24
92 26
92 30
92 33
92 36
92 40
92 42
92 43
92 48
92 49
92 50
92 54
92 59
92 60
92 62
92 64
92 68
92 70
92 71
92 72
92 74
92 82
92 85
92 86
92 94
92 104
92 106
92 111
93 2
93 3
93 4
93 5
93 10
93 11
93 13
93 14
93 18
93 19
93 25
93 28
93 29
93 34
93 37
93 45
93 46
93 48
93 53
93 60
93 62
93 64
93 70
93 73
93 77
93 78
93 81
93 82
93 83
93 86
93 91
93 93
93 101
93 103
93 108
94 3
94 5
94 6
94 8
94 9
94 11
94 13
94 25
94 27
94 29
94 30
94 34
94 39
94 46
94 49
94 53
94 55
94 56
94 57
94 59
94 60
94 69
94 70
94 79
94 80
94 82
94 85
94 87
94 88
94 91
94 94
94 105
94 107
94 109
94 112
95 4
95 5
95 8
95 11
95 12
95 22
95 26
95 29
95 41
95 42
95 43
95 45
95 55
95 59
95 65
95 75
95 88
95 91
95 92
95 95
95 101
95 102
95 104
95 105
95 108
95 111
96 1
96 2
96 3
96 5
96 6
96 14
96 15
96 16
96 18
96 19
96 20
96 23
96 29
96 30
96 34
96 38
96 40
96 41
96 46
96 51
96 54
96 59
96 61
96 64
96 68
96 70
96 71
96 72
96 78
96 82
96 90
96 103
96 110
96 111
97 2
97 5
97 14
97 15
97 18
97 21
97 23
97 24
97 26
97 27
97 28
97 31
97 33
97 39
97 41
97 48
97 49
97 55
97 57
97 60
97 68
97 74
97 79
97 87
97 92
97 96
97 99
97 100
97 111
97 112
98 5
98 10
98 15
98 17
98 19
98 21
98 30
98 31
98 32
98 39
98 43
98 53
98 55
98 58
98 62
98 66
98 69
98 71
98 72
98 77
98 78
98 83
98 84
98 88
98 90
98 91
98 93
98 100
98 107
98 109
99 12
99 13
99 27
99 28
99 31
99 34
99 35
99 36
99 38
99 39
99 43
99 45
99 54
99 60
99 66
99 67
99 75
99 76
99 87
99 89
99 91
99 92
99 95
99 97
99 101
99 105
99 106
99 110
100 2
100 11
100 14
100 20
100 21
100 29
100 31
100 32
100 33
100 37
100 41
100 43
100 44
100 45
100 58
100 62
100 63
100 69
100 71
100 73
100 74
100 76
100 80
100 82
100 92
100 93
100 102
100 103
100 104
100 110
101 1
101 3
101 5
101 9
101 12
101 14
101 18
101 24
101 30
101 36
101 38
101 40
101 44
101 46
101 47
101 50
101 51
101 55
101 57
101 58
101 61
101 63
101 64
101 69
101 76
101 79
101 89
101 90
101 92
101 97
101 99
101 109
101 110
101 112
102 10
102 11
102 20
102 22
102 35
102 43
102 45
102 47
102 48
102 60
102 63
102 68
102 72
102 74
102 75
102 78
102 80
102 82
102 83
102 85
102 86
102 87
102 88
102 90
102 91
102 96
102 98
102 101
102 106
102 108
102 110
103 3
103 5
103 9
103 13
103 16
103 17
103 18
103 27
103 31
103 35
103 47
103 50
103 53
103 57
103 58
103 59
103 60
103 62
103 64
103 67
103 69
103 70
103 74
103 80
103 86
103 87
103 89
103 92
103 100
103 104
103 108
103 109
103 110
104 2
104 3
104 4
104 9
104 10
104 11
104 13
104 15
104 20
104 21
104 35
104 37
104 44
104 45
104 46
104 49
104 59
104 60
104 61
104 65
104 70
104 71
104 74
104 76
104 79
104 80
104 81
104 82
104 84
104 89
104 90
104 91
104 93
104 94
104 97
104 100
104 103
104 104
104 108
104 110
105 3
105 4
105 8
105 11
105 12
105 16
105 23
105 24
105 32
105 33
105 37
105 38
105 39
105 40
105 41
105 44
105 45
105 46
105 47
105 48
105 50
105 51
105 53
105 54
105 58
105 61
105 64
105 65
105 66
105 67
105 73
105 74
105 75
105 78
105 83
105 88
105 89
105 91
105 92
105 93
105 94
105 104
105 105
105 108
105 109
105 111
106 4
106 6
106 7
106 9
106 10
106 17
106 27
106 29
106 30
106 32
106 34
106 40
106 43
106 44
106 46
106 47
106 48
106 52
106 54
106 56
106 59
106 61
106 65
106 66
106 71
106 74
106 81
106 82
106 86
106 88
106 94
106 95
106 97
106 99
106 100
106 102
106 103
106 104
106 107
106 110
107 1
107 2
107 4
107 5
107 16
107 17
107 19
107 20
107 26
107 30
107 35
107 36
107 38
107 39
107 41
107 43
107 47
107 55
107 56
107 57
107 58
107 61
107 69
107 74
107 76
107 80
107 82
107 85
107 86
107 89
107 96
107 101
107 104
107 107
107 109
108 1
108 11
108 14
108 15
108 16
108 22
108 23
108 24
108 29
108 33
108 35
108 36
108 41
108 43
108 45
108 49
108 52
108 57
108 58
108 63
108 64
108 65
108 70
108 71
108 73
108 78
108 79
108 83
108 89
108 94
108 100
108 101
108 102
108 103
109 5
109 7
109 14
109 18
109 22
109 23
109 29
109 30
109 31
109 33
109 38
109 40
109 44
109 52
109 56
109 58
109 63
109 66
109 73
109 81
109 85
109 87
109 89
109 94
109 95
109 97
109 99
109 100
109 103
109 105
109 106
109 111
109 112
110 1
110 2
110 3
110 7
110 8
110 10
110 12
110 14
110 15
110 19
110 22
110 35
110 36
110 42
110 43
110 55
110 57
110 59
110 60
110 65
110 74
110 81
110 84
110 87
110 88
110 89
110 90
110 93
110 95
110 96
110 97
110 109
110 110
110 111
111 2
111 8
111 10
111 16
111 17
111 18
111 19
111 25
111 26
111 27
111 28
111 29
111 36
111 37
111 38
111 46
111 47
111 52
111 53
111 55
111 62
111 63
111 66
111 71
111 82
111 85
111 87
111 91
111 94
111 96
111 98
111 99
111 104
111 107
111 112
112 2
112 12
112 17
112 18
112 24
112 27
112 31
112 33
112 43
112 45
112 46
112 47
112 50
112 51
112 52
112 53
112 55
112 57
112 58
112 59
112 62
112 66
112 71
112 82
112 83
112 84
112 91
112 92
112 93
112 94
112 99
112 108
112 109
113 4
113 13
113 15
113 17
113 19
113 20
113 26
113 30
113 32
113 33
113 35
113 36
113 38
113 42
113 43
113 45
113 53
113 56
113 57
113 61
113 62
113 63
113 66
113 75
113 79
113 80
113 81
113 91
113 92
113 93
113 95
113 96
113 98
113 100
113 101
113 103
113 109
114 3
114 4
114 9
114 18
114 29
114 30
114 31
114 40
114 42
114 54
114 60
114 62
114 64
114 66
114 68
114 71
114 74
114 85
114 87
114 88
114 91
114 93
114 95
114 99
114 102
114 105
114 108
114 110
115 1
115 8
115 9
115 10
115 11
115 12
115 14
115 18
115 19
115 21
115 28
115 45
115 48
115 50
115 52
115 53
115 55
115 56
115 58
115 59
115 65
115 75
115 84
115 86
115 87
115 89
115 94
115 95
115 102
115 103
115 107
115 109
116 3
116 4
116 11
116 13
116 28
116 33
116 34
116 40
116 42
116 43
116 45
116 52
116 54
116 68
116 75
116 78
116 80
116 81
116 84
116 91
116 92
116 98
116 100
116 105
116 106
117 1
117 4
117 5
117 18
117 20
117 25
117 29
117 30
117 33
117 36
117 44
117 47
117 52
117 53
117 57
117 62
117 63
117 67
117 68
117 69
117 76
117 77
117 78
117 80
117 81
117 84
117 88
117 96
117 97
117 102
117 106
117 110
118 3
118 6
118 17
118 18
118 19
118 26
118 28
118 31
118 32
118 36
118 39
118 40
118 41
118 52
118 55
118 58
118 62
118 63
118 66
118 67
118 68
118 77
118 78
118 79
118 80
118 84
118 85
118 89
118 91
118 94
118 95
118 98
118 103
118 104
118 106
119 2
119 5
119 8
119 10
119 11
119 12
119 16
119 17
119 21
119 22
119 35
119 39
119 45
119 50
119 52
119 54
119 57
119 61
119 65
119 67
119 68
119 69
119 83
119 84
119 86
119 91
119 95
119 97
119 100
119 101
119 102
119 106
119 107
119 110
120 1
120 3
120 4
120 5
120 6
120 8
120 16
120 18
120 20
120 21
120 24
120 27
120 29
120 33
120 36
120 42
120 49
120 52
120 53
120 57
120 63
120 64
120 69
120 77
120 85
120 86
120 87
120 88
120 90
120 91
120 92
120 94
120 95
120 104
120 107
120 108
120 109
120 112
121 1
121 4
121 5
121 7
121 15
121 17
121 19
121 21
121 25
121 27
121 35
121 43
121 45
121 46
121 50
121 53
121 54
121 58
121 66
121 67
121 69
121 71
121 72
121 74
121 75
121 78
121 79
121 83
121 86
121 87
121 93
121 96
121 101
121 106
121 110
122 1
122 5
122 6
122 10
122 13
122 15
122 16
122 19
122 23
122 24
122 25
122 26
122 27
122 31
122 34
122 39
122 45
122 47
122 52
122 54
122 56
122 62
122 63
122 70
122 75
122 76
122 77
122 80
122 82
122 83
122 88
122 90
122 95
122 98
122 100
122 101
122 103
122 104
122 106
122 111
123 3
123 10
123 14
123 15
123 17
123 18
123 19
123 21
123 24
123 26
123 28
123 31
123 32
123 34
123 37
123 38
123 41
123 42
123 43
123 58
123 60
123 61
123 66
123 71
123 72
123 74
123 75
123 77
123 78
123 79
123 81
123 84
123 86
123 89
123 90
123 93
123 95
123 96
123 97
123 98
123 101
123 104
123 110
124 6
124 8
124 15
124 19
124 20
124 22
124 23
124 24
124 25
124 33
124 34
124 37
124 40
124 54
124 58
124 59
124 69
124 70
124 72
124 74
124 77
124 79
124 88
124 90
124 99
124 100
124 101
124 108
125 8
125 9
125 12
125 13
125 16
125 17
125 18
125 19
125 28
125 30
125 34
125 38
125 42
125 47
125 50
125 65
125 67
125 70
125 73
125 75
125 77
125 79
125 80
125 88
125 90
125 91
125 93
125 105
125 110
126 1
126 2
126 6
126 8
126 11
126 14
126 15
126 18
126 21
126 27
126 28
126 29
126 34
126 37
126 39
126 41
126 43
126 44
126 45
126 46
126 50
126 52
126 56
126 57
126 64
126 73
126 74
126 78
126 83
126 84
126 85
126 99
126 103
126 109
126 110
127 4
127 7
127 8
127 11
127 17
127 21
127 29
127 31
127 37
127 39
127 41
127 50
127 52
127 54
127 56
127 58
127 59
127 66
127 68
127 72
127 74
127 78
127 83
127 90
127 91
127 93
127 96
127 98
127 101
127 104
127 105
128 2
128 8
128 10
128 15
128 17
128 25
128 28
128 34
128 36
128 37
128 39
128 40
128 49
128 50
128 51
128 53
128 65
128 66
128 73
128 80
128 86
128 91
128 99
128 103
128 106
128 108
128 109
129 3
129 5
129 6
129 9
129 15
129 17
129 19
129 23
129 25
129 26
129 28
129 32
129 33
129 36
129 45
129 47
129 50
129 51
129 60
129 61
129 62
129 69
129 72
129 76
129 77
129 79
129 82
129 83
129 85
129 87
129 88
129 91
129 93
129 97
129 98
129 99
129 100
129 102
129 104
129 108
130 3
130 7
130 12
130 13
130 16
130 17
130 26
130 27
130 30
130 31
130 36
130 38
130 39
130 40
130 49
130 50
130 54
130 60
130 62
130 66
130 69
130 72
130 76
130 78
130 82
130 83
130 85
130 92
130 94
130 95
130 97
130 98
130 103
130 106
130 107
130 108
130 109
130 112
131 1
131 3
131 4
131 7
131 14
131 20
131 23
131 24
131 26
131 27
131 29
131 43
131 44
131 49
131 53
131 54
131 57
131 58
131 59
131 60
131 61
131 62
131 63
131 65
131 71
131 73
131 74
131 75
131 76
131 78
131 84
131 88
131 89
131 92
131 95
131 98
131 99
131 106
131 110
132 2
132 6
132 10
132 11
132 15
132 21
132 23
132 25
132 26
132 27
132 29
132 32
132 37
132 56
132 60
132 68
132 70
132 72
132 75
132 77
132 78
132 81
132 82
132 90
132 92
132 97
132 99
132 109
133 2
133 3
133 4
133 6
133 16
133 22
133 28
133 30
133 44
133 53
133 54
133 56
133 60
133 61
133 63
133 65
133 67
133 70
133 73
133 85
133 91
133 98
134 1
134 4
134 6
134 8
134 12
134 17
134 19
134 28
134 35
134 39
134 42
134 43
134 48
134 49
134 55
134 61
134 62
134 69
134 75
134 78
134 79
134 80
134 81
134 82
134 85
134 87
134 94
134 95
134 97
134 99
134 108
134 111
135 3
135 8
135 10
135 11
135 16
135 17
135 20
135 21
135 27
135 31
135 37
135 44
135 46
135 51
135 59
135 74
135 77
135 83
135 89
135 90
135 91
135 94
135 96
135 97
135 98
135 102
135 106
135 107
135 108
135 109
135 111
136 1
136 3
136 13
136 15
136 16
136 18
136 22
136 23
136 25
136 30
136 32
136 36
136 43
136 44
136 46
136 60
136 65
136 68
136 70
136 71
136 72
136 75
136 76
136 78
136 79
136 80
136 83
136 88
136 96
136 100
136 106
136 107
137 3
137 5
137 9
137 11
137 12
137 13
137 18
137 21
137 24
137 25
137 28
137 31
137 34
137 36
137 39
137 40
137 45
137 49
137 50
137 54
137 58
137 59
137 62
137 70
137 71
137 72
137 75
137 81
137 82
137 86
137 90
137 92
137 96
137 101
137 108
137 112
138 9
138 13
138 14
138 16
138 21
138 23
138 28
138 31
138 32
138 35
138 36
138 39
138 44
138 46
138 48
138 53
138 54
138 56
138 57
138 61
138 65
138 74
138 77
138 84
138 85
138 89
138 93
138 96
138 98
138 101
138 109
138 110
138 111
138 112
139 3
139 4
139 8
139 9
139 10
139 11
139 13
139 15
139 16
139 18
139 21
139 23
139 27
139 29
139 33
139 35
139 37
139 38
139 42
139 43
139 45
139 49
139 51
139 53
139 60
139 61
139 65
139 67
139 69
139 74
139 76
139 78
139 83
139 97
139 100
139 106
139 107
140 4
140 6
140 12
140 13
140 15
140 21
140 24
140 25
140 27
140 29
140 30
140 35
140 38
140 39
140 40
140 41
140 52
140 56
140 66
140 69
140 75
140 78
140 82
140 84
140 87
140 92
140 94
140 96
140 105
140 107
140 108
140 111
