240 192 13870
1 4
1 7
1 9
1 10
1 12
1 14
1 16
1 22
1 23
1 24
1 25
1 28
1 34
1 35
1 36
1 43
1 44
1 53
1 56
1 60
1 72
1 82
1 86
1 90
1 92
1 95
1 97
1 100
1 108
1 111
1 116
1 117
1 123
1 124
1 126
1 137
1 138
1 142
1 147
1 148
1 150
1 155
1 156
1 162
1 166
1 167
1 169
1 170
1 171
1 172
1 173
1 174
1 176
1 177
1 179
1 180
1 182
1 184
1 187
1 189
1 190
1 191
1 192
2 3
2 10
2 13
2 15
2 16
2 21
2 22
2 23
2 29
2 32
2 37
2 39
2 43
2 45
2 53
2 54
2 55
2 57
2 60
2 67
2 71
2 72
2 73
2 79
2 81
2 83
2 85
2 93
2 95
2 96
2 98
2 103
2 108
2 115
2 118
2 121
2 122
2 124
2 127
2 130
2 134
2 136
2 137
2 148
2 150
2 153
2 163
2 165
2 166
2 167
2 168
2 171
2 173
2 176
2 180
2 184
2 187
2 190
2 191
3 1
3 2
3 7
3 10
3 11
3 12
3 13
3 17
3 18
3 19
3 24
3 28
3 30
3 31
3 33
3 35
3 43
3 46
3 58
3 59
3 60
3 66
3 69
3 72
3 77
3 79
3 83
3 84
3 90
3 91
3 94
3 95
3 105
3 114
3 117
3 118
3 124
3 126
3 128
3 132
3 133
3 134
3 136
3 139
3 141
3 147
3 150
3 160
3 161
3 165
3 166
3 169
3 170
3 175
3 179
3 182
3 186
3 188
4 1
4 2
4 6
4 13
4 14
4 17
4 22
4 24
4 25
4 31
4 33
4 35
4 37
4 38
4 40
4 41
4 47
4 52
4 53
4 55
4 59
4 63
4 66
4 70
4 72
4 81
4 85
4 101
4 102
4 105
4 109
4 111
4 114
4 115
4 119
4 121
4 122
4 123
4 127
4 135
4 141
4 155
4 159
4 160
4 165
4 167
4 177
4 179
4 181
4 183
4 188
4 191
5 1
5 5
5 10
5 14
5 17
5 20
5 28
5 29
5 38
5 41
5 42
5 45
5 46
5 47
5 48
5 49
5 50
5 53
5 57
5 60
5 63
5 68
5 73
5 76
5 79
5 80
5 82
5 83
5 93
5 95
5 96
5 98
5 108
5 111
5 112
5 114
5 116
5 123
5 126
5 127
5 128
5 129
5 130
5 133
5 134
5 143
5 146
5 147
5 148
5 150
5 152
5 156
5 159
5 162
5 167
5 174
5 175
5 180
5 183
6 6
6 9
6 13
6 14
6 15
6 17
6 18
6 22
6 25
6 28
6 30
6 34
6 35
6 36
6 40
6 42
6 44
6 45
6 48
6 49
6 50
6 51
6 54
6 59
6 61
6 63
6 67
6 71
6 72
6 85
6 92
6 94
6 96
6 99
6 100
6 101
6 107
6 109
6 111
6 113
6 117
6 119
6 122
6 126
6 129
6 130
6 131
6 133
6 137
6 141
6 153
6 154
6 156
6 158
6 160
6 168
6 169
6 171
6 175
6 184
6 191
6 192
7 9
7 13
7 16
7 17
7 21
7 25
7 26
7 29
7 35
7 40
7 45
7 47
7 48
7 57
7 60
7 61
7 66
7 69
7 73
7 74
7 75
7 81
7 84
7 88
7 91
7 93
7 97
7 101
7 103
7 105
7 111
7 121
7 126
7 137
7 143
7 146
7 151
7 154
7 155
7 157
7 159
7 163
7 165
7 170
7 176
7 177
7 179
8 11
8 18
8 23
8 28
8 32
8 33
8 34
8 35
8 41
8 44
8 45
8 46
8 54
8 56
8 57
8 59
8 61
8 62
8 66
8 67
8 79
8 80
8 85
8 89
8 98
8 100
8 101
8 103
8 113
8 118
8 120
8 124
8 125
8 135
8 137
8 140
8 142
8 147
8 149
8 154
8 155
8 156
8 160
8 169
8 173
8 175
8 181
8 183
8 184
8 186
9 5
9 7
9 10
9 11
9 12
9 13
9 14
9 15
9 22
9 23
9 26
9 30
9 32
9 43
9 46
9 47
9 51
9 54
9 60
9 61
9 64
9 70
9 72
9 80
9 85
9 86
9 87
9 91
9 94
9 96
9 99
9 100
9 103
9 110
9 114
9 117
9 118
9 119
9 124
9 129
9 130
9 134
9 138
9 139
9 145
9 153
9 154
9 159
9 161
9 164
9 169
9 171
9 172
9 174
9 175
9 177
9 182
9 183
9 187
9 189
9 190
9 191
10 2
10 3
10 6
10 8
10 9
10 10
10 14
10 15
10 16
10 17
10 25
10 27
10 31
10 32
10 35
10 36
10 37
10 44
10 47
10 48
10 51
10 55
10 61
10 62
10 67
10 68
10 70
10 71
10 73
10 75
10 76
10 84
10 85
10 91
10 94
10 106
10 109
10 118
10 119
10 124
10 125
10 126
10 129
10 133
10 134
10 135
10 136
10 140
10 141
10 143
10 149
10 154
10 156
10 159
10 160
10 161
10 165
10 166
10 171
10 176
10 180
10 184
10 188
10 189
11 7
11 10
11 14
11 16
11 17
11 18
11 25
11 30
11 31
11 32
11 33
11 41
11 42
11 44
11 49
11 59
11 63
11 64
11 72
11 74
11 75
11 76
11 79
11 83
11 85
11 86
11 89
11 91
11 94
11 95
11 96
11 97
11 102
11 110
11 112
11 113
11 114
11 115
11 118
11 120
11 122
11 126
11 127
11 128
11 131
11 132
11 135
11 138
11 140
11 141
11 143
11 146
11 147
11 148
11 159
11 162
11 163
11 167
11 172
11 174
11 175
11 178
11 180
11 182
11 186
11 189
12 7
12 8
12 17
12 18
12 20
12 24
12 30
12 31
12 38
12 39
12 47
12 50
12 55
12 59
12 62
12 64
12 65
12 67
12 78
12 81
12 86
12 92
12 93
12 95
12 96
12 100
12 102
12 103
12 104
12 106
12 108
12 109
12 113
12 114
12 115
12 117
12 121
12 126
12 128
12 132
12 138
12 139
12 140
12 142
12 147
12 148
12 149
12 150
12 154
12 168
12 170
12 171
12 172
12 173
12 177
12 178
12 181
12 184
12 192
13 3
13 7
13 10
13 16
13 19
13 21
13 24
13 27
13 28
13 30
13 35
13 53
13 61
13 65
13 71
13 78
13 85
13 89
13 90
13 92
13 93
13 96
13 98
13 106
13 110
13 115
13 117
13 118
13 120
13 122
13 125
13 126
13 127
13 128
13 132
13 135
13 140
13 141
13 146
13 147
13 148
13 156
13 158
13 162
13 164
13 165
13 167
13 175
13 181
13 182
13 186
14 4
14 5
14 6
14 7
14 11
14 13
14 18
14 19
14 23
14 26
14 27
14 32
14 36
14 39
14 40
14 42
14 45
14 49
14 50
14 52
14 58
14 64
14 66
14 67
14 73
14 74
14 80
14 82
14 90
14 91
14 94
14 103
14 105
14 110
14 112
14 115
14 120
14 124
14 129
14 131
14 134
14 135
14 136
14 139
14 140
14 147
14 148
14 149
14 151
14 152
14 153
14 158
14 160
14 168
14 170
14 171
14 174
14 177
14 179
14 181
14 189
14 191
15 14
15 16
15 22
15 23
15 24
15 25
15 28
15 29
15 33
15 35
15 38
15 39
15 40
15 43
15 45
15 46
15 48
15 51
15 58
15 61
15 66
15 71
15 74
15 76
15 77
15 78
15 79
15 82
15 87
15 88
15 93
15 94
15 99
15 106
15 108
15 112
15 118
15 119
15 120
15 122
15 123
15 128
15 129
15 135
15 138
15 140
15 142
15 143
15 156
15 158
15 161
15 163
15 166
15 168
15 170
15 172
15 175
15 187
16 4
16 7
16 10
16 12
16 14
16 15
16 22
16 24
16 27
16 28
16 30
16 34
16 37
16 38
16 40
16 43
16 46
16 48
16 49
16 55
16 56
16 58
16 59
16 60
16 62
16 63
16 64
16 65
16 66
16 67
16 69
16 70
16 73
16 77
16 79
16 80
16 82
16 88
16 89
16 97
16 107
16 110
16 111
16 112
16 116
16 120
16 121
16 127
16 131
16 132
16 134
16 138
16 142
16 155
16 157
16 158
16 161
16 162
16 164
16 167
16 168
16 171
16 173
16 174
16 178
16 182
16 185
17 1
17 19
17 21
17 23
17 25
17 27
17 30
17 33
17 34
17 36
17 37
17 38
17 39
17 41
17 49
17 50
17 54
17 55
17 57
17 59
17 62
17 67
17 68
17 70
17 71
17 73
17 75
17 83
17 85
17 90
17 92
17 97
17 103
17 104
17 105
17 106
17 108
17 110
17 112
17 113
17 119
17 121
17 123
17 125
17 126
17 127
17 128
17 130
17 137
17 138
17 140
17 144
17 145
17 146
17 151
17 157
17 158
17 160
17 165
17 169
17 174
17 176
17 181
17 183
17 184
17 185
17 186
17 191
18 2
18 6
18 8
18 11
18 19
18 22
18 23
18 24
18 28
18 33
18 38
18 40
18 41
18 43
18 50
18 55
18 58
18 60
18 62
18 71
18 76
18 77
18 78
18 79
18 80
18 81
18 82
18 83
18 86
18 91
18 98
18 100
18 101
18 110
18 111
18 114
18 123
18 128
18 141
18 142
18 145
18 150
18 153
18 155
18 156
18 158
18 160
18 165
18 166
18 171
18 179
18 180
18 184
18 186
18 187
19 5
19 8
19 9
19 14
19 16
19 17
19 19
19 21
19 22
19 23
19 30
19 34
19 35
19 37
19 39
19 40
19 42
19 45
19 50
19 52
19 55
19 58
19 61
19 66
19 69
19 75
19 77
19 82
19 88
19 91
19 95
19 96
19 98
19 105
19 107
19 109
19 112
19 113
19 115
19 124
19 127
19 128
19 130
19 137
19 139
19 149
19 156
19 158
19 160
19 165
19 167
19 170
19 176
19 180
19 181
19 187
19 192
20 9
20 11
20 12
20 14
20 20
20 23
20 25
20 30
20 31
20 35
20 36
20 37
20 38
20 40
20 42
20 43
20 46
20 48
20 50
20 56
20 61
20 65
20 72
20 73
20 77
20 81
20 84
20 86
20 88
20 89
20 91
20 92
20 96
20 97
20 98
20 99
20 101
20 105
20 106
20 110
20 111
20 114
20 117
20 121
20 122
20 123
20 124
20 126
20 132
20 133
20 139
20 144
20 145
20 154
20 155
20 157
20 161
20 163
20 164
20 170
20 174
20 180
20 186
20 188
20 189
21 8
21 14
21 22
21 23
21 24
21 26
21 27
21 29
21 33
21 35
21 46
21 48
21 51
21 58
21 60
21 61
21 63
21 64
21 68
21 69
21 73
21 79
21 80
21 81
21 90
21 93
21 95
21 96
21 97
21 98
21 100
21 101
21 102
21 107
21 108
21 114
21 116
21 126
21 128
21 133
21 134
21 142
21 144
21 145
21 147
21 155
21 156
21 157
21 160
21 161
21 165
21 166
21 167
21 169
21 180
21 183
21 186
21 188
22 2
22 4
22 7
22 8
22 11
22 13
22 15
22 16
22 18
22 20
22 21
22 23
22 26
22 31
22 32
22 37
22 41
22 46
22 47
22 51
22 56
22 57
22 59
22 62
22 65
22 68
22 72
22 73
22 76
22 79
22 81
22 82
22 84
22 86
22 94
22 95
22 96
22 97
22 98
22 100
22 105
22 106
22 108
22 111
22 117
22 119
22 120
22 130
22 134
22 139
22 140
22 144
22 151
22 152
22 154
22 155
22 156
22 158
22 159
22 161
22 162
22 166
22 168
22 170
22 172
22 180
22 184
22 186
22 189
22 191
23 2
23 7
23 8
23 13
23 14
23 19
23 20
23 23
23 26
23 27
23 28
23 42
23 46
23 50
23 57
23 58
23 64
23 66
23 67
23 69
23 71
23 73
23 74
23 77
23 81
23 82
23 85
23 86
23 89
23 92
23 104
23 107
23 109
23 132
23 138
23 142
23 143
23 146
23 150
23 154
23 156
23 158
23 171
23 179
23 180
23 181
23 186
23 187
23 189
23 191
24 2
24 5
24 7
24 8
24 16
24 18
24 23
24 28
24 30
24 38
24 42
24 47
24 48
24 49
24 52
24 53
24 55
24 59
24 66
24 70
24 71
24 74
24 77
24 78
24 79
24 80
24 82
24 93
24 98
24 100
24 105
24 108
24 111
24 112
24 113
24 116
24 119
24 124
24 127
24 128
24 130
24 134
24 135
24 138
24 142
24 143
24 144
24 147
24 151
24 158
24 163
24 171
24 172
24 175
24 176
24 178
24 181
24 186
24 187
24 188
25 1
25 2
25 5
25 13
25 14
25 17
25 20
25 23
25 27
25 28
25 29
25 30
25 32
25 36
25 37
25 40
25 44
25 56
25 63
25 67
25 71
25 74
25 79
25 85
25 86
25 95
25 96
25 98
25 99
25 100
25 102
25 105
25 112
25 116
25 120
25 123
25 127
25 129
25 132
25 133
25 139
25 140
25 141
25 142
25 144
25 148
25 152
25 159
25 163
25 164
25 169
25 175
25 176
25 179
25 180
25 185
25 186
26 2
26 8
26 10
26 11
26 13
26 16
26 18
26 24
26 31
26 37
26 38
26 47
26 50
26 51
26 53
26 57
26 64
26 75
26 77
26 79
26 83
26 87
26 88
26 91
26 93
26 99
26 103
26 123
26 124
26 125
26 131
26 140
26 142
26 147
26 151
26 155
26 157
26 160
26 161
26 164
26 170
26 176
26 177
26 178
26 180
26 182
26 184
26 191
27 2
27 5
27 6
27 9
27 10
27 11
27 12
27 21
27 29
27 32
27 40
27 44
27 46
27 47
27 52
27 54
27 58
27 65
27 68
27 70
27 74
27 75
27 80
27 84
27 87
27 97
27 100
27 103
27 109
27 111
27 112
27 119
27 120
27 122
27 126
27 128
27 131
27 140
27 151
27 155
27 158
27 159
27 163
27 172
27 177
27 178
27 180
27 181
27 183
28 4
28 7
28 9
28 12
28 13
28 22
28 25
28 33
28 34
28 35
28 36
28 40
28 42
28 51
28 52
28 59
28 62
28 65
28 66
28 68
28 69
28 71
28 72
28 76
28 87
28 93
28 94
28 97
28 102
28 104
28 106
28 109
28 114
28 121
28 123
28 124
28 125
28 130
28 131
28 132
28 135
28 136
28 141
28 145
28 146
28 147
28 156
28 159
28 163
28 165
28 170
28 172
28 174
28 182
28 183
28 184
28 187
28 190
29 4
29 5
29 17
29 19
29 25
29 27
29 35
29 37
29 38
29 49
29 51
29 52
29 53
29 54
29 56
29 58
29 67
29 68
29 76
29 80
29 82
29 88
29 95
29 96
29 97
29 101
29 109
29 111
29 115
29 116
29 118
29 121
29 124
29 128
29 130
29 133
29 135
29 140
29 141
29 143
29 144
29 147
29 148
29 150
29 151
29 152
29 154
29 157
29 159
29 161
29 164
29 165
29 167
29 168
29 170
29 171
29 178
29 183
29 187
29 189
29 191
30 4
30 9
30 14
30 16
30 19
30 21
30 22
30 25
30 28
30 44
30 51
30 55
30 56
30 57
30 60
30 63
30 64
30 68
30 70
30 73
30 75
30 78
30 79
30 80
30 81
30 92
30 95
30 104
30 110
30 111
30 113
30 120
30 123
30 125
30 126
30 128
30 131
30 133
30 135
30 139
30 141
30 144
30 152
30 158
30 161
30 165
30 166
30 170
30 171
30 177
30 179
30 182
30 188
30 190
30 191
31 2
31 6
31 7
31 10
31 14
31 20
31 21
31 23
31 26
31 28
31 41
31 42
31 46
31 47
31 50
31 61
31 66
31 67
31 75
31 78
31 90
31 93
31 96
31 102
31 105
31 112
31 116
31 119
31 122
31 127
31 128
31 130
31 131
31 143
31 147
31 154
31 155
31 156
31 159
31 162
31 164
31 165
31 167
31 169
31 179
31 185
31 188
31 189
31 192
32 4
32 7
32 10
32 13
32 14
32 16
32 17
32 21
32 22
32 23
32 24
32 25
32 26
32 27
32 28
32 29
32 30
32 33
32 34
32 35
32 37
32 41
32 42
32 43
32 51
32 54
32 56
32 59
32 60
32 61
32 63
32 66
32 73
32 79
32 84
32 86
32 88
32 89
32 95
32 102
32 104
32 107
32 108
32 109
32 121
32 123
32 124
32 129
32 130
32 134
32 139
32 144
32 147
32 155
32 156
32 157
32 159
32 161
32 164
32 175
32 176
32 177
32 183
32 185
32 187
32 188
32 189
32 192
33 2
33 4
33 5
33 6
33 8
33 9
33 14
33 18
33 19
33 21
33 25
33 26
33 29
33 40
33 41
33 44
33 45
33 46
33 49
33 53
33 58
33 60
33 70
33 75
33 89
33 105
33 119
33 122
33 123
33 128
33 137
33 139
33 140
33 145
33 146
33 149
33 153
33 154
33 155
33 156
33 159
33 160
33 162
33 166
33 167
33 175
33 176
33 179
33 183
33 184
33 185
33 186
33 187
33 188
33 191
34 5
34 9
34 19
34 21
34 25
34 29
34 30
34 32
34 35
34 36
34 38
34 39
34 41
34 42
34 50
34 53
34 55
34 56
34 58
34 62
34 63
34 69
34 73
34 79
34 80
34 88
34 91
34 92
34 100
34 101
34 104
34 105
34 110
34 115
34 118
34 121
34 126
34 129
34 130
34 132
34 133
34 141
34 142
34 154
34 155
34 157
34 169
34 173
34 174
34 175
34 177
34 178
34 179
34 183
34 187
35 1
35 2
35 5
35 10
35 14
35 15
35 16
35 22
35 24
35 26
35 29
35 30
35 32
35 34
35 43
35 44
35 45
35 47
35 48
35 51
35 54
35 56
35 65
35 68
35 72
35 73
35 74
35 87
35 90
35 91
35 92
35 95
35 96
35 99
35 101
35 102
35 107
35 109
35 111
35 113
35 116
35 117
35 118
35 127
35 132
35 140
35 142
35 144
35 156
35 157
35 158
35 163
35 170
35 173
35 178
35 179
35 180
35 188
36 5
36 6
36 11
36 21
36 24
36 27
36 33
36 39
36 41
36 44
36 48
36 49
36 50
36 51
36 52
36 53
36 56
36 57
36 58
36 59
36 62
36 63
36 64
36 65
36 71
36 72
36 73
36 78
36 86
36 88
36 90
36 92
36 93
36 96
36 100
36 102
36 107
36 114
36 116
36 117
36 119
36 121
36 122
36 123
36 124
36 132
36 137
36 147
36 152
36 153
36 154
36 155
36 160
36 162
36 163
36 164
36 167
36 169
36 170
36 171
36 172
36 174
36 178
36 180
36 183
36 185
36 190
37 4
37 6
37 12
37 14
37 16
37 18
37 20
37 29
37 31
37 32
37 36
37 38
37 40
37 42
37 43
37 46
37 51
37 53
37 58
37 60
37 69
37 70
37 80
37 81
37 82
37 92
37 93
37 99
37 100
37 102
37 104
37 107
37 109
37 110
37 115
37 116
37 118
37 121
37 122
37 124
37 125
37 130
37 135
37 141
37 142
37 143
37 145
37 152
37 154
37 163
37 164
37 169
37 174
37 175
37 176
37 177
37 179
37 180
37 183
37 185
37 187
37 188
37 189
37 190
37 191
37 192
38 7
38 8
38 12
38 15
38 23
38 24
38 27
38 28
38 29
38 30
38 33
38 35
38 36
38 41
38 46
38 49
38 52
38 62
38 64
38 67
38 69
38 81
38 83
38 90
38 91
38 92
38 99
38 101
38 102
38 110
38 111
38 122
38 124
38 127
38 128
38 132
38 133
38 135
38 136
38 138
38 142
38 143
38 147
38 148
38 152
38 154
38 155
38 156
38 165
38 168
38 169
38 170
38 174
38 175
38 176
38 178
38 180
38 181
38 182
38 183
38 186
38 190
39 9
39 12
39 24
39 26
39 29
39 36
39 39
39 43
39 45
39 46
39 47
39 55
39 71
39 73
39 78
39 80
39 84
39 86
39 87
39 89
39 96
39 97
39 98
39 101
39 102
39 107
39 111
39 112
39 113
39 117
39 122
39 123
39 124
39 125
39 126
39 142
39 148
39 158
39 159
39 161
39 164
39 167
39 169
39 171
39 175
39 176
39 179
39 184
39 185
39 191
39 192
40 1
40 2
40 9
40 11
40 16
40 17
40 19
40 20
40 21
40 25
40 28
40 29
40 31
40 36
40 37
40 38
40 39
40 56
40 60
40 61
40 66
40 71
40 87
40 88
40 89
40 93
40 96
40 97
40 99
40 102
40 104
40 105
40 106
40 109
40 118
40 120
40 126
40 130
40 133
40 142
40 143
40 144
40 146
40 151
40 158
40 159
40 163
40 166
40 167
40 171
40 178
40 185
40 188
40 191
41 10
41 14
41 15
41 18
41 20
41 21
41 23
41 26
41 31
41 32
41 33
41 39
41 40
41 41
41 43
41 47
41 51
41 58
41 60
41 66
41 67
41 70
41 77
41 78
41 81
41 83
41 94
41 95
41 102
41 108
41 112
41 113
41 116
41 120
41 121
41 122
41 132
41 134
41 139
41 142
41 144
41 145
41 146
41 148
41 152
41 161
41 162
41 163
41 164
41 166
41 167
41 168
41 172
41 174
41 175
41 176
41 182
41 184
41 189
42 1
42 2
42 6
42 7
42 9
42 19
42 20
42 21
42 24
42 27
42 32
42 33
42 46
42 48
42 49
42 53
42 54
42 59
42 61
42 69
42 76
42 81
42 84
42 88
42 89
42 90
42 95
42 96
42 100
42 101
42 105
42 110
42 112
42 119
42 120
42 122
42 133
42 136
42 149
42 151
42 152
42 153
42 154
42 157
42 166
42 167
42 171
42 173
42 176
42 184
42 189
42 190
42 192
43 3
43 5
43 10
43 13
43 22
43 23
43 25
43 28
43 30
43 35
43 36
43 38
43 39
43 40
43 42
43 45
43 47
43 48
43 54
43 56
43 58
43 59
43 67
43 70
43 74
43 75
43 76
43 78
43 79
43 80
43 84
43 85
43 86
43 87
43 88
43 92
43 98
43 100
43 101
43 105
43 106
43 111
43 114
43 119
43 122
43 123
43 124
43 131
43 135
43 136
43 139
43 140
43 144
43 146
43 150
43 151
43 154
43 156
43 157
43 162
43 165
43 170
43 173
43 176
43 179
43 182
43 185
43 187
44 1
44 3
44 6
44 7
44 12
44 14
44 19
44 20
44 22
44 24
44 25
44 26
44 31
44 35
44 39
44 42
44 48
44 55
44 60
44 61
44 64
44 65
44 68
44 69
44 71
44 73
44 79
44 83
44 84
44 87
44 93
44 95
44 96
44 99
44 100
44 106
44 108
44 109
44 112
44 121
44 125
44 128
44 131
44 133
44 136
44 137
44 143
44 146
44 150
44 153
44 154
44 155
44 156
44 165
44 169
44 172
44 174
44 178
44 182
44 183
44 188
44 190
44 191
45 5
45 6
45 8
45 15
45 21
45 30
45 38
45 40
45 41
45 45
45 55
45 61
45 62
45 64
45 66
45 67
45 72
45 75
45 83
45 84
45 86
45 91
45 93
45 94
45 100
45 103
45 107
45 111
45 125
45 126
45 128
45 131
45 132
45 133
45 137
45 140
45 143
45 145
45 149
45 157
45 160
45 164
45 167
45 168
45 171
45 174
45 175
45 179
45 181
45 182
45 183
45 186
45 189
45 191
46 11
46 14
46 15
46 21
46 27
46 28
46 30
46 38
46 42
46 43
46 52
46 53
46 54
46 59
46 63
46 64
46 69
46 70
46 72
46 81
46 83
46 84
46 89
46 92
46 93
46 95
46 99
46 100
46 109
46 112
46 117
46 124
46 128
46 131
46 135
46 138
46 139
46 142
46 144
46 146
46 149
46 150
46 153
46 158
46 163
46 168
46 172
46 188
46 191
46 192
47 4
47 6
47 8
47 11
47 13
47 14
47 19
47 25
47 28
47 31
47 35
47 36
47 40
47 48
47 52
47 53
47 56
47 57
47 58
47 60
47 61
47 66
47 71
47 77
47 78
47 89
47 91
47 96
47 98
47 105
47 112
47 113
47 116
47 117
47 121
47 122
47 125
47 129
47 135
47 137
47 139
47 142
47 147
47 152
47 159
47 161
47 163
47 164
47 167
47 169
47 173
47 176
47 178
47 179
47 181
47 184
47 185
47 187
47 188
47 191
48 6
48 8
48 12
48 13
48 21
48 23
48 24
48 26
48 27
48 28
48 31
48 32
48 34
48 37
48 43
48 53
48 54
48 55
48 57
48 61
48 64
48 66
48 67
48 68
48 72
48 83
48 88
48 89
48 92
48 100
48 103
48 109
48 111
48 112
48 114
48 117
48 119
48 125
48 127
48 131
48 135
48 137
48 138
48 139
48 140
48 142
48 153
48 159
48 163
48 167
48 170
48 172
48 173
48 177
48 179
48 181
49 1
49 4
49 6
49 7
49 10
49 14
49 15
49 18
49 19
49 27
49 29
49 31
49 33
49 39
49 40
49 41
49 49
49 55
49 56
49 59
49 60
49 65
49 74
49 75
49 79
49 83
49 87
49 92
49 93
49 95
49 96
49 97
49 107
49 109
49 111
49 115
49 116
49 117
49 120
49 124
49 127
49 129
49 135
49 137
49 138
49 141
49 143
49 145
49 146
49 152
49 153
49 156
49 157
49 160
49 163
49 164
49 166
49 168
49 171
49 178
49 186
50 3
50 7
50 11
50 16
50 18
50 24
50 25
50 26
50 29
50 31
50 41
50 44
50 46
50 53
50 57
50 62
50 70
50 73
50 75
50 76
50 79
50 84
50 86
50 87
50 90
50 91
50 93
50 94
50 96
50 97
50 98
50 101
50 103
50 108
50 115
50 118
50 120
50 127
50 128
50 129
50 133
50 134
50 137
50 138
50 140
50 142
50 144
50 150
50 152
50 153
50 156
50 157
50 164
50 167
50 168
50 177
50 182
50 184
50 186
50 188
51 1
51 3
51 9
51 11
51 17
51 20
51 22
51 23
51 26
51 27
51 34
51 36
51 38
51 40
51 42
51 44
51 48
51 51
51 57
51 64
51 66
51 67
51 69
51 75
51 77
51 85
51 94
51 95
51 98
51 102
51 107
51 110
51 112
51 113
51 116
51 123
51 126
51 130
51 131
51 134
51 138
51 146
51 147
51 151
51 152
51 156
51 161
51 164
51 166
51 169
51 170
51 177
51 180
51 181
51 186
51 192
52 3
52 4
52 7
52 14
52 20
52 24
52 25
52 27
52 28
52 29
52 33
52 42
52 47
52 48
52 57
52 67
52 68
52 69
52 70
52 71
52 74
52 76
52 80
52 83
52 88
52 95
52 96
52 98
52 102
52 104
52 106
52 109
52 112
52 116
52 118
52 122
52 128
52 131
52 134
52 136
52 139
52 140
52 141
52 142
52 143
52 148
52 150
52 153
52 154
52 155
52 161
52 171
52 177
52 179
52 180
52 185
52 189
53 1
53 5
53 14
53 16
53 17
53 20
53 23
53 25
53 28
53 33
53 38
53 39
53 43
53 44
53 45
53 46
53 47
53 49
53 53
53 56
53 66
53 69
53 70
53 74
53 75
53 84
53 87
53 88
53 93
53 97
53 98
53 101
53 102
53 104
53 107
53 110
53 115
53 119
53 120
53 123
53 126
53 129
53 138
53 139
53 140
53 141
53 145
53 147
53 148
53 152
53 155
53 162
53 163
53 165
53 168
53 170
53 171
53 173
53 177
53 180
53 184
53 185
53 187
53 191
53 192
54 1
54 2
54 4
54 5
54 10
54 15
54 17
54 19
54 20
54 22
54 24
54 26
54 38
54 42
54 45
54 49
54 50
54 52
54 53
54 57
54 58
54 62
54 64
54 72
54 73
54 74
54 78
54 82
54 83
54 84
54 85
54 87
54 89
54 94
54 95
54 97
54 98
54 102
54 105
54 109
54 110
54 112
54 116
54 119
54 120
54 121
54 122
54 123
54 128
54 136
54 137
54 138
54 139
54 144
54 145
54 146
54 149
54 152
54 155
54 158
54 161
54 165
54 176
54 180
54 183
54 184
54 187
54 190
55 4
55 5
55 9
55 11
55 12
55 14
55 22
55 27
55 30
55 33
55 35
55 36
55 40
55 44
55 46
55 49
55 55
55 58
55 62
55 81
55 94
55 102
55 105
55 106
55 113
55 115
55 117
55 120
55 122
55 125
55 127
55 136
55 138
55 143
55 145
55 150
55 152
55 155
55 156
55 157
55 158
55 163
55 165
55 167
55 173
55 175
55 179
55 183
55 186
55 187
55 188
55 191
56 8
56 10
56 12
56 15
56 18
56 19
56 23
56 27
56 29
56 32
56 34
56 38
56 40
56 41
56 42
56 43
56 52
56 53
56 55
56 58
56 59
56 60
56 62
56 67
56 69
56 72
56 76
56 79
56 83
56 84
56 86
56 87
56 93
56 99
56 101
56 103
56 107
56 108
56 115
56 119
56 122
56 124
56 127
56 128
56 131
56 133
56 141
56 144
56 146
56 152
56 156
56 159
56 162
56 164
56 167
56 169
56 170
56 172
56 173
56 174
56 178
56 187
56 190
57 1
57 3
57 4
57 5
57 10
57 11
57 12
57 14
57 16
57 18
57 22
57 27
57 28
57 29
57 31
57 33
57 35
57 37
57 38
57 41
57 45
57 49
57 50
57 52
57 54
57 58
57 65
57 66
57 70
57 72
57 74
57 76
57 77
57 79
57 81
57 83
57 87
57 89
57 91
57 92
57 93
57 95
57 103
57 106
57 109
57 112
57 114
57 119
57 122
57 128
57 129
57 133
57 135
57 140
57 146
57 151
57 152
57 153
57 154
57 162
57 172
57 176
57 180
57 181
57 183
57 184
57 185
57 186
57 189
58 3
58 7
58 10
58 16
58 17
58 23
58 25
58 29
58 31
58 43
58 45
58 53
58 57
58 64
58 65
58 67
58 73
58 75
58 83
58 86
58 92
58 96
58 97
58 104
58 105
58 106
58 107
58 111
58 112
58 115
58 117
58 122
58 126
58 134
58 142
58 143
58 144
58 147
58 148
58 152
58 156
58 162
58 163
58 167
58 174
58 179
58 180
58 181
58 183
58 187
58 190
58 191
59 1
59 2
59 5
59 6
59 7
59 8
59 9
59 10
59 12
59 14
59 16
59 21
59 22
59 25
59 28
59 32
59 38
59 41
59 46
59 47
59 48
59 52
59 60
59 62
59 65
59 66
59 67
59 73
59 76
59 78
59 83
59 85
59 87
59 88
59 90
59 95
59 97
59 102
59 103
59 105
59 108
59 109
59 111
59 114
59 119
59 126
59 141
59 143
59 147
59 150
59 152
59 163
59 164
59 165
59 167
59 168
59 169
59 171
59 173
59 179
59 181
59 184
59 188
60 4
60 7
60 8
60 9
60 13
60 14
60 18
60 21
60 27
60 30
60 31
60 45
60 46
60 51
60 53
60 56
60 57
60 61
60 65
60 66
60 69
60 71
60 74
60 75
60 78
60 84
60 86
60 90
60 94
60 99
60 101
60 103
60 111
60 112
60 119
60 122
60 125
60 126
60 127
60 131
60 133
60 137
60 141
60 142
60 143
60 145
60 146
60 151
60 154
60 159
60 162
60 165
60 170
60 172
60 177
60 178
60 181
60 182
60 188
60 191
60 192
61 1
61 2
61 3
61 4
61 5
61 6
61 8
61 9
61 11
61 14
61 18
61 23
61 25
61 32
61 38
61 41
61 43
61 45
61 51
61 54
61 56
61 57
61 62
61 64
61 66
61 78
61 81
61 88
61 89
61 93
61 97
61 99
61 100
61 106
61 113
61 114
61 115
61 116
61 118
61 119
61 120
61 128
61 130
61 133
61 135
61 139
61 141
61 144
61 145
61 146
61 147
61 149
61 150
61 151
61 153
61 155
61 156
61 158
61 160
61 163
61 165
61 172
61 173
61 178
61 179
61 188
61 192
62 1
62 4
62 8
62 14
62 15
62 18
62 21
62 23
62 33
62 34
62 35
62 36
62 37
62 39
62 40
62 45
62 47
62 48
62 56
62 60
62 62
62 64
62 69
62 78
62 81
62 83
62 89
62 90
62 91
62 95
62 98
62 101
62 102
62 104
62 105
62 109
62 110
62 111
62 113
62 118
62 119
62 123
62 125
62 126
62 129
62 130
62 133
62 138
62 139
62 142
62 143
62 146
62 154
62 158
62 159
62 160
62 166
62 167
62 169
62 172
62 173
62 174
62 176
62 179
62 184
62 187
62 188
63 9
63 10
63 11
63 12
63 20
63 22
63 25
63 27
63 31
63 32
63 33
63 38
63 41
63 42
63 43
63 53
63 54
63 60
63 61
63 64
63 67
63 68
63 69
63 71
63 72
63 83
63 86
63 89
63 92
63 93
63 97
63 100
63 106
63 108
63 115
63 117
63 121
63 126
63 129
63 130
63 135
63 137
63 138
63 140
63 142
63 144
63 147
63 149
63 153
63 161
63 162
63 163
63 169
63 172
63 174
63 175
63 177
63 178
63 181
63 186
63 187
63 189
63 190
64 1
64 2
64 10
64 11
64 14
64 20
64 21
64 22
64 26
64 30
64 32
64 36
64 37
64 41
64 45
64 46
64 50
64 54
64 56
64 58
64 61
64 63
64 64
64 68
64 69
64 77
64 79
64 80
64 81
64 85
64 89
64 90
64 95
64 96
64 101
64 104
64 106
64 108
64 110
64 111
64 112
64 123
64 124
64 126
64 128
64 129
64 130
64 136
64 137
64 139
64 140
64 145
64 147
64 149
64 156
64 159
64 162
64 164
64 176
64 191
65 19
65 21
65 26
65 30
65 34
65 35
65 37
65 38
65 42
65 45
65 52
65 55
65 58
65 59
65 61
65 63
65 65
65 67
65 69
65 70
65 72
65 73
65 78
65 79
65 82
65 87
65 90
65 91
65 93
65 94
65 99
65 106
65 107
65 108
65 110
65 112
65 117
65 119
65 121
65 122
65 129
65 132
65 133
65 140
65 141
65 145
65 154
65 157
65 158
65 172
65 173
65 178
65 179
65 181
65 188
66 1
66 9
66 11
66 16
66 21
66 23
66 25
66 26
66 33
66 34
66 39
66 43
66 46
66 47
66 50
66 53
66 55
66 56
66 58
66 61
66 62
66 63
66 64
66 65
66 67
66 69
66 73
66 77
66 81
66 82
66 83
66 86
66 87
66 88
66 90
66 91
66 94
66 102
66 108
66 116
66 118
66 123
66 124
66 126
66 131
66 132
66 133
66 139
66 140
66 141
66 143
66 144
66 145
66 147
66 151
66 154
66 158
66 160
66 161
66 163
66 164
66 165
66 166
66 170
66 171
66 173
66 184
66 185
66 191
67 8
67 9
67 15
67 16
67 17
67 20
67 21
67 22
67 24
67 26
67 29
67 30
67 42
67 45
67 47
67 48
67 53
67 55
67 57
67 63
67 66
67 73
67 78
67 79
67 81
67 84
67 85
67 95
67 97
67 101
67 113
67 115
67 129
67 135
67 137
67 141
67 142
67 146
67 149
67 152
67 154
67 155
67 156
67 163
67 168
67 170
67 175
67 181
67 186
67 187
67 188
67 189
67 192
68 1
68 4
68 5
68 7
68 26
68 27
68 30
68 32
68 40
68 41
68 45
68 48
68 54
68 55
68 62
68 68
68 74
68 84
68 85
68 86
68 90
68 91
68 95
68 103
68 108
68 109
68 111
68 112
68 122
68 125
68 131
68 135
68 137
68 140
68 141
68 145
68 148
68 156
68 159
68 161
68 163
68 166
68 168
68 177
68 183
68 184
68 189
68 192
69 5
69 6
69 10
69 11
69 12
69 15
69 25
69 30
69 31
69 34
69 35
69 36
69 38
69 45
69 48
69 51
69 54
69 56
69 57
69 60
69 65
69 66
69 67
69 69
69 73
69 76
69 80
69 83
69 86
69 87
69 88
69 90
69 91
69 97
69 100
69 101
69 105
69 116
69 117
69 119
69 122
69 123
69 126
69 129
69 131
69 132
69 133
69 138
69 139
69 140
69 141
69 143
69 150
69 154
69 157
69 159
69 160
69 170
69 175
69 183
69 185
69 187
69 188
70 6
70 9
70 10
70 11
70 12
70 19
70 23
70 24
70 25
70 30
70 31
70 43
70 46
70 49
70 54
70 61
70 63
70 66
70 70
70 82
70 85
70 88
70 91
70 93
70 98
70 99
70 101
70 106
70 109
70 111
70 119
70 120
70 130
70 131
70 132
70 141
70 143
70 144
70 145
70 148
70 165
70 171
70 172
70 173
70 174
70 177
70 187
70 189
71 7
71 11
71 14
71 15
71 21
71 23
71 32
71 34
71 38
71 39
71 40
71 43
71 46
71 55
71 58
71 60
71 70
71 73
71 75
71 81
71 82
71 91
71 93
71 97
71 101
71 102
71 105
71 106
71 107
71 108
71 111
71 112
71 114
71 119
71 126
71 127
71 130
71 132
71 134
71 135
71 136
71 151
71 161
71 167
71 168
71 171
71 172
71 174
71 175
71 177
71 178
71 184
71 185
71 189
72 2
72 9
72 11
72 13
72 15
72 18
72 22
72 24
72 27
72 31
72 35
72 39
72 42
72 47
72 50
72 54
72 64
72 69
72 71
72 81
72 86
72 89
72 90
72 93
72 95
72 97
72 98
72 99
72 105
72 107
72 113
72 115
72 119
72 125
72 126
72 127
72 133
72 137
72 138
72 139
72 140
72 143
72 146
72 160
72 165
72 167
72 170
72 171
72 180
72 181
72 189
73 4
73 8
73 9
73 10
73 12
73 15
73 16
73 18
73 19
73 20
73 25
73 26
73 28
73 33
73 37
73 38
73 40
73 42
73 44
73 45
73 47
73 48
73 50
73 53
73 56
73 58
73 62
73 64
73 65
73 71
73 73
73 78
73 86
73 88
73 89
73 92
73 100
73 101
73 104
73 105
73 108
73 113
73 117
73 118
73 127
73 130
73 135
73 137
73 143
73 149
73 152
73 153
73 159
73 160
73 165
73 171
73 177
73 178
73 187
73 191
74 1
74 3
74 5
74 8
74 9
74 10
74 12
74 16
74 18
74 21
74 24
74 25
74 28
74 29
74 31
74 32
74 37
74 39
74 43
74 46
74 60
74 64
74 71
74 72
74 74
74 76
74 78
74 79
74 80
74 82
74 84
74 87
74 90
74 93
74 99
74 103
74 104
74 115
74 116
74 124
74 130
74 131
74 134
74 137
74 140
74 146
74 152
74 156
74 157
74 163
74 164
74 168
74 172
74 176
74 181
74 182
74 192
75 5
75 6
75 12
75 13
75 16
75 18
75 20
75 31
75 32
75 36
75 39
75 42
75 45
75 48
75 52
75 65
75 70
75 73
75 74
75 76
75 78
75 94
75 97
75 100
75 110
75 111
75 124
75 136
75 142
75 143
75 146
75 147
75 148
75 150
75 152
75 161
75 164
75 166
75 173
75 175
75 180
75 183
75 186
75 187
75 190
76 5
76 7
76 9
76 14
76 19
76 20
76 21
76 26
76 29
76 31
76 33
76 38
76 44
76 45
76 49
76 53
76 54
76 57
76 58
76 66
76 68
76 69
76 75
76 83
76 84
76 87
76 90
76 92
76 95
76 98
76 106
76 107
76 112
76 117
76 124
76 126
76 132
76 134
76 136
76 141
76 142
76 143
76 145
76 149
76 150
76 152
76 154
76 158
76 162
76 163
76 165
76 166
76 167
76 168
76 171
76 172
76 176
76 178
76 180
76 188
76 191
77 2
77 5
77 10
77 11
77 16
77 17
77 26
77 29
77 31
77 35
77 37
77 41
77 49
77 55
77 56
77 57
77 63
77 64
77 66
77 68
77 69
77 71
77 75
77 78
77 80
77 86
77 87
77 88
77 94
77 98
77 103
77 104
77 105
77 111
77 114
77 116
77 121
77 123
77 125
77 127
77 134
77 135
77 138
77 139
77 141
77 147
77 148
77 150
77 151
77 152
77 159
77 161
77 166
77 167
77 169
77 172
77 174
77 179
77 188
78 3
78 4
78 6
78 10
78 11
78 15
78 19
78 23
78 26
78 30
78 33
78 37
78 39
78 41
78 43
78 44
78 45
78 51
78 52
78 55
78 57
78 60
78 63
78 66
78 71
78 75
78 79
78 88
78 90
78 91
78 92
78 97
78 101
78 102
78 106
78 109
78 110
78 116
78 118
78 120
78 122
78 124
78 126
78 128
78 131
78 135
78 136
78 137
78 139
78 140
78 141
78 145
78 146
78 147
78 148
78 150
78 161
78 162
78 164
78 169
78 171
78 174
78 175
78 182
78 184
78 187
78 192
79 1
79 2
79 8
79 19
79 20
79 21
79 22
79 34
79 45
79 50
79 53
79 54
79 55
79 57
79 58
79 59
79 60
79 61
79 63
79 65
79 66
79 68
79 69
79 71
79 73
79 76
79 77
79 78
79 82
79 83
79 84
79 85
79 86
79 89
79 90
79 94
79 97
79 98
79 100
79 103
79 107
79 108
79 109
79 111
79 114
79 116
79 121
79 122
79 124
79 125
79 128
79 133
79 134
79 139
79 141
79 143
79 144
79 146
79 147
79 148
79 150
79 151
79 154
79 164
79 168
79 175
79 176
79 178
79 180
79 182
79 184
79 191
80 3
80 5
80 10
80 12
80 13
80 16
80 17
80 23
80 24
80 31
80 32
80 36
80 38
80 41
80 45
80 49
80 50
80 54
80 58
80 61
80 62
80 69
80 71
80 73
80 74
80 80
80 83
80 88
80 89
80 92
80 99
80 101
80 115
80 120
80 128
80 129
80 135
80 140
80 141
80 143
80 144
80 146
80 148
80 150
80 151
80 154
80 155
80 158
80 159
80 160
80 161
80 166
80 167
80 174
80 175
80 179
80 180
80 182
80 184
80 188
80 190
81 4
81 8
81 9
81 10
81 12
81 13
81 16
81 23
81 25
81 38
81 40
81 42
81 44
81 49
81 50
81 53
81 59
81 63
81 64
81 67
81 69
81 71
81 72
81 78
81 79
81 88
81 89
81 96
81 99
81 104
81 105
81 106
81 107
81 108
81 112
81 113
81 114
81 117
81 121
81 124
81 127
81 128
81 131
81 133
81 142
81 143
81 146
81 147
81 148
81 150
81 156
81 158
81 159
81 160
81 162
81 165
81 168
81 172
81 173
81 177
81 180
81 183
81 184
81 187
81 188
81 191
81 192
82 2
82 7
82 8
82 12
82 13
82 15
82 17
82 23
82 24
82 30
82 31
82 42
82 44
82 48
82 51
82 65
82 66
82 70
82 77
82 86
82 89
82 91
82 92
82 93
82 97
82 99
82 105
82 121
82 127
82 130
82 131
82 143
82 144
82 149
82 152
82 163
82 164
82 165
82 167
82 171
82 172
82 174
82 176
82 177
82 178
82 180
82 181
82 183
82 185
82 188
82 191
83 4
83 14
83 16
83 17
83 19
83 22
83 23
83 25
83 28
83 29
83 34
83 39
83 44
83 46
83 48
83 54
83 57
83 62
83 64
83 67
83 71
83 72
83 74
83 77
83 78
83 79
83 80
83 81
83 82
83 86
83 92
83 93
83 96
83 101
83 104
83 107
83 108
83 110
83 111
83 116
83 120
83 121
83 124
83 127
83 128
83 130
83 132
83 136
83 138
83 140
83 142
83 148
83 150
83 155
83 156
83 160
83 163
83 165
83 167
83 168
83 169
83 175
83 179
83 183
83 184
83 186
84 3
84 4
84 7
84 14
84 15
84 22
84 23
84 30
84 40
84 42
84 46
84 48
84 53
84 58
84 60
84 64
84 67
84 70
84 72
84 73
84 77
84 78
84 79
84 81
84 84
84 87
84 91
84 94
84 97
84 99
84 103
84 105
84 106
84 108
84 110
84 112
84 114
84 115
84 121
84 126
84 129
84 131
84 132
84 137
84 144
84 146
84 147
84 150
84 153
84 159
84 165
84 167
84 172
84 177
84 185
84 186
84 187
84 188
85 6
85 9
85 10
85 12
85 17
85 22
85 26
85 28
85 29
85 31
85 35
85 36
85 40
85 43
85 48
85 49
85 52
85 55
85 56
85 59
85 60
85 61
85 67
85 68
85 69
85 72
85 73
85 75
85 76
85 77
85 78
85 79
85 82
85 85
85 88
85 93
85 96
85 105
85 107
85 108
85 114
85 115
85 116
85 117
85 125
85 127
85 128
85 129
85 131
85 132
85 134
85 136
85 137
85 142
85 149
85 152
85 153
85 155
85 160
85 165
85 166
85 174
85 175
85 178
85 186
85 190
86 1
86 3
86 7
86 12
86 15
86 17
86 18
86 20
86 22
86 23
86 26
86 27
86 28
86 32
86 33
86 36
86 40
86 42
86 45
86 48
86 71
86 78
86 83
86 89
86 90
86 91
86 94
86 95
86 96
86 99
86 106
86 108
86 112
86 114
86 116
86 123
86 130
86 133
86 135
86 137
86 138
86 145
86 147
86 151
86 157
86 161
86 166
86 176
86 177
86 182
86 184
86 185
86 186
86 188
86 189
87 1
87 7
87 8
87 17
87 19
87 20
87 26
87 27
87 29
87 30
87 34
87 36
87 37
87 38
87 39
87 44
87 45
87 56
87 57
87 58
87 59
87 61
87 64
87 67
87 72
87 75
87 76
87 77
87 80
87 81
87 84
87 87
87 88
87 89
87 90
87 91
87 97
87 104
87 105
87 106
87 108
87 112
87 114
87 115
87 120
87 122
87 123
87 128
87 129
87 133
87 138
87 140
87 143
87 148
87 149
87 158
87 161
87 162
87 165
87 169
87 172
87 177
87 181
87 184
87 187
88 1
88 5
88 7
88 15
88 16
88 18
88 26
88 27
88 28
88 34
88 37
88 38
88 43
88 45
88 50
88 51
88 52
88 54
88 57
88 62
88 70
88 72
88 73
88 76
88 77
88 80
88 85
88 91
88 93
88 96
88 97
88 99
88 102
88 108
88 109
88 115
88 117
88 118
88 119
88 120
88 123
88 128
88 140
88 143
88 147
88 148
88 149
88 150
88 155
88 160
88 161
88 164
88 169
88 172
88 176
88 177
88 178
88 183
88 187
89 2
89 16
89 27
89 28
89 31
89 34
89 40
89 47
89 48
89 51
89 52
89 53
89 56
89 59
89 60
89 63
89 64
89 66
89 70
89 73
89 74
89 87
89 88
89 89
89 97
89 98
89 99
89 105
89 106
89 110
89 112
89 116
89 119
89 126
89 132
89 133
89 137
89 139
89 142
89 143
89 148
89 150
89 153
89 154
89 156
89 160
89 161
89 164
89 168
89 174
89 175
89 177
89 178
89 180
89 181
89 183
89 186
89 188
90 1
90 3
90 4
90 8
90 9
90 10
90 13
90 14
90 15
90 21
90 22
90 23
90 25
90 32
90 33
90 36
90 39
90 41
90 42
90 46
90 47
90 48
90 57
90 71
90 77
90 82
90 86
90 88
90 90
90 92
90 93
90 94
90 108
90 112
90 113
90 116
90 122
90 123
90 124
90 136
90 143
90 151
90 157
90 158
90 160
90 161
90 167
90 169
90 175
90 176
90 177
90 180
90 181
90 182
90 183
90 184
90 187
90 188
91 1
91 4
91 7
91 8
91 16
91 27
91 28
91 36
91 37
91 38
91 44
91 47
91 50
91 57
91 58
91 62
91 73
91 76
91 81
91 93
91 95
91 97
91 101
91 103
91 104
91 118
91 120
91 121
91 122
91 123
91 129
91 130
91 133
91 138
91 140
91 141
91 142
91 143
91 147
91 148
91 149
91 153
91 154
91 159
91 162
91 165
91 166
91 167
91 169
91 173
91 177
91 178
91 179
91 190
91 191
91 192
92 4
92 6
92 8
92 11
92 13
92 15
92 21
92 22
92 25
92 27
92 38
92 41
92 45
92 47
92 49
92 54
92 56
92 58
92 74
92 75
92 80
92 82
92 87
92 90
92 97
92 98
92 110
92 114
92 115
92 118
92 120
92 122
92 130
92 131
92 138
92 140
92 141
92 146
92 148
92 150
92 155
92 156
92 157
92 161
92 171
92 176
92 179
92 180
92 181
92 184
92 187
92 189
92 190
92 191
93 1
93 3
93 7
93 9
93 12
93 16
93 22
93 28
93 34
93 36
93 38
93 39
93 44
93 45
93 47
93 48
93 51
93 53
93 55
93 57
93 65
93 75
93 77
93 79
93 82
93 83
93 85
93 86
93 89
93 90
93 91
93 92
93 100
93 110
93 112
93 113
93 114
93 125
93 126
93 127
93 133
93 135
93 140
93 146
93 153
93 154
93 155
93 156
93 157
93 164
93 170
93 174
93 179
94 2
94 3
94 5
94 6
94 10
94 15
94 20
94 27
94 28
94 29
94 30
94 35
94 39
94 41
94 42
94 43
94 55
94 56
94 58
94 59
94 62
94 64
94 70
94 82
94 88
94 90
94 99
94 100
94 108
94 111
94 117
94 119
94 121
94 123
94 126
94 128
94 129
94 132
94 133
94 134
94 146
94 149
94 150
94 160
94 162
94 166
94 177
94 183
94 185
94 187
94 190
95 1
95 9
95 13
95 16
95 24
95 26
95 29
95 31
95 36
95 37
95 39
95 41
95 42
95 44
95 48
95 63
95 66
95 67
95 74
95 75
95 78
95 80
95 81
95 83
95 84
95 94
95 96
95 101
95 105
95 106
95 108
95 112
95 115
95 117
95 124
95 140
95 143
95 156
95 157
95 160
95 166
95 167
95 182
95 187
95 189
96 10
96 22
96 26
96 30
96 35
96 41
96 42
96 43
96 51
96 54
96 56
96 62
96 64
96 70
96 72
96 73
96 74
96 75
96 76
96 84
96 94
96 95
96 98
96 101
96 105
96 107
96 111
96 113
96 116
96 121
96 125
96 128
96 129
96 131
96 139
96 143
96 148
96 152
96 153
96 154
96 156
96 158
96 161
96 165
96 166
96 174
96 179
96 183
96 186
96 190
96 191
97 3
97 5
97 7
97 13
97 17
97 19
97 25
97 28
97 32
97 33
97 34
97 39
97 40
97 47
97 51
97 55
97 59
97 61
97 65
97 66
97 73
97 74
97 78
97 82
97 85
97 89
97 91
97 93
97 94
97 98
97 99
97 106
97 112
97 117
97 121
97 123
97 124
97 125
97 127
97 128
97 134
97 135
97 137
97 138
97 141
97 143
97 144
97 146
97 147
97 150
97 152
97 154
97 156
97 159
97 160
97 162
97 165
97 172
97 184
97 188
98 1
98 2
98 4
98 8
98 11
98 12
98 14
98 15
98 16
98 27
98 32
98 33
98 36
98 37
98 44
98 46
98 49
98 52
98 53
98 61
98 63
98 68
98 71
98 72
98 74
98 79
98 82
98 86
98 88
98 91
98 95
98 96
98 97
98 101
98 103
98 108
98 124
98 125
98 128
98 130
98 135
98 139
98 140
98 141
98 155
98 156
98 161
98 164
98 173
98 176
98 183
98 187
98 188
98 192
99 1
99 8
99 13
99 17
99 20
99 21
99 22
99 25
99 31
99 33
99 34
99 38
99 39
99 41
99 47
99 48
99 50
99 51
99 55
99 60
99 63
99 65
99 75
99 77
99 81
99 84
99 88
99 89
99 95
99 96
99 97
99 101
99 102
99 105
99 107
99 109
99 111
99 112
99 115
99 117
99 119
99 123
99 124
99 129
99 132
99 138
99 139
99 151
99 153
99 155
99 156
99 158
99 163
99 165
99 166
99 177
99 178
99 186
99 188
99 192
100 2
100 3
100 6
100 8
100 11
100 17
100 21
100 26
100 27
100 31
100 33
100 35
100 37
100 43
100 44
100 52
100 53
100 60
100 62
100 63
100 65
100 67
100 78
100 88
100 91
100 99
100 101
100 106
100 109
100 110
100 111
100 112
100 114
100 121
100 127
100 133
100 141
100 148
100 153
100 154
100 159
100 160
100 173
100 176
100 177
100 179
100 181
100 183
101 10
101 11
101 15
101 18
101 21
101 23
101 31
101 33
101 34
101 36
101 40
101 41
101 42
101 45
101 50
101 56
101 62
101 70
101 71
101 74
101 77
101 83
101 85
101 88
101 94
101 95
101 96
101 99
101 104
101 105
101 106
101 114
101 123
101 125
101 127
101 130
101 138
101 139
101 141
101 142
101 143
101 155
101 156
101 161
101 162
101 167
101 168
101 171
101 172
101 173
101 174
101 175
101 176
101 177
101 181
101 184
101 186
101 189
101 190
101 191
102 8
102 13
102 17
102 22
102 23
102 28
102 31
102 33
102 37
102 39
102 45
102 46
102 47
102 51
102 59
102 66
102 67
102 68
102 69
102 80
102 81
102 86
102 88
102 91
102 93
102 95
102 97
102 99
102 105
102 108
102 110
102 114
102 117
102 125
102 126
102 129
102 136
102 137
102 142
102 148
102 154
102 158
102 160
102 161
102 164
102 165
102 170
102 173
102 177
102 183
102 185
103 1
103 2
103 3
103 7
103 9
103 14
103 20
103 28
103 30
103 32
103 43
103 50
103 52
103 59
103 60
103 61
103 66
103 67
103 70
103 72
103 74
103 77
103 79
103 84
103 89
103 91
103 93
103 95
103 97
103 98
103 104
103 113
103 115
103 117
103 119
103 121
103 122
103 125
103 126
103 132
103 134
103 138
103 141
103 149
103 151
103 152
103 153
103 157
103 158
103 159
103 161
103 169
103 172
103 175
103 178
103 180
103 186
103 188
103 191
103 192
104 5
104 6
104 12
104 13
104 14
104 18
104 19
104 21
104 24
104 25
104 27
104 30
104 31
104 39
104 45
104 50
104 54
104 58
104 60
104 65
104 73
104 74
104 75
104 77
104 80
104 86
104 92
104 93
104 104
104 109
104 110
104 115
104 116
104 119
104 124
104 127
104 129
104 132
104 137
104 138
104 139
104 140
104 150
104 156
104 158
104 162
104 164
104 171
104 174
104 178
104 179
104 180
104 187
104 192
105 5
105 14
105 16
105 17
105 20
105 22
105 23
105 27
105 28
105 32
105 33
105 36
105 37
105 39
105 41
105 44
105 45
105 46
105 52
105 53
105 55
105 60
105 64
105 68
105 69
105 70
105 73
105 77
105 82
105 86
105 87
105 88
105 93
105 95
105 98
105 99
105 101
105 108
105 111
105 113
105 123
105 125
105 130
105 134
105 137
105 138
105 147
105 149
105 150
105 151
105 155
105 156
105 159
105 160
105 163
105 171
105 172
105 173
105 181
105 186
105 189
105 191
105 192
106 1
106 2
106 3
106 6
106 9
106 14
106 20
106 21
106 23
106 25
106 26
106 27
106 28
106 32
106 42
106 47
106 48
106 54
106 58
106 60
106 61
106 62
106 63
106 66
106 69
106 70
106 72
106 78
106 81
106 86
106 88
106 91
106 95
106 97
106 100
106 102
106 105
106 110
106 115
106 116
106 122
106 123
106 130
106 132
106 135
106 139
106 141
106 145
106 148
106 152
106 156
106 165
106 166
106 167
106 168
106 169
106 174
106 180
106 186
106 191
106 192
107 3
107 4
107 5
107 6
107 15
107 16
107 17
107 19
107 22
107 26
107 30
107 33
107 38
107 42
107 44
107 47
107 48
107 50
107 53
107 57
107 61
107 62
107 63
107 65
107 67
107 69
107 73
107 74
107 80
107 81
107 83
107 84
107 86
107 87
107 93
107 98
107 99
107 101
107 111
107 115
107 123
107 124
107 128
107 132
107 134
107 136
107 140
107 141
107 142
107 146
107 147
107 150
107 151
107 152
107 155
107 156
107 157
107 158
107 162
107 163
107 165
107 166
107 167
107 171
107 176
107 182
107 186
107 187
107 191
108 6
108 7
108 8
108 9
108 10
108 12
108 14
108 17
108 20
108 23
108 24
108 25
108 30
108 31
108 32
108 33
108 36
108 37
108 39
108 40
108 45
108 47
108 52
108 55
108 58
108 61
108 65
108 69
108 72
108 73
108 80
108 83
108 85
108 99
108 102
108 105
108 107
108 111
108 116
108 118
108 119
108 122
108 123
108 126
108 132
108 139
108 140
108 141
108 142
108 144
108 145
108 146
108 153
108 161
108 164
108 167
108 178
108 180
108 184
108 185
108 186
108 188
109 1
109 2
109 10
109 17
109 23
109 29
109 43
109 46
109 51
109 52
109 66
109 70
109 74
109 80
109 85
109 87
109 90
109 94
109 99
109 105
109 114
109 117
109 123
109 124
109 125
109 129
109 132
109 136
109 137
109 138
109 142
109 145
109 149
109 150
109 161
109 166
109 169
109 171
109 172
109 176
109 177
109 178
109 181
109 183
109 185
109 191
109 192
110 2
110 6
110 8
110 9
110 11
110 16
110 24
110 31
110 33
110 44
110 45
110 46
110 50
110 54
110 56
110 63
110 64
110 68
110 72
110 77
110 78
110 79
110 84
110 91
110 93
110 95
110 99
110 105
110 106
110 107
110 113
110 124
110 132
110 133
110 138
110 140
110 144
110 145
110 146
110 148
110 161
110 162
110 164
110 166
110 175
110 178
110 181
110 184
110 190
111 2
111 3
111 5
111 7
111 8
111 10
111 11
111 14
111 15
111 22
111 23
111 26
111 27
111 34
111 45
111 61
111 64
111 76
111 92
111 97
111 101
111 102
111 110
111 112
111 115
111 116
111 131
111 132
111 134
111 137
111 139
111 149
111 151
111 160
111 163
111 164
111 168
111 175
111 176
111 177
111 183
111 189
112 5
112 7
112 8
112 10
112 16
112 17
112 19
112 22
112 25
112 29
112 32
112 34
112 40
112 42
112 44
112 45
112 48
112 49
112 52
112 53
112 54
112 67
112 69
112 77
112 83
112 86
112 88
112 89
112 104
112 106
112 107
112 108
112 109
112 114
112 118
112 132
112 133
112 135
112 136
112 139
112 140
112 141
112 143
112 146
112 147
112 158
112 164
112 166
112 167
112 168
112 173
112 179
112 181
112 188
112 191
113 4
113 8
113 11
113 13
113 19
113 20
113 21
113 23
113 33
113 34
113 35
113 40
113 47
113 50
113 55
113 58
113 65
113 66
113 68
113 72
113 78
113 86
113 89
113 91
113 100
113 101
113 102
113 104
113 111
113 112
113 114
113 116
113 121
113 122
113 125
113 126
113 132
113 134
113 135
113 137
113 140
113 144
113 147
113 150
113 151
113 153
113 156
113 158
113 161
113 162
113 166
113 169
113 170
113 174
113 175
113 177
113 184
113 186
113 187
113 190
113 192
114 3
114 10
114 17
114 19
114 21
114 25
114 29
114 34
114 35
114 45
114 47
114 49
114 60
114 61
114 70
114 71
114 75
114 76
114 77
114 79
114 85
114 87
114 90
114 95
114 99
114 106
114 107
114 109
114 118
114 121
114 130
114 132
114 134
114 136
114 137
114 150
114 152
114 153
114 155
114 157
114 159
114 160
114 172
114 174
114 176
114 178
114 183
114 192
115 5
115 8
115 9
115 11
115 12
115 16
115 22
115 24
115 26
115 28
115 32
115 35
115 38
115 43
115 44
115 45
115 47
115 50
115 53
115 59
115 61
115 69
115 72
115 74
115 76
115 82
115 94
115 95
115 101
115 102
115 103
115 104
115 105
115 106
115 108
115 110
115 116
115 121
115 123
115 129
115 131
115 133
115 137
115 138
115 141
115 144
115 151
115 152
115 154
115 157
115 159
115 160
115 165
115 177
115 178
115 179
115 180
115 186
115 189
116 5
116 8
116 10
116 18
116 19
116 29
116 33
116 36
116 37
116 39
116 48
116 51
116 52
116 54
116 58
116 62
116 63
116 64
116 72
116 73
116 74
116 78
116 80
116 83
116 84
116 87
116 98
116 99
116 102
116 109
116 113
116 121
116 122
116 127
116 129
116 132
116 150
116 155
116 159
116 160
116 162
116 164
116 169
116 176
116 180
116 181
116 189
116 192
117 3
117 5
117 6
117 9
117 20
117 22
117 25
117 31
117 33
117 34
117 36
117 40
117 44
117 49
117 51
117 64
117 66
117 67
117 72
117 74
117 78
117 80
117 81
117 82
117 83
117 88
117 90
117 96
117 99
117 100
117 103
117 104
117 107
117 109
117 111
117 115
117 118
117 119
117 122
117 124
117 128
117 131
117 132
117 134
117 139
117 140
117 141
117 144
117 145
117 148
117 153
117 154
117 157
117 158
117 159
117 160
117 161
117 170
117 172
117 174
117 177
117 188
117 192
118 3
118 7
118 10
118 11
118 15
118 16
118 19
118 23
118 26
118 30
118 33
118 35
118 42
118 45
118 46
118 48
118 53
118 55
118 58
118 65
118 66
118 68
118 78
118 81
118 90
118 100
118 101
118 102
118 107
118 110
118 111
118 116
118 119
118 122
118 126
118 128
118 134
118 135
118 136
118 141
118 142
118 160
118 167
118 170
118 171
118 174
118 180
118 185
118 186
118 187
118 192
119 2
119 3
119 7
119 10
119 14
119 21
119 23
119 26
119 34
119 35
119 40
119 41
119 42
119 48
119 53
119 55
119 60
119 66
119 67
119 69
119 71
119 74
119 78
119 79
119 80
119 84
119 85
119 88
119 96
119 98
119 99
119 100
119 102
119 103
119 105
119 109
119 110
119 111
119 115
119 116
119 117
119 118
119 119
119 124
119 125
119 128
119 129
119 132
119 133
119 140
119 141
119 144
119 148
119 152
119 154
119 155
119 159
119 160
119 163
119 169
119 170
119 171
119 172
119 180
119 181
119 182
119 183
119 188
119 191
120 10
120 11
120 12
120 15
120 21
120 24
120 25
120 27
120 30
120 31
120 35
120 37
120 42
120 43
120 46
120 57
120 59
120 60
120 64
120 65
120 75
120 76
120 78
120 91
120 95
120 97
120 99
120 102
120 105
120 109
120 110
120 111
120 112
120 114
120 115
120 117
120 118
120 119
120 121
120 122
120 125
120 135
120 136
120 137
120 138
120 151
120 153
120 154
120 157
120 167
120 168
120 170
120 178
120 179
120 185
120 187
121 1
121 5
121 14
121 16
121 24
121 36
121 38
121 40
121 46
121 48
121 52
121 58
121 62
121 64
121 69
121 71
121 72
121 75
121 82
121 84
121 89
121 90
121 92
121 93
121 99
121 102
121 105
121 116
121 125
121 127
121 128
121 130
121 133
121 134
121 136
121 140
121 142
121 146
121 149
121 150
121 156
121 167
121 169
121 170
121 173
121 176
121 180
122 7
122 9
122 11
122 13
122 14
122 15
122 18
122 19
122 20
122 25
122 26
122 28
122 33
122 36
122 43
122 45
122 49
122 52
122 57
122 61
122 65
122 68
122 71
122 73
122 81
122 83
122 85
122 86
122 89
122 91
122 92
122 95
122 97
122 98
122 100
122 101
122 103
122 106
122 109
122 112
122 115
122 123
122 125
122 126
122 128
122 131
122 137
122 138
122 139
122 142
122 143
122 147
122 153
122 154
122 155
122 167
122 177
122 180
122 186
122 187
122 190
123 1
123 3
123 9
123 10
123 15
123 17
123 19
123 20
123 21
123 24
123 26
123 29
123 30
123 35
123 38
123 39
123 42
123 48
123 49
123 50
123 51
123 55
123 57
123 62
123 64
123 68
123 71
123 76
123 80
123 83
123 85
123 86
123 97
123 106
123 107
123 112
123 117
123 119
123 120
123 122
123 126
123 127
123 128
123 131
123 136
123 139
123 140
123 141
123 149
123 150
123 151
123 154
123 158
123 159
123 161
123 168
123 170
123 171
123 173
123 174
123 176
123 179
123 182
123 187
123 188
123 189
123 192
124 4
124 11
124 12
124 18
124 19
124 20
124 21
124 22
124 26
124 30
124 32
124 34
124 36
124 38
124 40
124 41
124 47
124 48
124 49
124 54
124 57
124 61
124 62
124 63
124 65
124 68
124 69
124 71
124 72
124 73
124 75
124 84
124 88
124 90
124 91
124 92
124 93
124 96
124 99
124 100
124 106
124 112
124 121
124 130
124 136
124 139
124 140
124 144
124 145
124 146
124 151
124 156
124 161
124 162
124 168
124 181
124 183
124 189
125 1
125 6
125 10
125 14
125 15
125 19
125 26
125 27
125 30
125 34
125 36
125 39
125 41
125 43
125 45
125 47
125 50
125 52
125 53
125 55
125 57
125 61
125 62
125 64
125 67
125 68
125 72
125 76
125 79
125 84
125 88
125 93
125 95
125 96
125 97
125 99
125 106
125 107
125 115
125 118
125 122
125 124
125 127
125 128
125 135
125 137
125 138
125 141
125 151
125 153
125 154
125 155
125 161
125 162
125 168
125 169
125 181
125 186
125 187
125 189
126 3
126 4
126 8
126 9
126 18
126 20
126 24
126 27
126 33
126 38
126 47
126 48
126 55
126 58
126 60
126 65
126 67
126 68
126 69
126 74
126 75
126 79
126 80
126 82
126 88
126 89
126 90
126 91
126 99
126 101
126 102
126 107
126 111
126 112
126 114
126 117
126 122
126 125
126 129
126 130
126 138
126 142
126 144
126 145
126 146
126 171
126 174
126 175
126 178
126 181
126 184
126 186
126 188
126 192
127 1
127 2
127 10
127 13
127 15
127 20
127 25
127 27
127 32
127 34
127 39
127 42
127 47
127 49
127 50
127 54
127 55
127 56
127 62
127 66
127 72
127 73
127 78
127 80
127 90
127 92
127 93
127 95
127 96
127 99
127 109
127 114
127 116
127 117
127 123
127 126
127 129
127 131
127 132
127 133
127 134
127 138
127 140
127 146
127 149
127 150
127 151
127 155
127 166
127 167
127 168
127 174
127 175
127 176
127 177
127 181
127 182
127 183
127 185
127 187
127 188
127 189
127 190
128 2
128 12
128 14
128 15
128 17
128 21
128 31
128 33
128 36
128 37
128 45
128 47
128 55
128 57
128 64
128 67
128 69
128 79
128 82
128 86
128 88
128 89
128 99
128 100
128 101
128 107
128 109
128 111
128 117
128 118
128 119
128 120
128 127
128 129
128 133
128 135
128 139
128 145
128 149
128 150
128 153
128 154
128 160
128 164
128 165
128 170
128 171
128 172
128 175
128 178
128 179
128 186
128 188
128 189
128 192
129 4
129 5
129 6
129 18
129 22
129 25
129 26
129 28
129 30
129 32
129 34
129 39
129 40
129 47
129 49
129 50
129 52
129 54
129 56
129 58
129 59
129 62
129 65
129 67
129 76
129 78
129 80
129 83
129 84
129 87
129 91
129 95
129 96
129 104
129 112
129 118
129 119
129 121
129 124
129 128
129 129
129 130
129 133
129 135
129 139
129 141
129 146
129 155
129 158
129 162
129 170
129 171
129 174
129 181
129 185
129 189
129 190
130 4
130 6
130 13
130 14
130 19
130 21
130 30
130 31
130 32
130 35
130 38
130 41
130 46
130 47
130 48
130 50
130 51
130 52
130 53
130 55
130 62
130 66
130 67
130 68
130 72
130 77
130 78
130 80
130 81
130 83
130 86
130 88
130 89
130 94
130 97
130 109
130 114
130 116
130 119
130 123
130 124
130 128
130 131
130 137
130 142
130 149
130 151
130 159
130 160
130 161
130 168
130 169
130 170
130 173
130 174
130 176
130 177
130 181
130 186
130 187
130 188
131 2
131 5
131 6
131 8
131 11
131 15
131 16
131 21
131 24
131 28
131 33
131 35
131 39
131 42
131 46
131 47
131 48
131 49
131 50
131 51
131 52
131 54
131 57
131 58
131 61
131 63
131 64
131 69
131 75
131 76
131 79
131 83
131 88
131 91
131 96
131 97
131 101
131 102
131 105
131 106
131 109
131 116
131 117
131 119
131 125
131 130
131 135
131 143
131 157
131 158
131 168
131 181
131 182
131 188
131 191
132 2
132 3
132 4
132 11
132 30
132 31
132 33
132 38
132 47
132 50
132 52
132 53
132 55
132 60
132 61
132 65
132 67
132 70
132 77
132 83
132 90
132 96
132 101
132 106
132 110
132 116
132 117
132 123
132 126
132 129
132 130
132 132
132 133
132 134
132 135
132 137
132 140
132 142
132 143
132 144
132 145
132 146
132 148
132 154
132 160
132 164
132 165
132 166
132 169
132 173
132 174
132 175
132 179
132 180
132 181
132 182
132 183
132 186
132 189
132 191
133 4
133 11
133 17
133 19
133 21
133 22
133 27
133 29
133 30
133 31
133 33
133 34
133 35
133 36
133 47
133 49
133 53
133 62
133 69
133 72
133 74
133 83
133 88
133 96
133 107
133 112
133 115
133 117
133 118
133 130
133 131
133 135
133 148
133 149
133 155
133 157
133 160
133 162
133 163
133 164
133 172
133 175
133 177
133 181
133 186
134 4
134 5
134 7
134 8
134 9
134 13
134 15
134 17
134 18
134 23
134 25
134 31
134 32
134 39
134 40
134 43
134 52
134 53
134 56
134 58
134 68
134 69
134 70
134 72
134 73
134 83
134 84
134 88
134 100
134 103
134 104
134 107
134 115
134 117
134 120
134 122
134 123
134 132
134 137
134 138
134 139
134 142
134 146
134 147
134 149
134 156
134 164
134 173
134 175
134 176
134 177
134 180
134 182
134 183
134 186
134 189
134 190
135 4
135 8
135 11
135 14
135 16
135 19
135 21
135 22
135 25
135 26
135 27
135 31
135 34
135 37
135 43
135 48
135 54
135 57
135 59
135 60
135 74
135 77
135 81
135 84
135 89
135 90
135 92
135 95
135 97
135 101
135 103
135 105
135 111
135 115
135 116
135 118
135 125
135 126
135 128
135 132
135 134
135 136
135 139
135 155
135 159
135 160
135 162
135 172
135 174
135 178
135 179
135 186
135 187
135 188
135 190
135 191
136 4
136 16
136 21
136 23
136 28
136 29
136 40
136 41
136 45
136 52
136 57
136 59
136 75
136 77
136 83
136 84
136 85
136 89
136 90
136 92
136 93
136 94
136 96
136 98
136 99
136 103
136 104
136 107
136 108
136 122
136 124
136 126
136 128
136 129
136 130
136 135
136 141
136 155
136 161
136 162
136 164
136 165
136 172
136 175
136 176
136 183
136 188
136 189
137 4
137 7
137 9
137 15
137 22
137 23
137 24
137 30
137 34
137 36
137 37
137 38
137 40
137 41
137 43
137 48
137 49
137 50
137 57
137 58
137 62
137 63
137 64
137 65
137 77
137 80
137 82
137 83
137 98
137 101
137 109
137 112
137 119
137 124
137 132
137 133
137 135
137 142
137 146
137 150
137 152
137 157
137 163
137 167
137 172
137 178
137 181
137 182
137 183
137 188
137 192
138 6
138 7
138 9
138 12
138 15
138 17
138 20
138 25
138 30
138 31
138 43
138 44
138 45
138 46
138 52
138 62
138 68
138 70
138 71
138 72
138 75
138 85
138 86
138 91
138 93
138 101
138 102
138 103
138 109
138 110
138 118
138 119
138 125
138 126
138 132
138 135
138 141
138 147
138 148
138 149
138 155
138 156
138 162
138 169
138 171
138 173
138 175
138 178
138 184
138 185
138 186
138 190
138 191
139 3
139 10
139 14
139 15
139 17
139 26
139 28
139 35
139 40
139 56
139 60
139 69
139 70
139 75
139 76
139 77
139 80
139 82
139 83
139 87
139 89
139 91
139 94
139 96
139 97
139 100
139 101
139 102
139 103
139 105
139 116
139 118
139 121
139 123
139 129
139 131
139 137
139 139
139 141
139 142
139 144
139 145
139 148
139 149
139 150
139 153
139 154
139 156
139 157
139 158
139 162
139 163
139 166
139 170
139 174
139 179
139 180
139 188
139 190
140 1
140 2
140 6
140 12
140 13
140 16
140 19
140 28
140 36
140 40
140 41
140 42
140 46
140 47
140 52
140 53
140 59
140 67
140 68
140 74
140 80
140 85
140 87
140 93
140 94
140 99
140 100
140 101
140 104
140 107
140 108
140 109
140 122
140 125
140 128
140 130
140 131
140 132
140 135
140 138
140 140
140 141
140 143
140 149
140 154
140 157
140 158
140 160
140 164
140 165
140 167
140 169
140 170
140 174
140 177
140 181
140 183
140 186
140 191
140 192
141 9
141 12
141 13
141 15
141 17
141 19
141 22
141 24
141 25
141 28
141 31
141 36
141 38
141 39
141 40
141 41
141 45
141 46
141 47
141 48
141 56
141 57
141 63
141 64
141 67
141 68
141 71
141 75
141 76
141 77
141 83
141 86
141 89
141 90
141 91
141 92
141 93
141 107
141 108
141 109
141 111
141 113
141 115
141 117
141 119
141 120
141 123
141 124
141 128
141 136
141 139
141 142
141 143
141 144
141 145
141 146
141 148
141 149
141 151
141 155
141 158
141 160
141 164
141 168
141 173
141 188
142 3
142 4
142 6
142 15
142 17
142 18
142 21
142 26
142 27
142 28
142 34
142 37
142 38
142 43
142 46
142 47
142 48
142 53
142 56
142 57
142 60
142 66
142 69
142 72
142 73
142 77
142 80
142 81
142 82
142 84
142 86
142 93
142 94
142 96
142 98
142 101
142 102
142 107
142 109
142 111
142 112
142 114
142 118
142 129
142 135
142 139
142 141
142 143
142 146
142 153
142 156
142 161
142 165
142 168
142 169
142 170
142 173
142 175
142 179
142 180
142 181
142 183
142 185
142 191
142 192
143 2
143 3
143 7
143 8
143 13
143 19
143 22
143 23
143 33
143 35
143 43
143 44
143 51
143 52
143 53
143 55
143 60
143 63
143 68
143 71
143 73
143 76
143 80
143 86
143 90
143 92
143 102
143 103
143 108
143 109
143 113
143 115
143 116
143 119
143 121
143 125
143 131
143 134
143 138
143 147
143 151
143 154
143 155
143 156
143 160
143 163
143 167
143 170
143 172
143 181
143 184
143 185
143 192
144 7
144 15
144 16
144 19
144 21
144 24
144 27
144 30
144 32
144 33
144 40
144 43
144 44
144 45
144 47
144 52
144 58
144 59
144 60
144 62
144 67
144 68
144 70
144 71
144 79
144 81
144 85
144 89
144 92
144 93
144 95
144 103
144 110
144 118
144 125
144 126
144 128
144 132
144 138
144 142
144 146
144 149
144 153
144 157
144 162
144 165
144 166
144 172
144 174
144 175
144 176
144 177
144 181
144 185
144 186
144 188
144 189
144 192
145 4
145 13
145 16
145 17
145 18
145 22
145 23
145 26
145 27
145 29
145 30
145 31
145 35
145 41
145 43
145 45
145 49
145 54
145 59
145 65
145 66
145 70
145 79
145 81
145 90
145 95
145 101
145 106
145 109
145 111
145 113
145 115
145 119
145 127
145 128
145 134
145 138
145 142
145 143
145 144
145 154
145 155
145 156
145 158
145 159
145 160
145 162
145 164
145 167
145 168
145 173
145 174
145 175
145 178
145 179
145 181
145 182
145 183
145 190
146 12
146 14
146 15
146 17
146 18
146 23
146 29
146 34
146 35
146 36
146 39
146 44
146 45
146 46
146 50
146 52
146 57
146 60
146 65
146 66
146 70
146 73
146 74
146 77
146 78
146 84
146 89
146 94
146 96
146 97
146 99
146 100
146 101
146 106
146 108
146 110
146 111
146 117
146 122
146 128
146 131
146 137
146 146
146 149
146 151
146 154
146 158
146 161
146 166
146 172
146 175
146 179
146 181
146 182
146 187
146 188
147 4
147 5
147 13
147 14
147 15
147 20
147 26
147 27
147 30
147 33
147 34
147 35
147 39
147 41
147 45
147 49
147 50
147 53
147 54
147 55
147 56
147 58
147 59
147 64
147 65
147 70
147 76
147 83
147 84
147 89
147 90
147 93
147 94
147 99
147 100
147 104
147 111
147 114
147 116
147 121
147 124
147 125
147 129
147 130
147 131
147 132
147 137
147 139
147 143
147 150
147 151
147 152
147 154
147 157
147 159
147 162
147 163
147 165
147 172
147 177
147 180
147 184
147 185
147 187
147 188
147 189
148 1
148 5
148 11
148 12
148 14
148 15
148 16
148 17
148 24
148 25
148 27
148 30
148 32
148 34
148 37
148 38
148 42
148 43
148 45
148 46
148 48
148 49
148 51
148 52
148 54
148 57
148 61
148 62
148 64
148 66
148 68
148 72
148 76
148 78
148 83
148 90
148 92
148 97
148 98
148 99
148 102
148 107
148 108
148 112
148 113
148 116
148 117
148 127
148 129
148 135
148 138
148 148
148 149
148 156
148 160
148 161
148 162
148 166
148 169
148 170
148 171
148 175
148 180
148 181
148 183
148 184
148 187
148 191
149 5
149 8
149 24
149 29
149 33
149 39
149 48
149 54
149 57
149 58
149 61
149 64
149 67
149 68
149 69
149 77
149 80
149 81
149 83
149 84
149 92
149 94
149 98
149 103
149 106
149 107
149 114
149 116
149 118
149 122
149 124
149 127
149 128
149 131
149 135
149 139
149 143
149 145
149 147
149 148
149 151
149 160
149 161
149 163
149 168
149 176
149 182
149 185
149 187
149 188
149 191
150 2
150 9
150 11
150 12
150 20
150 23
150 24
150 26
150 33
150 34
150 36
150 38
150 41
150 42
150 44
150 46
150 49
150 50
150 51
150 55
150 58
150 60
150 63
150 65
150 69
150 84
150 88
150 89
150 90
150 91
150 93
150 101
150 105
150 109
150 111
150 114
150 116
150 118
150 123
150 124
150 125
150 126
150 127
150 129
150 133
150 135
150 137
150 139
150 140
150 144
150 149
150 151
150 152
150 153
150 154
150 156
150 157
150 158
150 171
150 173
150 174
150 176
150 183
150 184
150 185
150 187
151 2
151 5
151 6
151 10
151 14
151 16
151 17
151 18
151 21
151 24
151 25
151 26
151 27
151 33
151 34
151 39
151 43
151 52
151 59
151 61
151 64
151 66
151 76
151 78
151 82
151 83
151 88
151 89
151 90
151 91
151 94
151 97
151 102
151 104
151 105
151 106
151 110
151 112
151 121
151 124
151 125
151 127
151 130
151 131
151 132
151 136
151 142
151 144
151 145
151 150
151 158
151 159
151 161
151 162
151 167
151 170
151 171
151 175
151 178
151 182
151 189
152 3
152 4
152 5
152 10
152 11
152 13
152 17
152 19
152 21
152 26
152 27
152 32
152 34
152 37
152 39
152 43
152 50
152 52
152 53
152 59
152 63
152 68
152 69
152 72
152 75
152 77
152 78
152 82
152 83
152 85
152 88
152 89
152 90
152 94
152 95
152 101
152 108
152 116
152 119
152 120
152 122
152 126
152 131
152 136
152 141
152 148
152 149
152 150
152 154
152 161
152 162
152 163
152 168
152 170
152 171
152 180
152 184
152 186
152 189
152 190
153 1
153 3
153 4
153 7
153 8
153 11
153 13
153 16
153 18
153 19
153 22
153 24
153 30
153 32
153 35
153 37
153 38
153 43
153 49
153 50
153 53
153 58
153 61
153 62
153 65
153 70
153 75
153 77
153 82
153 83
153 84
153 86
153 90
153 92
153 95
153 98
153 100
153 101
153 105
153 106
153 108
153 110
153 111
153 113
153 114
153 115
153 119
153 121
153 122
153 123
153 126
153 127
153 129
153 131
153 132
153 133
153 143
153 147
153 150
153 153
153 157
153 159
153 163
153 164
153 165
153 172
153 175
153 180
153 184
153 188
153 190
153 191
154 2
154 3
154 9
154 13
154 15
154 19
154 27
154 28
154 29
154 33
154 35
154 40
154 41
154 43
154 47
154 50
154 51
154 53
154 54
154 58
154 62
154 82
154 84
154 86
154 88
154 91
154 92
154 93
154 97
154 98
154 99
154 100
154 101
154 106
154 107
154 112
154 113
154 114
154 119
154 126
154 128
154 134
154 141
154 143
154 144
154 147
154 152
154 154
154 159
154 163
154 165
154 170
154 172
154 186
154 187
154 192
155 7
155 13
155 14
155 17
155 19
155 20
155 32
155 36
155 37
155 39
155 40
155 47
155 51
155 52
155 53
155 56
155 57
155 59
155 64
155 79
155 80
155 82
155 92
155 93
155 95
155 97
155 98
155 108
155 109
155 110
155 113
155 116
155 117
155 118
155 121
155 125
155 130
155 132
155 135
155 138
155 142
155 143
155 150
155 153
155 156
155 162
155 167
155 168
155 169
155 170
155 171
155 172
155 173
155 174
155 175
155 178
155 183
155 185
155 186
155 190
156 1
156 6
156 15
156 21
156 22
156 28
156 29
156 30
156 31
156 32
156 33
156 39
156 42
156 43
156 45
156 52
156 57
156 58
156 62
156 63
156 66
156 72
156 78
156 79
156 80
156 86
156 87
156 90
156 91
156 94
156 97
156 104
156 108
156 110
156 111
156 116
156 117
156 118
156 128
156 136
156 137
156 142
156 147
156 148
156 149
156 157
156 159
156 160
156 161
156 169
156 170
156 173
156 174
156 175
156 184
156 185
156 186
156 188
157 1
157 6
157 8
157 9
157 11
157 12
157 13
157 14
157 18
157 19
157 20
157 22
157 24
157 27
157 35
157 41
157 48
157 49
157 50
157 58
157 60
157 62
157 67
157 72
157 79
157 83
157 84
157 85
157 93
157 95
157 98
157 100
157 107
157 110
157 114
157 118
157 120
157 123
157 125
157 128
157 129
157 132
157 140
157 142
157 146
157 147
157 149
157 152
157 155
157 157
157 159
157 170
157 172
157 178
157 192
158 1
158 2
158 5
158 9
158 12
158 14
158 16
158 18
158 19
158 20
158 22
158 28
158 33
158 36
158 39
158 41
158 43
158 53
158 56
158 58
158 62
158 63
158 72
158 97
158 103
158 104
158 105
158 107
158 112
158 117
158 118
158 129
158 135
158 137
158 139
158 152
158 156
158 165
158 169
158 171
158 172
158 173
158 175
158 179
158 182
158 186
158 189
158 190
158 191
159 3
159 5
159 11
159 12
159 13
159 20
159 27
159 28
159 30
159 33
159 35
159 39
159 40
159 41
159 44
159 45
159 47
159 53
159 60
159 63
159 66
159 78
159 80
159 82
159 86
159 87
159 89
159 98
159 99
159 101
159 105
159 108
159 109
159 112
159 115
159 118
159 122
159 124
159 126
159 127
159 134
159 138
159 142
159 147
159 150
159 158
159 168
159 174
159 183
159 185
159 187
159 188
159 189
160 2
160 11
160 12
160 14
160 16
160 18
160 20
160 25
160 26
160 29
160 35
160 47
160 48
160 53
160 54
160 56
160 59
160 60
160 61
160 62
160 64
160 76
160 86
160 89
160 91
160 93
160 96
160 97
160 98
160 106
160 108
160 109
160 119
160 125
160 127
160 130
160 131
160 133
160 137
160 142
160 144
160 145
160 151
160 154
160 155
160 156
160 158
160 163
160 166
160 167
160 171
160 172
160 177
160 180
160 191
160 192
161 2
161 3
161 16
161 20
161 21
161 23
161 26
161 27
161 31
161 33
161 34
161 46
161 48
161 54
161 55
161 56
161 57
161 60
161 62
161 67
161 78
161 85
161 86
161 89
161 92
161 96
161 99
161 101
161 106
161 109
161 114
161 117
161 123
161 126
161 129
161 130
161 133
161 136
161 137
161 139
161 145
161 146
161 154
161 156
161 164
161 165
161 166
161 170
161 172
161 174
161 175
161 180
161 182
161 183
161 190
161 192
162 1
162 12
162 21
162 24
162 29
162 31
162 32
162 34
162 35
162 39
162 40
162 44
162 45
162 58
162 60
162 61
162 63
162 65
162 68
162 70
162 72
162 80
162 81
162 82
162 85
162 91
162 92
162 98
162 105
162 109
162 117
162 122
162 126
162 128
162 136
162 137
162 145
162 146
162 147
162 151
162 155
162 156
162 159
162 163
162 165
162 169
162 171
162 175
162 176
162 177
162 178
162 179
162 185
162 189
163 1
163 4
163 5
163 11
163 13
163 15
163 16
163 17
163 21
163 24
163 28
163 29
163 30
163 34
163 38
163 41
163 44
163 47
163 48
163 52
163 53
163 59
163 63
163 66
163 67
163 75
163 77
163 83
163 90
163 91
163 94
163 111
163 116
163 117
163 121
163 128
163 129
163 135
163 142
163 150
163 161
163 163
163 166
163 178
163 182
163 183
163 184
163 186
164 2
164 9
164 17
164 18
164 28
164 29
164 32
164 40
164 43
164 46
164 48
164 49
164 51
164 52
164 53
164 55
164 59
164 61
164 64
164 65
164 66
164 67
164 72
164 73
164 75
164 89
164 91
164 93
164 106
164 107
164 108
164 109
164 112
164 125
164 126
164 132
164 135
164 136
164 143
164 150
164 151
164 152
164 153
164 159
164 169
164 172
164 176
164 181
164 183
164 188
164 189
164 192
165 12
165 13
165 25
165 32
165 35
165 36
165 40
165 43
165 45
165 47
165 53
165 58
165 62
165 64
165 66
165 68
165 69
165 70
165 71
165 78
165 86
165 87
165 90
165 96
165 97
165 104
165 106
165 117
165 120
165 125
165 131
165 135
165 139
165 142
165 144
165 145
165 147
165 149
165 150
165 151
165 152
165 155
165 158
165 161
165 162
165 170
165 171
165 172
165 181
165 184
166 2
166 8
166 10
166 11
166 14
166 17
166 20
166 22
166 23
166 35
166 38
166 40
166 48
166 49
166 50
166 51
166 54
166 58
166 64
166 65
166 75
166 85
166 87
166 90
166 95
166 100
166 113
166 114
166 116
166 120
166 128
166 130
166 131
166 136
166 137
166 139
166 144
166 148
166 154
166 157
166 158
166 167
166 172
166 174
166 176
166 179
166 181
166 182
166 183
166 185
166 187
166 188
166 189
166 190
167 1
167 3
167 6
167 7
167 8
167 10
167 17
167 20
167 23
167 24
167 25
167 27
167 32
167 39
167 42
167 46
167 47
167 48
167 52
167 58
167 66
167 72
167 88
167 89
167 90
167 97
167 108
167 113
167 114
167 117
167 119
167 122
167 124
167 125
167 127
167 134
167 142
167 145
167 151
167 156
167 158
167 160
167 163
167 165
167 169
167 170
167 171
167 174
167 175
167 176
167 184
167 185
167 187
167 189
168 2
168 4
168 7
168 8
168 9
168 12
168 17
168 33
168 34
168 38
168 39
168 40
168 41
168 42
168 44
168 51
168 52
168 54
168 56
168 57
168 59
168 60
168 61
168 66
168 72
168 80
168 86
168 87
168 88
168 89
168 98
168 99
168 101
168 105
168 112
168 120
168 122
168 125
168 127
168 134
168 135
168 136
168 137
168 138
168 139
168 140
168 147
168 150
168 154
168 156
168 165
168 166
168 168
168 171
168 174
168 180
168 191
169 2
169 8
169 10
169 19
169 22
169 23
169 24
169 25
169 27
169 29
169 33
169 38
169 44
169 45
169 47
169 48
169 52
169 60
169 61
169 64
169 73
169 75
169 87
169 88
169 99
169 100
169 103
169 106
169 107
169 109
169 113
169 118
169 119
169 120
169 125
169 126
169 127
169 135
169 137
169 140
169 141
169 144
169 146
169 151
169 152
169 154
169 155
169 161
169 162
169 165
169 168
169 171
169 176
169 177
169 183
169 184
169 191
170 1
170 2
170 6
170 9
170 12
170 13
170 15
170 16
170 19
170 20
170 22
170 24
170 31
170 33
170 34
170 35
170 37
170 38
170 39
170 41
170 49
170 56
170 58
170 61
170 69
170 71
170 81
170 85
170 87
170 88
170 89
170 91
170 92
170 93
170 97
170 101
170 102
170 103
170 106
170 118
170 120
170 124
170 129
170 130
170 131
170 132
170 136
170 139
170 144
170 149
170 151
170 154
170 155
170 160
170 162
170 166
170 168
170 169
170 173
170 174
170 178
170 183
170 185
170 188
170 189
170 191
171 7
171 10
171 14
171 18
171 20
171 28
171 29
171 30
171 31
171 32
171 36
171 37
171 39
171 56
171 57
171 58
171 68
171 75
171 83
171 84
171 85
171 89
171 90
171 91
171 96
171 97
171 101
171 104
171 106
171 109
171 115
171 119
171 122
171 125
171 126
171 127
171 130
171 134
171 136
171 141
171 145
171 146
171 149
171 154
171 155
171 157
171 159
171 160
171 164
171 165
171 168
171 170
171 171
171 173
171 174
171 175
171 176
171 177
171 178
171 181
171 182
171 185
171 190
172 3
172 7
172 11
172 13
172 17
172 18
172 21
172 23
172 25
172 26
172 28
172 30
172 36
172 40
172 42
172 44
172 45
172 47
172 52
172 55
172 58
172 62
172 65
172 67
172 68
172 73
172 75
172 76
172 79
172 86
172 88
172 97
172 98
172 102
172 104
172 107
172 108
172 113
172 116
172 120
172 121
172 125
172 126
172 134
172 136
172 144
172 149
172 150
172 152
172 154
172 157
172 159
172 160
172 171
172 177
172 183
172 186
172 188
173 1
173 8
173 13
173 15
173 18
173 20
173 21
173 22
173 28
173 30
173 35
173 37
173 41
173 42
173 50
173 51
173 53
173 58
173 61
173 63
173 68
173 71
173 72
173 75
173 76
173 77
173 78
173 92
173 94
173 101
173 105
173 109
173 114
173 121
173 123
173 128
173 129
173 134
173 137
173 139
173 146
173 148
173 149
173 151
173 152
173 154
173 155
173 159
173 163
173 165
173 167
173 170
173 172
173 173
173 174
173 177
173 178
173 181
173 182
173 183
173 184
173 191
174 1
174 11
174 13
174 22
174 23
174 24
174 27
174 34
174 37
174 44
174 45
174 46
174 49
174 51
174 55
174 56
174 62
174 63
174 64
174 71
174 72
174 79
174 80
174 83
174 87
174 89
174 91
174 93
174 100
174 102
174 103
174 108
174 109
174 116
174 117
174 119
174 122
174 123
174 126
174 129
174 130
174 132
174 136
174 139
174 144
174 147
174 153
174 155
174 157
174 163
174 171
174 183
174 191
175 1
175 5
175 11
175 15
175 18
175 19
175 25
175 26
175 27
175 36
175 41
175 42
175 53
175 58
175 59
175 69
175 70
175 72
175 75
175 77
175 83
175 86
175 87
175 88
175 93
175 96
175 100
175 102
175 104
175 117
175 121
175 126
175 129
175 131
175 134
175 135
175 138
175 142
175 148
175 149
175 151
175 157
175 160
175 161
175 162
175 165
175 167
175 169
175 170
175 172
175 180
175 181
175 187
175 192
176 5
176 9
176 14
176 20
176 21
176 22
176 30
176 31
176 37
176 38
176 41
176 44
176 45
176 50
176 57
176 60
176 65
176 75
176 78
176 93
176 101
176 106
176 107
176 109
176 111
176 115
176 117
176 118
176 125
176 126
176 127
176 134
176 136
176 145
176 146
176 147
176 151
176 158
176 161
176 162
176 165
176 167
176 178
176 179
176 184
176 185
176 188
176 189
176 192
177 1
177 2
177 3
177 5
177 16
177 17
177 20
177 22
177 25
177 31
177 32
177 35
177 40
177 41
177 47
177 48
177 50
177 53
177 63
177 66
177 67
177 72
177 73
177 74
177 76
177 77
177 80
177 81
177 83
177 85
177 89
177 92
177 93
177 103
177 107
177 109
177 112
177 113
177 118
177 121
177 124
177 125
177 126
177 133
177 135
177 137
177 139
177 143
177 147
177 153
177 156
177 158
177 172
177 173
177 176
177 177
177 182
177 183
177 185
177 186
177 187
177 188
177 189
177 191
178 3
178 4
178 14
178 16
178 17
178 19
178 23
178 29
178 30
178 36
178 38
178 39
178 40
178 41
178 42
178 44
178 46
178 52
178 57
178 59
178 64
178 65
178 73
178 75
178 77
178 78
178 80
178 81
178 87
178 90
178 93
178 96
178 98
178 99
178 102
178 105
178 106
178 109
178 110
178 111
178 118
178 122
178 124
178 127
178 128
178 134
178 141
178 142
178 143
178 145
178 146
178 149
178 152
178 159
178 165
178 171
178 176
178 179
178 181
178 182
178 183
178 187
179 1
179 10
179 11
179 17
179 18
179 20
179 26
179 29
179 37
179 38
179 43
179 44
179 48
179 57
179 61
179 71
179 75
179 77
179 78
179 79
179 84
179 85
179 89
179 92
179 96
179 97
179 101
179 104
179 113
179 118
179 123
179 124
179 125
179 133
179 134
179 137
179 138
179 143
179 145
179 148
179 161
179 163
179 166
179 171
179 172
179 173
179 174
179 175
179 177
179 180
179 184
179 188
179 189
180 1
180 2
180 10
180 24
180 25
180 28
180 33
180 36
180 37
180 38
180 39
180 41
180 45
180 47
180 48
180 56
180 58
180 64
180 65
180 68
180 69
180 73
180 74
180 76
180 80
180 85
180 87
180 88
180 92
180 93
180 99
180 104
180 107
180 108
180 111
180 120
180 121
180 127
180 128
180 129
180 130
180 131
180 138
180 142
180 144
180 149
180 152
180 154
180 159
180 160
180 162
180 164
180 167
180 173
180 174
180 175
180 176
180 177
180 178
180 184
180 186
180 188
180 189
181 4
181 6
181 8
181 9
181 11
181 13
181 15
181 18
181 19
181 27
181 29
181 31
181 32
181 34
181 37
181 44
181 46
181 52
181 54
181 55
181 59
181 61
181 64
181 67
181 69
181 72
181 73
181 82
181 83
181 86
181 87
181 88
181 98
181 99
181 108
181 111
181 112
181 113
181 114
181 115
181 122
181 127
181 128
181 129
181 133
181 142
181 147
181 148
181 150
181 151
181 152
181 153
181 156
181 158
181 163
181 165
181 169
181 171
181 177
181 181
181 183
181 192
182 7
182 13
182 14
182 15
182 16
182 19
182 29
182 35
182 36
182 37
182 38
182 40
182 46
182 53
182 56
182 59
182 64
182 73
182 77
182 83
182 90
182 95
182 96
182 97
182 100
182 117
182 119
182 120
182 139
182 143
182 145
182 148
182 151
182 152
182 159
182 160
182 169
182 173
182 174
182 175
182 180
182 183
182 188
182 190
182 191
182 192
183 1
183 4
183 5
183 8
183 11
183 14
183 15
183 20
183 21
183 28
183 32
183 33
183 36
183 40
183 42
183 47
183 52
183 53
183 62
183 67
183 68
183 69
183 72
183 75
183 78
183 81
183 83
183 85
183 91
183 93
183 94
183 95
183 100
183 103
183 104
183 105
183 107
183 109
183 110
183 112
183 113
183 116
183 117
183 118
183 124
183 125
183 126
183 131
183 137
183 140
183 141
183 144
183 156
183 160
183 167
183 169
183 170
183 171
183 175
183 177
183 180
183 188
183 191
184 10
184 12
184 13
184 15
184 16
184 18
184 23
184 27
184 30
184 33
184 36
184 41
184 42
184 44
184 46
184 48
184 51
184 52
184 54
184 55
184 56
184 64
184 66
184 69
184 70
184 73
184 74
184 75
184 93
184 95
184 96
184 100
184 104
184 105
184 109
184 114
184 124
184 130
184 131
184 133
184 144
184 146
184 148
184 151
184 154
184 156
184 157
184 159
184 166
184 167
184 173
184 179
184 181
184 183
184 184
185 6
185 8
185 13
185 19
185 21
185 22
185 24
185 25
185 35
185 36
185 39
185 43
185 46
185 48
185 49
185 53
185 55
185 57
185 64
185 69
185 73
185 78
185 81
185 83
185 84
185 85
185 92
185 98
185 99
185 100
185 102
185 107
185 108
185 113
185 124
185 129
185 131
185 138
185 143
185 145
185 147
185 152
185 153
185 161
185 162
185 164
185 165
185 168
185 171
185 173
185 177
185 181
185 182
185 185
185 187
185 192
186 3
186 10
186 11
186 13
186 20
186 22
186 27
186 28
186 41
186 42
186 46
186 48
186 51
186 52
186 57
186 59
186 67
186 70
186 82
186 84
186 85
186 86
186 89
186 98
186 110
186 116
186 118
186 121
186 122
186 128
186 134
186 137
186 139
186 140
186 149
186 159
186 161
186 162
186 164
186 168
186 169
186 172
186 176
186 178
186 180
186 183
187 1
187 2
187 5
187 12
187 15
187 17
187 18
187 22
187 23
187 26
187 28
187 32
187 36
187 41
187 42
187 43
187 52
187 53
187 54
187 58
187 65
187 69
187 72
187 73
187 74
187 75
187 76
187 77
187 89
187 90
187 92
187 93
187 98
187 101
187 104
187 107
187 109
187 113
187 114
187 128
187 130
187 135
187 137
187 139
187 144
187 147
187 151
187 156
187 158
187 162
187 165
187 167
187 168
187 170
187 181
187 183
187 186
187 187
187 191
188 1
188 6
188 9
188 13
188 14
188 15
188 18
188 24
188 26
188 27
188 29
188 35
188 39
188 40
188 41
188 42
188 50
188 58
188 62
188 63
188 70
188 71
188 72
188 74
188 78
188 79
188 81
188 82
188 83
188 84
188 88
188 96
188 97
188 98
188 99
188 107
188 112
188 115
188 116
188 120
188 126
188 130
188 132
188 133
188 136
188 138
188 140
188 144
188 145
188 148
188 151
188 152
188 153
188 154
188 160
188 162
188 165
188 169
188 170
188 174
188 175
188 179
188 180
188 187
188 188
188 190
189 4
189 5
189 7
189 12
189 15
189 17
189 22
189 26
189 27
189 33
189 34
189 41
189 47
189 60
189 61
189 63
189 64
189 65
189 67
189 70
189 71
189 72
189 75
189 80
189 83
189 85
189 88
189 93
189 100
189 101
189 103
189 104
189 108
189 109
189 110
189 123
189 124
189 126
189 132
189 134
189 139
189 140
189 142
189 143
189 151
189 157
189 159
189 161
189 166
189 167
189 169
189 170
189 173
189 176
189 177
189 180
189 185
189 186
189 191
190 5
190 6
190 12
190 18
190 20
190 21
190 23
190 26
190 29
190 30
190 34
190 36
190 38
190 39
190 42
190 44
190 46
190 49
190 58
190 59
190 60
190 61
190 66
190 68
190 69
190 71
190 76
190 85
190 87
190 92
190 94
190 95
190 101
190 112
190 113
190 114
190 115
190 117
190 118
190 123
190 124
190 125
190 127
190 130
190 135
190 137
190 139
190 141
190 147
190 152
190 154
190 155
190 156
190 158
190 161
190 165
190 168
190 170
190 173
190 176
190 189
190 190
190 191
190 192
191 8
191 13
191 18
191 20
191 22
191 24
191 27
191 32
191 40
191 44
191 47
191 48
191 50
191 53
191 55
191 56
191 58
191 61
191 66
191 69
191 72
191 77
191 86
191 88
191 96
191 97
191 98
191 108
191 114
191 122
191 123
191 124
191 128
191 130
191 131
191 132
191 140
191 143
191 145
191 150
191 153
191 155
191 156
191 157
191 158
191 160
191 161
191 163
191 168
191 175
191 179
191 180
191 185
191 187
192 1
192 4
192 7
192 8
192 12
192 13
192 15
192 17
192 18
192 24
192 27
192 28
192 29
192 30
192 34
192 35
192 37
192 39
192 47
192 48
192 60
192 62
192 65
192 71
192 74
192 76
192 79
192 80
192 82
192 84
192 85
192 92
192 95
192 99
192 101
192 103
192 105
192 108
192 109
192 117
192 118
192 122
192 123
192 125
192 128
192 129
192 133
192 134
192 137
192 139
192 140
192 141
192 142
192 146
192 152
192 155
192 166
192 167
192 172
192 176
192 177
192 181
192 182
192 183
192 184
192 185
192 188
192 189
193 6
193 7
193 9
193 10
193 14
193 18
193 24
193 25
193 26
193 37
193 41
193 44
193 48
193 50
193 52
193 55
193 56
193 64
193 65
193 67
193 70
193 71
193 74
193 75
193 77
193 78
193 80
193 89
193 92
193 95
193 96
193 99
193 103
193 114
193 116
193 118
193 129
193 130
193 132
193 135
193 142
193 156
193 158
193 159
193 162
193 163
193 168
193 176
193 178
193 180
193 182
193 183
193 184
193 188
194 2
194 4
194 11
194 12
194 16
194 17
194 22
194 24
194 25
194 31
194 32
194 34
194 37
194 38
194 39
194 44
194 45
194 46
194 53
194 56
194 57
194 58
194 59
194 64
194 65
194 71
194 78
194 81
194 85
194 96
194 104
194 105
194 108
194 110
194 114
194 115
194 118
194 119
194 122
194 123
194 126
194 128
194 131
194 133
194 134
194 137
194 141
194 142
194 143
194 151
194 152
194 158
194 162
194 171
194 175
194 176
194 181
194 187
195 4
195 10
195 21
195 25
195 34
195 39
195 41
195 44
195 47
195 48
195 58
195 59
195 66
195 67
195 73
195 76
195 84
195 96
195 101
195 109
195 110
195 112
195 116
195 120
195 124
195 127
195 131
195 134
195 137
195 140
195 145
195 146
195 148
195 150
195 154
195 155
195 156
195 165
195 167
195 168
195 186
195 187
195 191
196 2
196 3
196 13
196 14
196 16
196 20
196 25
196 26
196 28
196 31
196 33
196 40
196 44
196 46
196 49
196 50
196 54
196 55
196 64
196 66
196 80
196 82
196 85
196 91
196 92
196 96
196 97
196 106
196 110
196 124
196 132
196 134
196 135
196 140
196 141
196 144
196 153
196 154
196 164
196 168
196 170
196 171
196 174
196 175
196 177
196 179
196 182
196 184
196 190
197 3
197 8
197 9
197 11
197 13
197 22
197 29
197 31
197 34
197 38
197 40
197 41
197 45
197 47
197 51
197 52
197 55
197 58
197 60
197 79
197 85
197 86
197 87
197 92
197 95
197 96
197 99
197 104
197 105
197 106
197 111
197 117
197 120
197 128
197 130
197 132
197 140
197 142
197 160
197 166
197 169
197 171
197 172
197 173
197 178
197 180
197 181
197 190
197 192
198 1
198 2
198 5
198 10
198 11
198 15
198 16
198 17
198 25
198 27
198 32
198 36
198 38
198 42
198 43
198 46
198 49
198 51
198 57
198 58
198 60
198 68
198 69
198 74
198 80
198 81
198 89
198 91
198 92
198 94
198 98
198 102
198 105
198 108
198 115
198 122
198 123
198 126
198 130
198 132
198 136
198 141
198 146
198 147
198 151
198 152
198 153
198 155
198 156
198 157
198 163
198 168
198 171
198 172
198 177
198 186
198 187
199 5
199 7
199 8
199 11
199 13
199 17
199 19
199 22
199 23
199 24
199 27
199 32
199 33
199 37
199 41
199 43
199 44
199 50
199 53
199 55
199 56
199 67
199 69
199 71
199 74
199 75
199 77
199 81
199 86
199 94
199 96
199 97
199 99
199 107
199 109
199 111
199 112
199 113
199 119
199 125
199 126
199 133
199 143
199 145
199 153
199 156
199 161
199 163
199 171
199 174
199 176
199 177
199 181
199 185
199 189
200 4
200 9
200 12
200 13
200 14
200 15
200 18
200 29
200 33
200 34
200 35
200 36
200 38
200 44
200 48
200 53
200 55
200 56
200 57
200 58
200 62
200 77
200 79
200 80
200 81
200 84
200 85
200 86
200 93
200 96
200 100
200 103
200 105
200 109
200 116
200 117
200 118
200 123
200 126
200 128
200 129
200 131
200 132
200 138
200 140
200 145
200 147
200 150
200 152
200 163
200 168
200 172
200 175
200 176
200 186
200 189
200 190
200 192
201 5
201 10
201 11
201 17
201 20
201 27
201 28
201 29
201 31
201 32
201 34
201 36
201 43
201 44
201 47
201 50
201 51
201 53
201 54
201 56
201 57
201 61
201 66
201 70
201 73
201 75
201 80
201 85
201 89
201 94
201 95
201 96
201 106
201 110
201 111
201 116
201 117
201 119
201 122
201 123
201 124
201 126
201 131
201 134
201 135
201 137
201 143
201 151
201 153
201 155
201 159
201 160
201 161
201 162
201 168
201 171
201 173
201 174
201 181
201 183
201 188
201 189
201 192
202 3
202 11
202 20
202 22
202 23
202 24
202 27
202 28
202 33
202 36
202 40
202 49
202 51
202 52
202 55
202 57
202 60
202 61
202 63
202 65
202 68
202 72
202 74
202 76
202 80
202 82
202 85
202 86
202 88
202 90
202 94
202 97
202 102
202 105
202 108
202 114
202 117
202 121
202 122
202 127
202 128
202 129
202 132
202 133
202 134
202 135
202 143
202 146
202 149
202 154
202 155
202 156
202 161
202 165
202 168
202 171
202 173
202 174
202 175
202 177
202 178
202 184
202 186
202 190
202 192
203 1
203 4
203 5
203 11
203 16
203 21
203 25
203 29
203 31
203 33
203 35
203 36
203 39
203 42
203 47
203 50
203 53
203 55
203 56
203 57
203 64
203 65
203 66
203 68
203 74
203 76
203 78
203 82
203 84
203 87
203 91
203 95
203 102
203 108
203 110
203 111
203 116
203 117
203 118
203 125
203 126
203 127
203 130
203 132
203 138
203 142
203 143
203 146
203 148
203 149
203 151
203 153
203 154
203 157
203 158
203 160
203 161
203 162
203 163
203 165
203 166
203 167
203 175
203 176
203 183
203 184
203 187
203 190
204 1
204 4
204 5
204 7
204 8
204 15
204 17
204 18
204 21
204 28
204 29
204 35
204 37
204 38
204 39
204 41
204 42
204 43
204 44
204 46
204 53
204 54
204 55
204 56
204 57
204 58
204 60
204 65
204 68
204 69
204 70
204 71
204 72
204 76
204 78
204 79
204 83
204 85
204 89
204 92
204 93
204 95
204 97
204 98
204 102
204 110
204 118
204 120
204 121
204 122
204 123
204 129
204 132
204 133
204 139
204 140
204 142
204 144
204 145
204 146
204 156
204 164
204 169
204 173
204 174
204 177
204 181
204 182
204 186
204 188
205 1
205 7
205 10
205 16
205 17
205 18
205 19
205 21
205 24
205 26
205 27
205 28
205 29
205 30
205 32
205 38
205 40
205 42
205 45
205 46
205 52
205 56
205 58
205 62
205 66
205 71
205 72
205 76
205 77
205 78
205 83
205 86
205 90
205 91
205 96
205 97
205 98
205 99
205 101
205 106
205 111
205 115
205 120
205 122
205 127
205 130
205 131
205 132
205 134
205 139
205 142
205 146
205 150
205 151
205 163
205 165
205 170
205 171
205 174
205 176
205 179
205 182
206 2
206 6
206 9
206 14
206 16
206 27
206 29
206 30
206 33
206 38
206 41
206 42
206 44
206 50
206 51
206 56
206 57
206 64
206 70
206 71
206 73
206 74
206 76
206 77
206 78
206 79
206 80
206 81
206 88
206 92
206 96
206 99
206 103
206 104
206 113
206 115
206 116
206 121
206 122
206 125
206 127
206 131
206 134
206 138
206 139
206 140
206 142
206 143
206 145
206 146
206 148
206 149
206 151
206 158
206 160
206 161
206 164
206 169
206 173
206 177
206 180
206 186
206 187
206 192
207 1
207 2
207 3
207 5
207 6
207 8
207 9
207 12
207 13
207 14
207 15
207 16
207 18
207 19
207 24
207 27
207 44
207 45
207 46
207 48
207 51
207 52
207 54
207 59
207 60
207 62
207 64
207 65
207 71
207 76
207 79
207 80
207 83
207 85
207 86
207 87
207 90
207 92
207 93
207 94
207 96
207 99
207 101
207 102
207 103
207 112
207 113
207 114
207 124
207 126
207 131
207 133
207 134
207 135
207 136
207 138
207 140
207 147
207 152
207 158
207 159
207 160
207 166
207 167
207 168
207 176
207 177
207 178
207 179
207 180
207 185
207 188
207 191
208 5
208 10
208 11
208 13
208 15
208 19
208 20
208 23
208 24
208 26
208 39
208 43
208 50
208 51
208 53
208 63
208 66
208 70
208 79
208 88
208 89
208 91
208 96
208 98
208 100
208 115
208 117
208 118
208 127
208 135
208 137
208 138
208 139
208 144
208 147
208 153
208 155
208 156
208 158
208 159
208 160
208 163
208 165
208 166
208 174
208 175
208 176
208 179
208 182
208 185
208 187
208 190
208 191
209 1
209 2
209 5
209 11
209 14
209 18
209 20
209 25
209 27
209 30
209 32
209 33
209 35
209 36
209 38
209 45
209 52
209 55
209 60
209 61
209 64
209 68
209 76
209 86
209 89
209 93
209 94
209 99
209 100
209 102
209 104
209 107
209 108
209 116
209 118
209 119
209 121
209 128
209 130
209 140
209 147
209 148
209 154
209 155
209 156
209 157
209 159
209 163
209 164
209 165
209 167
209 170
209 173
209 177
209 180
209 183
209 189
209 190
210 5
210 13
210 14
210 15
210 23
210 31
210 34
210 36
210 39
210 40
210 46
210 47
210 49
210 50
210 58
210 66
210 75
210 77
210 78
210 82
210 90
210 91
210 98
210 99
210 101
210 106
210 108
210 110
210 112
210 125
210 127
210 128
210 134
210 135
210 139
210 140
210 146
210 151
210 152
210 155
210 158
210 159
210 161
210 162
210 169
210 170
210 171
210 173
210 174
210 178
210 179
210 182
210 184
210 186
210 190
210 191
211 2
211 4
211 6
211 8
211 11
211 14
211 17
211 23
211 24
211 25
211 30
211 36
211 38
211 41
211 47
211 50
211 54
211 55
211 60
211 62
211 65
211 66
211 67
211 70
211 72
211 78
211 80
211 82
211 88
211 91
211 92
211 95
211 104
211 108
211 110
211 114
211 115
211 118
211 123
211 124
211 126
211 130
211 132
211 136
211 137
211 141
211 142
211 143
211 144
211 149
211 150
211 151
211 154
211 160
211 161
211 173
211 174
211 177
211 178
211 180
211 181
211 182
211 183
211 185
211 191
212 1
212 4
212 5
212 7
212 8
212 12
212 13
212 18
212 21
212 22
212 27
212 28
212 29
212 30
212 33
212 34
212 36
212 44
212 46
212 47
212 55
212 60
212 62
212 64
212 69
212 70
212 73
212 75
212 80
212 85
212 86
212 87
212 88
212 89
212 97
212 103
212 104
212 108
212 109
212 111
212 113
212 116
212 119
212 121
212 122
212 126
212 129
212 130
212 131
212 132
212 136
212 139
212 140
212 143
212 144
212 150
212 155
212 160
212 162
212 165
212 169
212 172
212 173
212 178
212 183
212 189
212 191
213 3
213 6
213 10
213 13
213 19
213 23
213 24
213 27
213 30
213 31
213 33
213 34
213 37
213 42
213 51
213 55
213 67
213 75
213 79
213 84
213 85
213 86
213 87
213 90
213 94
213 104
213 109
213 119
213 123
213 125
213 126
213 130
213 131
213 134
213 135
213 139
213 143
213 144
213 147
213 151
213 155
213 156
213 157
213 160
213 164
213 170
213 173
213 174
213 175
213 178
213 183
213 184
213 186
214 1
214 5
214 12
214 13
214 14
214 15
214 17
214 18
214 22
214 30
214 34
214 36
214 37
214 42
214 47
214 48
214 50
214 55
214 57
214 58
214 60
214 63
214 66
214 68
214 69
214 71
214 76
214 81
214 83
214 88
214 103
214 104
214 123
214 125
214 135
214 136
214 139
214 140
214 141
214 148
214 150
214 152
214 153
214 157
214 161
214 164
214 165
214 166
214 168
214 169
214 170
214 171
214 182
214 185
214 187
214 188
214 190
214 191
215 5
215 7
215 9
215 14
215 16
215 21
215 22
215 37
215 38
215 39
215 43
215 44
215 45
215 49
215 50
215 54
215 56
215 57
215 69
215 70
215 72
215 75
215 76
215 78
215 79
215 87
215 91
215 92
215 99
215 101
215 102
215 110
215 113
215 117
215 123
215 128
215 132
215 138
215 139
215 143
215 144
215 146
215 147
215 150
215 153
215 160
215 162
215 168
215 176
215 180
215 181
215 185
215 188
215 190
216 5
216 6
216 11
216 12
216 21
216 24
216 31
216 33
216 34
216 36
216 40
216 42
216 45
216 53
216 54
216 55
216 60
216 61
216 62
216 63
216 72
216 73
216 75
216 78
216 79
216 80
216 82
216 91
216 92
216 93
216 99
216 110
216 111
216 113
216 117
216 118
216 119
216 121
216 123
216 125
216 127
216 132
216 135
216 138
216 139
216 148
216 157
216 160
216 168
216 170
216 171
216 173
216 177
216 181
216 185
216 189
217 3
217 6
217 11
217 14
217 15
217 18
217 27
217 29
217 40
217 49
217 51
217 52
217 54
217 59
217 60
217 63
217 64
217 71
217 81
217 84
217 85
217 88
217 89
217 97
217 100
217 103
217 104
217 105
217 109
217 116
217 123
217 126
217 132
217 137
217 138
217 140
217 149
217 154
217 155
217 158
217 160
217 164
217 165
217 172
217 175
217 179
217 182
217 186
217 188
217 191
217 192
218 1
218 3
218 11
218 12
218 13
218 17
218 19
218 25
218 26
218 28
218 30
218 32
218 34
218 46
218 49
218 52
218 57
218 58
218 64
218 65
218 67
218 68
218 72
218 78
218 79
218 81
218 87
218 91
218 92
218 94
218 98
218 108
218 109
218 111
218 113
218 117
218 122
218 124
218 125
218 131
218 133
218 134
218 138
218 143
218 149
218 150
218 154
218 156
218 158
218 169
218 170
218 173
218 180
218 183
218 184
218 186
218 189
219 2
219 6
219 10
219 16
219 20
219 22
219 27
219 29
219 31
219 40
219 41
219 43
219 45
219 47
219 53
219 54
219 57
219 63
219 64
219 68
219 70
219 73
219 77
219 78
219 79
219 84
219 86
219 88
219 93
219 97
219 107
219 109
219 115
219 116
219 127
219 132
219 133
219 140
219 146
219 150
219 151
219 163
219 175
219 176
219 177
219 178
219 182
219 190
220 1
220 3
220 10
220 11
220 17
220 19
220 20
220 21
220 22
220 24
220 26
220 30
220 31
220 32
220 33
220 34
220 37
220 38
220 42
220 43
220 45
220 46
220 47
220 52
220 59
220 65
220 67
220 70
220 71
220 73
220 74
220 75
220 76
220 78
220 82
220 84
220 91
220 109
220 112
220 114
220 116
220 117
220 119
220 120
220 123
220 130
220 132
220 134
220 137
220 141
220 144
220 146
220 150
220 151
220 157
220 159
220 161
220 164
220 165
220 166
220 176
220 186
220 187
220 188
220 190
221 1
221 3
221 5
221 9
221 11
221 13
221 20
221 21
221 33
221 41
221 43
221 49
221 57
221 59
221 61
221 62
221 68
221 82
221 85
221 87
221 88
221 94
221 95
221 98
221 99
221 107
221 113
221 125
221 130
221 137
221 144
221 146
221 148
221 149
221 150
221 152
221 156
221 157
221 158
221 162
221 163
221 164
221 167
221 168
221 172
221 173
221 175
221 178
221 179
221 185
221 186
221 187
222 11
222 13
222 15
222 23
222 30
222 31
222 34
222 36
222 39
222 44
222 45
222 50
222 52
222 55
222 61
222 62
222 66
222 70
222 71
222 78
222 79
222 81
222 84
222 88
222 91
222 95
222 101
222 109
222 112
222 114
222 115
222 118
222 120
222 128
222 136
222 139
222 141
222 149
222 151
222 155
222 165
222 167
222 176
222 177
222 179
222 183
222 185
222 186
222 188
222 189
222 191
223 1
223 3
223 5
223 6
223 10
223 14
223 16
223 17
223 23
223 25
223 29
223 32
223 33
223 36
223 38
223 44
223 45
223 46
223 53
223 54
223 58
223 61
223 69
223 71
223 72
223 74
223 83
223 86
223 89
223 95
223 99
223 101
223 102
223 109
223 112
223 113
223 116
223 120
223 121
223 123
223 125
223 128
223 129
223 138
223 143
223 145
223 149
223 154
223 159
223 160
223 162
223 164
223 167
223 168
223 170
223 171
223 180
223 181
223 183
223 186
223 188
223 190
224 3
224 4
224 6
224 7
224 8
224 10
224 11
224 13
224 17
224 24
224 26
224 27
224 28
224 29
224 30
224 32
224 34
224 36
224 39
224 42
224 55
224 58
224 59
224 61
224 62
224 63
224 67
224 71
224 78
224 81
224 84
224 87
224 93
224 94
224 95
224 96
224 97
224 99
224 101
224 102
224 105
224 114
224 116
224 120
224 122
224 126
224 129
224 132
224 133
224 136
224 139
224 144
224 145
224 146
224 147
224 149
224 152
224 156
224 157
224 160
224 164
224 168
224 173
224 174
224 183
225 3
225 4
225 5
225 7
225 8
225 10
225 11
225 17
225 19
225 20
225 23
225 24
225 25
225 26
225 31
225 35
225 36
225 44
225 46
225 54
225 57
225 64
225 66
225 68
225 74
225 76
225 78
225 81
225 82
225 83
225 85
225 88
225 92
225 96
225 97
225 103
225 105
225 117
225 125
225 127
225 131
225 133
225 135
225 142
225 143
225 146
225 147
225 148
225 151
225 152
225 157
225 158
225 161
225 162
225 180
225 181
225 184
225 188
225 190
225 192
226 1
226 7
226 9
226 14
226 21
226 32
226 33
226 41
226 43
226 44
226 50
226 53
226 54
226 56
226 58
226 59
226 66
226 69
226 74
226 77
226 86
226 87
226 93
226 95
226 98
226 102
226 104
226 112
226 119
226 120
226 129
226 139
226 141
226 143
226 148
226 151
226 153
226 158
226 161
226 165
226 167
226 169
226 173
226 174
226 182
226 184
226 191
227 1
227 4
227 13
227 17
227 19
227 21
227 23
227 24
227 33
227 38
227 41
227 45
227 46
227 47
227 50
227 52
227 56
227 65
227 75
227 76
227 77
227 78
227 79
227 86
227 87
227 91
227 93
227 94
227 101
227 103
227 110
227 118
227 120
227 121
227 124
227 125
227 129
227 130
227 139
227 142
227 144
227 151
227 152
227 169
227 174
227 175
227 183
227 185
227 189
227 191
228 2
228 3
228 5
228 6
228 8
228 15
228 20
228 26
228 34
228 35
228 37
228 39
228 40
228 43
228 44
228 45
228 49
228 59
228 61
228 62
228 64
228 65
228 66
228 70
228 71
228 72
228 74
228 79
228 94
228 97
228 98
228 102
228 103
228 104
228 108
228 114
228 121
228 123
228 129
228 132
228 135
228 138
228 140
228 142
228 148
228 151
228 153
228 155
228 157
228 158
228 164
228 174
228 176
228 183
228 190
228 191
229 3
229 9
229 12
229 14
229 16
229 19
229 22
229 23
229 36
229 41
229 42
229 45
229 47
229 48
229 50
229 51
229 55
229 56
229 59
229 61
229 65
229 68
229 70
229 72
229 78
229 79
229 86
229 92
229 94
229 96
229 97
229 99
229 111
229 113
229 123
229 132
229 133
229 135
229 136
229 138
229 140
229 143
229 144
229 150
229 154
229 155
229 156
229 158
229 169
229 171
229 179
229 187
229 191
230 1
230 3
230 9
230 10
230 11
230 22
230 23
230 24
230 34
230 37
230 38
230 42
230 45
230 47
230 51
230 54
230 58
230 59
230 62
230 70
230 76
230 79
230 81
230 82
230 83
230 86
230 93
230 94
230 96
230 97
230 98
230 101
230 110
230 111
230 112
230 120
230 123
230 124
230 129
230 131
230 140
230 141
230 145
230 147
230 149
230 151
230 154
230 157
230 159
230 163
230 165
230 166
230 171
230 173
230 178
230 181
230 182
230 187
230 189
230 191
231 2
231 5
231 7
231 10
231 11
231 14
231 16
231 17
231 25
231 35
231 37
231 39
231 41
231 43
231 44
231 48
231 50
231 52
231 54
231 55
231 57
231 60
231 65
231 68
231 74
231 76
231 79
231 81
231 83
231 85
231 87
231 94
231 95
231 99
231 100
231 104
231 110
231 113
231 116
231 120
231 122
231 123
231 126
231 128
231 132
231 135
231 136
231 140
231 141
231 149
231 152
231 156
231 158
231 173
231 176
231 180
231 181
231 184
231 185
231 187
231 191
232 5
232 6
232 10
232 11
232 19
232 26
232 28
232 29
232 32
232 34
232 39
232 40
232 43
232 50
232 51
232 53
232 57
232 58
232 67
232 68
232 78
232 80
232 81
232 82
232 83
232 86
232 87
232 90
232 96
232 97
232 102
232 113
232 122
232 127
232 128
232 131
232 144
232 145
232 152
232 153
232 154
232 160
232 161
232 164
232 165
232 166
232 168
232 170
232 171
232 173
232 174
232 180
232 181
232 182
232 187
232 188
232 189
233 3
233 6
233 8
233 12
233 14
233 15
233 18
233 20
233 24
233 28
233 29
233 36
233 43
233 45
233 46
233 47
233 48
233 50
233 52
233 60
233 63
233 70
233 78
233 82
233 85
233 89
233 94
233 95
233 103
233 111
233 114
233 116
233 119
233 121
233 122
233 130
233 131
233 136
233 139
233 140
233 144
233 145
233 147
233 153
233 158
233 160
233 163
233 165
233 173
233 174
233 175
233 177
233 178
233 188
233 189
233 190
234 2
234 4
234 6
234 10
234 13
234 16
234 21
234 22
234 23
234 26
234 27
234 29
234 32
234 33
234 35
234 37
234 42
234 48
234 49
234 50
234 51
234 54
234 55
234 59
234 60
234 61
234 67
234 75
234 77
234 78
234 79
234 80
234 81
234 85
234 91
234 93
234 99
234 100
234 102
234 103
234 106
234 107
234 118
234 121
234 122
234 123
234 129
234 130
234 136
234 139
234 141
234 143
234 149
234 154
234 164
234 165
234 173
234 174
234 178
234 185
234 186
235 8
235 10
235 11
235 13
235 14
235 18
235 20
235 31
235 34
235 38
235 42
235 43
235 45
235 51
235 56
235 59
235 61
235 65
235 66
235 77
235 79
235 80
235 87
235 89
235 93
235 96
235 97
235 98
235 101
235 103
235 104
235 106
235 108
235 110
235 112
235 117
235 136
235 140
235 143
235 149
235 150
235 154
235 156
235 161
235 162
235 163
235 164
235 168
235 172
235 180
235 182
235 184
235 189
235 190
235 192
236 2
236 3
236 5
236 14
236 25
236 26
236 29
236 33
236 38
236 40
236 41
236 44
236 47
236 48
236 50
236 55
236 57
236 59
236 61
236 62
236 63
236 66
236 70
236 72
236 79
236 80
236 82
236 83
236 93
236 96
236 98
236 100
236 109
236 116
236 117
236 118
236 121
236 124
236 130
236 131
236 133
236 135
236 136
236 138
236 139
236 141
236 143
236 144
236 152
236 156
236 159
236 161
236 162
236 163
236 167
236 169
236 171
236 174
236 176
236 182
236 187
236 190
237 1
237 6
237 7
237 11
237 15
237 16
237 28
237 30
237 37
237 40
237 41
237 54
237 55
237 60
237 62
237 64
237 65
237 66
237 68
237 74
237 75
237 77
237 78
237 81
237 82
237 84
237 104
237 110
237 118
237 119
237 120
237 122
237 125
237 126
237 128
237 131
237 133
237 146
237 148
237 150
237 154
237 155
237 156
237 172
237 179
237 180
237 186
237 189
237 190
237 192
238 1
238 8
238 9
238 10
238 12
238 18
238 22
238 23
238 25
238 26
238 27
238 29
238 39
238 40
238 42
238 45
238 47
238 51
238 54
238 59
238 60
238 62
238 63
238 64
238 65
238 67
238 70
238 73
238 76
238 78
238 79
238 82
238 85
238 87
238 92
238 101
238 102
238 107
238 111
238 113
238 122
238 123
238 126
238 131
238 135
238 142
238 147
238 150
238 151
238 153
238 157
238 162
238 164
238 165
238 167
238 177
238 181
238 184
238 188
238 192
239 3
239 4
239 12
239 17
239 19
239 20
239 21
239 22
239 23
239 30
239 33
239 36
239 37
239 39
239 42
239 44
239 47
239 48
239 49
239 50
239 51
239 59
239 64
239 68
239 74
239 76
239 82
239 86
239 97
239 106
239 108
239 121
239 122
239 123
239 124
239 126
239 131
239 135
239 136
239 138
239 139
239 150
239 163
239 164
239 168
239 174
239 176
239 178
239 181
239 185
239 188
239 189
240 2
240 12
240 13
240 17
240 19
240 20
240 22
240 25
240 27
240 30
240 32
240 33
240 34
240 40
240 47
240 50
240 51
240 54
240 56
240 58
240 63
240 73
240 74
240 76
240 78
240 79
240 80
240 84
240 90
240 91
240 92
240 96
240 98
240 105
240 110
240 112
240 114
240 121
240 122
240 123
240 126
240 127
240 128
240 134
240 136
240 138
240 141
240 142
240 143
240 144
240 148
240 150
240 156
240 164
240 174
240 177
240 182
240 183
240 184
240 185
240 190
