40 32 363
1 1
1 4
1 6
1 8
1 16
1 18
1 20
1 21
1 22
1 24
1 25
1 26
1 27
2 7
2 11
2 12
2 13
2 14
2 17
2 18
2 22
2 24
2 29
2 32
3 1
3 5
3 7
3 10
3 11
3 12
3 17
3 22
3 25
3 26
4 9
4 10
4 12
4 13
4 20
4 21
4 30
4 32
5 3
5 5
5 6
5 11
5 14
5 15
5 19
5 25
5 26
5 29
5 30
6 1
6 2
6 13
6 14
6 15
6 23
6 29
6 31
7 1
7 3
7 12
7 14
7 16
7 17
7 22
7 30
8 4
8 7
8 26
9 1
9 6
9 8
9 9
9 12
9 13
9 15
9 18
9 21
9 24
10 5
10 6
10 8
10 9
10 12
10 13
10 14
10 18
10 19
10 21
10 26
11 2
11 4
11 5
11 8
11 11
11 15
11 16
11 22
11 23
12 3
12 6
12 10
12 17
12 23
12 26
12 27
12 29
12 32
13 4
13 7
13 16
13 18
13 21
13 22
13 26
13 27
14 1
14 2
14 10
14 12
14 14
14 15
14 16
14 17
14 20
14 22
14 29
14 30
15 3
15 4
15 6
15 7
15 14
15 21
15 30
16 4
16 9
16 18
16 20
16 23
16 25
16 29
16 30
16 32
17 1
17 5
17 6
17 7
17 13
17 14
17 18
17 19
17 21
18 1
18 2
18 3
18 11
18 13
18 27
18 28
18 32
19 6
19 7
19 9
19 13
19 15
19 19
19 23
19 25
19 26
19 28
19 29
19 31
20 1
20 3
20 5
20 10
20 12
20 15
20 17
20 18
20 21
21 4
21 10
21 16
21 24
21 25
21 29
21 31
21 32
22 1
22 7
22 19
22 30
23 3
23 4
23 5
23 8
23 14
23 15
23 16
23 19
23 20
23 23
23 24
23 28
23 31
24 3
24 7
24 8
24 11
24 16
24 21
24 24
25 4
25 10
25 14
25 19
25 21
25 22
25 24
25 31
26 4
26 9
26 18
26 23
26 24
26 26
26 30
27 3
27 4
27 14
27 18
27 21
27 22
27 27
27 32
28 4
28 9
28 10
28 11
28 21
28 22
28 23
28 24
28 26
28 27
28 29
28 31
28 32
29 2
29 8
29 9
29 13
29 17
29 18
29 24
29 25
29 30
30 1
30 11
30 12
30 14
30 20
30 30
30 31
31 6
31 11
31 13
31 14
31 18
31 20
31 30
31 32
32 5
32 7
32 8
32 10
32 11
32 12
32 13
32 15
32 20
32 23
32 26
32 29
32 32
33 3
33 8
33 15
33 18
33 19
33 20
33 22
33 23
33 26
33 31
34 2
34 4
34 5
34 15
34 16
34 17
34 24
34 31
35 1
35 2
35 4
35 8
35 10
35 11
35 13
35 20
35 22
35 31
35 32
36 4
36 9
36 11
36 14
36 16
36 17
36 18
36 23
36 27
37 2
37 7
37 16
37 17
37 18
37 22
37 26
37 27
37 31
38 4
38 5
38 6
38 8
38 14
38 15
38 17
38 29
38 31
38 32
39 3
39 6
39 8
39 9
39 10
39 12
39 16
39 17
39 20
39 23
39 24
39 27
40 5
40 7
40 23
40 27
