100 80 4788
1 1
1 4
1 5
1 7
1 10
1 11
1 12
1 13
1 15
1 17
1 20
1 22
1 27
1 28
1 29
1 31
1 33
1 34
1 36
1 37
1 38
1 40
1 41
1 42
1 43
1 44
1 47
1 48
1 49
1 52
1 54
1 56
1 58
1 61
1 64
1 66
1 67
1 68
1 70
1 72
1 73
1 74
1 76
1 78
2 1
2 2
2 4
2 6
2 7
2 9
2 10
2 12
2 13
2 14
2 16
2 17
2 21
2 22
2 23
2 24
2 25
2 26
2 28
2 29
2 30
2 31
2 32
2 34
2 35
2 39
2 40
2 41
2 43
2 45
2 47
2 48
2 51
2 52
2 53
2 54
2 56
2 57
2 58
2 62
2 63
2 64
2 65
2 66
2 67
2 68
2 69
2 70
2 71
2 72
2 73
2 75
2 76
2 77
2 78
3 1
3 2
3 4
3 5
3 6
3 8
3 9
3 12
3 13
3 14
3 15
3 16
3 17
3 18
3 19
3 20
3 23
3 24
3 26
3 27
3 28
3 29
3 30
3 31
3 35
3 36
3 37
3 40
3 41
3 42
3 43
3 44
3 45
3 46
3 48
3 50
3 51
3 52
3 54
3 55
3 56
3 57
3 61
3 62
3 63
3 64
3 66
3 69
3 70
3 72
3 75
3 76
3 79
4 1
4 2
4 3
4 4
4 5
4 6
4 7
4 8
4 9
4 10
4 11
4 12
4 13
4 14
4 16
4 17
4 18
4 19
4 21
4 22
4 23
4 24
4 25
4 26
4 27
4 28
4 29
4 30
4 33
4 34
4 38
4 41
4 42
4 46
4 50
4 51
4 53
4 54
4 55
4 57
4 58
4 59
4 60
4 61
4 62
4 69
4 70
4 71
4 72
4 73
4 75
4 78
4 79
5 3
5 4
5 5
5 6
5 7
5 8
5 9
5 10
5 12
5 13
5 14
5 15
5 17
5 20
5 21
5 22
5 23
5 25
5 26
5 29
5 30
5 31
5 32
5 35
5 36
5 37
5 41
5 42
5 44
5 45
5 46
5 47
5 48
5 49
5 50
5 51
5 53
5 54
5 55
5 58
5 62
5 63
5 66
5 68
5 69
5 70
5 71
5 72
5 73
5 74
5 76
5 78
5 79
5 80
6 2
6 4
6 5
6 10
6 11
6 12
6 13
6 15
6 19
6 21
6 23
6 26
6 28
6 30
6 31
6 32
6 33
6 36
6 38
6 40
6 41
6 42
6 46
6 47
6 48
6 49
6 50
6 51
6 53
6 54
6 55
6 56
6 59
6 60
6 62
6 63
6 64
6 65
6 67
6 68
6 71
6 74
6 78
6 80
7 4
7 6
7 8
7 9
7 14
7 15
7 16
7 19
7 20
7 21
7 23
7 25
7 26
7 27
7 29
7 30
7 31
7 32
7 34
7 35
7 36
7 37
7 40
7 43
7 44
7 46
7 47
7 48
7 49
7 50
7 51
7 52
7 54
7 55
7 58
7 60
7 61
7 62
7 63
7 64
7 65
7 66
7 67
7 68
7 69
7 71
7 72
7 73
7 74
7 75
7 76
7 77
8 1
8 3
8 6
8 8
8 9
8 10
8 13
8 15
8 17
8 18
8 20
8 21
8 24
8 25
8 28
8 29
8 30
8 34
8 37
8 38
8 41
8 42
8 43
8 44
8 46
8 50
8 51
8 53
8 55
8 56
8 57
8 58
8 59
8 60
8 61
8 65
8 68
8 69
8 71
8 72
8 75
8 76
8 77
8 78
8 79
9 2
9 4
9 6
9 8
9 9
9 11
9 13
9 14
9 15
9 16
9 17
9 18
9 19
9 23
9 26
9 28
9 29
9 30
9 31
9 32
9 33
9 34
9 35
9 37
9 38
9 39
9 44
9 45
9 47
9 48
9 54
9 56
9 57
9 58
9 59
9 60
9 61
9 62
9 63
9 67
9 68
9 69
9 71
9 75
9 76
9 77
9 78
9 79
9 80
10 2
10 3
10 5
10 6
10 7
10 9
10 10
10 11
10 13
10 14
10 15
10 19
10 21
10 22
10 26
10 27
10 28
10 30
10 31
10 32
10 34
10 35
10 36
10 37
10 38
10 39
10 40
10 41
10 42
10 43
10 46
10 47
10 49
10 50
10 53
10 54
10 55
10 56
10 58
10 60
10 61
10 63
10 64
10 65
10 69
10 70
10 71
10 72
10 73
10 74
10 76
10 79
10 80
11 2
11 4
11 5
11 6
11 7
11 8
11 9
11 13
11 14
11 15
11 17
11 23
11 25
11 26
11 29
11 32
11 33
11 34
11 35
11 36
11 37
11 38
11 41
11 42
11 43
11 44
11 45
11 46
11 48
11 49
11 50
11 51
11 54
11 55
11 57
11 59
11 60
11 61
11 62
11 63
11 65
11 66
11 67
11 68
11 69
11 70
11 71
11 72
11 73
11 74
11 76
11 78
11 79
11 80
12 4
12 5
12 6
12 7
12 8
12 10
12 12
12 13
12 14
12 16
12 18
12 20
12 24
12 27
12 28
12 29
12 32
12 33
12 35
12 36
12 38
12 39
12 41
12 45
12 46
12 49
12 50
12 51
12 53
12 54
12 55
12 57
12 58
12 61
12 62
12 64
12 66
12 68
12 69
12 70
12 71
12 73
12 76
12 78
12 79
12 80
13 2
13 4
13 9
13 11
13 13
13 14
13 15
13 16
13 18
13 19
13 21
13 22
13 23
13 24
13 26
13 29
13 31
13 33
13 37
13 38
13 39
13 48
13 49
13 51
13 56
13 57
13 59
13 60
13 61
13 63
13 65
13 66
13 67
13 68
13 69
13 70
13 72
13 75
13 76
13 80
14 1
14 3
14 7
14 9
14 10
14 11
14 12
14 13
14 14
14 15
14 17
14 18
14 20
14 22
14 23
14 24
14 25
14 26
14 27
14 28
14 30
14 31
14 32
14 33
14 34
14 36
14 38
14 40
14 42
14 43
14 44
14 46
14 47
14 48
14 51
14 52
14 53
14 57
14 58
14 59
14 60
14 61
14 62
14 63
14 66
14 67
14 68
14 69
14 71
14 72
14 73
14 74
14 75
14 76
14 77
14 78
15 1
15 2
15 3
15 4
15 7
15 8
15 9
15 11
15 12
15 14
15 15
15 17
15 18
15 21
15 22
15 23
15 28
15 29
15 30
15 32
15 33
15 34
15 35
15 36
15 38
15 41
15 43
15 44
15 46
15 49
15 50
15 53
15 54
15 55
15 56
15 57
15 58
15 60
15 61
15 62
15 63
15 65
15 66
15 69
15 70
15 75
15 76
15 77
15 80
16 1
16 3
16 5
16 7
16 9
16 11
16 13
16 14
16 15
16 17
16 18
16 19
16 21
16 22
16 24
16 25
16 27
16 29
16 30
16 32
16 33
16 36
16 37
16 39
16 41
16 44
16 45
16 46
16 47
16 48
16 52
16 53
16 54
16 55
16 56
16 57
16 59
16 60
16 61
16 63
16 64
16 65
16 68
16 73
16 75
16 77
16 78
16 79
16 80
17 3
17 4
17 6
17 8
17 9
17 10
17 11
17 15
17 17
17 21
17 23
17 25
17 29
17 31
17 32
17 33
17 35
17 36
17 37
17 38
17 39
17 41
17 42
17 43
17 44
17 45
17 46
17 48
17 49
17 50
17 52
17 53
17 54
17 55
17 56
17 58
17 59
17 60
17 61
17 62
17 63
17 64
17 67
17 68
17 70
17 73
17 74
17 75
17 76
17 77
17 78
17 79
17 80
18 3
18 4
18 8
18 9
18 13
18 14
18 15
18 16
18 17
18 20
18 22
18 23
18 27
18 28
18 29
18 30
18 31
18 34
18 35
18 36
18 37
18 38
18 39
18 40
18 41
18 42
18 43
18 44
18 46
18 48
18 49
18 50
18 52
18 55
18 57
18 58
18 59
18 63
18 66
18 68
18 70
18 72
18 73
18 74
18 75
18 78
19 1
19 4
19 5
19 6
19 10
19 11
19 12
19 13
19 14
19 15
19 16
19 17
19 20
19 21
19 25
19 27
19 28
19 34
19 35
19 39
19 40
19 42
19 43
19 45
19 46
19 49
19 52
19 55
19 56
19 57
19 60
19 61
19 63
19 65
19 67
19 68
19 69
19 70
19 72
19 74
19 75
19 76
19 77
20 1
20 2
20 4
20 7
20 8
20 10
20 13
20 15
20 17
20 19
20 20
20 21
20 22
20 23
20 24
20 25
20 28
20 29
20 30
20 31
20 32
20 33
20 35
20 37
20 38
20 39
20 40
20 41
20 42
20 43
20 46
20 47
20 48
20 49
20 51
20 52
20 53
20 54
20 56
20 58
20 59
20 60
20 61
20 63
20 64
20 67
20 72
20 73
20 74
20 75
20 77
21 3
21 4
21 6
21 7
21 8
21 9
21 10
21 11
21 12
21 13
21 14
21 17
21 18
21 19
21 20
21 21
21 22
21 24
21 26
21 27
21 28
21 29
21 30
21 31
21 32
21 33
21 34
21 35
21 36
21 40
21 41
21 42
21 43
21 44
21 45
21 48
21 50
21 51
21 53
21 56
21 57
21 59
21 60
21 62
21 63
21 64
21 65
21 66
21 67
21 69
21 70
21 71
21 72
21 73
21 74
21 75
21 76
21 77
21 78
21 80
22 2
22 5
22 6
22 7
22 8
22 9
22 10
22 13
22 14
22 16
22 18
22 25
22 28
22 29
22 31
22 32
22 34
22 36
22 40
22 42
22 43
22 44
22 46
22 49
22 50
22 51
22 53
22 54
22 56
22 58
22 60
22 62
22 63
22 64
22 66
22 68
22 69
22 72
22 73
22 74
22 76
22 78
23 3
23 4
23 8
23 11
23 12
23 13
23 14
23 15
23 16
23 19
23 20
23 24
23 26
23 27
23 29
23 30
23 31
23 33
23 35
23 36
23 37
23 40
23 41
23 42
23 43
23 49
23 50
23 53
23 55
23 57
23 59
23 61
23 62
23 63
23 64
23 66
23 71
23 73
23 75
23 76
23 77
23 78
23 79
23 80
24 4
24 5
24 7
24 9
24 10
24 11
24 12
24 13
24 15
24 18
24 19
24 20
24 21
24 24
24 25
24 26
24 28
24 30
24 31
24 32
24 33
24 35
24 40
24 41
24 42
24 44
24 46
24 47
24 49
24 50
24 51
24 52
24 53
24 54
24 55
24 57
24 58
24 59
24 61
24 62
24 65
24 66
24 68
24 69
24 70
24 73
24 74
24 75
24 77
24 78
24 79
24 80
25 1
25 2
25 4
25 6
25 9
25 10
25 11
25 12
25 14
25 15
25 18
25 23
25 25
25 31
25 32
25 34
25 35
25 37
25 39
25 41
25 45
25 46
25 47
25 48
25 49
25 54
25 58
25 59
25 60
25 61
25 63
25 64
25 66
25 68
25 69
25 70
25 71
25 72
25 73
25 75
25 76
25 79
25 80
26 2
26 3
26 5
26 6
26 8
26 9
26 11
26 12
26 14
26 15
26 17
26 19
26 22
26 24
26 27
26 29
26 30
26 36
26 41
26 42
26 45
26 48
26 51
26 52
26 53
26 55
26 57
26 59
26 61
26 65
26 66
26 67
26 68
26 69
26 70
26 72
26 73
26 76
27 1
27 3
27 5
27 6
27 7
27 10
27 11
27 12
27 14
27 17
27 18
27 21
27 24
27 25
27 26
27 27
27 28
27 30
27 31
27 33
27 34
27 35
27 36
27 40
27 42
27 43
27 45
27 46
27 48
27 49
27 50
27 52
27 53
27 54
27 55
27 56
27 57
27 58
27 59
27 60
27 61
27 62
27 63
27 64
27 66
27 68
27 70
27 71
27 72
27 73
27 76
28 3
28 5
28 7
28 8
28 9
28 12
28 14
28 15
28 18
28 22
28 25
28 26
28 27
28 28
28 29
28 30
28 31
28 32
28 33
28 36
28 37
28 38
28 39
28 40
28 41
28 42
28 44
28 45
28 47
28 50
28 52
28 55
28 59
28 60
28 61
28 63
28 65
28 67
28 68
28 70
28 72
28 73
28 74
28 77
28 78
29 1
29 2
29 6
29 7
29 8
29 9
29 10
29 12
29 13
29 14
29 15
29 18
29 20
29 22
29 23
29 26
29 30
29 31
29 33
29 34
29 37
29 38
29 41
29 42
29 43
29 44
29 45
29 46
29 49
29 50
29 51
29 54
29 56
29 57
29 60
29 65
29 66
29 67
29 68
29 70
29 71
29 74
29 75
29 77
29 78
29 79
30 1
30 2
30 3
30 4
30 5
30 6
30 10
30 11
30 12
30 13
30 14
30 15
30 16
30 17
30 22
30 23
30 24
30 25
30 29
30 30
30 31
30 32
30 33
30 34
30 35
30 37
30 38
30 43
30 44
30 45
30 46
30 47
30 48
30 50
30 51
30 54
30 55
30 56
30 60
30 61
30 62
30 65
30 67
30 69
30 71
30 73
30 76
30 77
30 79
30 80
31 2
31 4
31 6
31 10
31 12
31 15
31 16
31 17
31 19
31 20
31 22
31 23
31 24
31 27
31 28
31 29
31 30
31 31
31 34
31 35
31 36
31 37
31 38
31 39
31 40
31 42
31 44
31 45
31 48
31 49
31 51
31 52
31 53
31 54
31 55
31 58
31 59
31 60
31 62
31 63
31 65
31 66
31 67
31 68
31 69
31 70
31 71
31 74
31 75
31 76
31 78
31 79
32 1
32 2
32 4
32 5
32 6
32 10
32 12
32 13
32 19
32 20
32 21
32 23
32 24
32 25
32 26
32 27
32 28
32 30
32 32
32 33
32 34
32 37
32 40
32 41
32 44
32 45
32 47
32 48
32 49
32 50
32 53
32 54
32 55
32 57
32 58
32 59
32 60
32 61
32 62
32 63
32 64
32 68
32 69
32 71
32 72
32 73
32 75
32 76
32 77
32 80
33 1
33 2
33 5
33 6
33 7
33 9
33 10
33 14
33 16
33 17
33 19
33 20
33 21
33 23
33 24
33 28
33 31
33 32
33 33
33 35
33 37
33 41
33 44
33 45
33 47
33 49
33 50
33 52
33 54
33 55
33 56
33 57
33 58
33 60
33 61
33 63
33 64
33 65
33 66
33 67
33 68
33 70
33 71
33 72
33 75
33 77
33 79
33 80
34 2
34 6
34 7
34 8
34 12
34 14
34 15
34 16
34 18
34 21
34 25
34 29
34 30
34 31
34 35
34 39
34 42
34 43
34 45
34 47
34 48
34 50
34 51
34 52
34 53
34 54
34 55
34 60
34 61
34 62
34 63
34 64
34 65
34 66
34 67
34 68
34 69
34 70
34 71
34 73
34 74
34 75
34 76
34 78
34 79
34 80
35 3
35 4
35 7
35 8
35 9
35 10
35 12
35 14
35 16
35 17
35 18
35 21
35 22
35 23
35 25
35 26
35 27
35 29
35 30
35 31
35 32
35 33
35 34
35 39
35 41
35 42
35 43
35 45
35 50
35 51
35 54
35 56
35 59
35 63
35 64
35 65
35 66
35 67
35 69
35 71
35 72
35 73
35 74
35 75
35 77
35 79
35 80
36 1
36 3
36 5
36 7
36 9
36 10
36 11
36 12
36 13
36 14
36 16
36 17
36 18
36 20
36 22
36 25
36 26
36 27
36 29
36 30
36 31
36 33
36 34
36 37
36 39
36 40
36 41
36 43
36 44
36 47
36 49
36 50
36 51
36 53
36 55
36 56
36 57
36 65
36 66
36 67
36 69
36 70
36 71
36 73
36 74
36 75
36 76
36 77
37 1
37 4
37 5
37 6
37 10
37 11
37 14
37 17
37 19
37 20
37 21
37 22
37 27
37 28
37 29
37 30
37 31
37 32
37 37
37 38
37 39
37 40
37 42
37 44
37 45
37 46
37 48
37 50
37 53
37 55
37 56
37 57
37 58
37 60
37 61
37 63
37 67
37 68
37 72
37 73
37 74
37 75
37 76
37 79
38 2
38 3
38 5
38 6
38 7
38 10
38 11
38 12
38 13
38 14
38 17
38 19
38 20
38 23
38 25
38 27
38 28
38 29
38 31
38 32
38 33
38 36
38 37
38 40
38 41
38 46
38 47
38 49
38 50
38 51
38 52
38 54
38 55
38 56
38 57
38 58
38 59
38 60
38 62
38 63
38 64
38 65
38 66
38 67
38 68
38 69
38 70
38 71
38 72
38 74
38 75
38 78
38 79
38 80
39 1
39 2
39 3
39 4
39 6
39 8
39 9
39 11
39 12
39 17
39 19
39 20
39 22
39 23
39 24
39 25
39 27
39 28
39 29
39 31
39 34
39 35
39 36
39 37
39 39
39 41
39 43
39 45
39 46
39 47
39 49
39 50
39 53
39 54
39 55
39 58
39 59
39 60
39 61
39 64
39 66
39 67
39 68
39 69
39 71
39 73
39 77
40 3
40 5
40 6
40 7
40 9
40 11
40 12
40 14
40 15
40 16
40 18
40 20
40 21
40 25
40 32
40 33
40 35
40 36
40 39
40 42
40 43
40 45
40 47
40 50
40 53
40 54
40 55
40 61
40 63
40 64
40 65
40 66
40 67
40 69
40 70
40 71
40 72
40 73
40 76
40 77
40 78
40 80
41 1
41 2
41 3
41 5
41 7
41 8
41 11
41 14
41 17
41 18
41 19
41 20
41 21
41 23
41 25
41 26
41 27
41 28
41 29
41 30
41 33
41 34
41 35
41 38
41 40
41 42
41 44
41 45
41 47
41 48
41 49
41 50
41 53
41 55
41 57
41 58
41 59
41 60
41 64
41 67
41 68
41 69
41 70
41 71
41 75
41 78
41 80
42 1
42 7
42 9
42 10
42 11
42 12
42 14
42 15
42 16
42 21
42 22
42 26
42 27
42 29
42 30
42 31
42 33
42 35
42 36
42 38
42 40
42 42
42 43
42 44
42 47
42 48
42 51
42 53
42 54
42 58
42 59
42 60
42 61
42 64
42 67
42 69
42 70
42 72
42 73
42 74
42 75
42 76
42 77
42 78
42 79
43 1
43 2
43 3
43 5
43 7
43 8
43 11
43 13
43 15
43 17
43 18
43 24
43 25
43 29
43 31
43 35
43 38
43 39
43 40
43 41
43 42
43 44
43 46
43 47
43 49
43 50
43 51
43 52
43 54
43 57
43 58
43 59
43 60
43 65
43 67
43 68
43 69
43 70
43 72
43 73
43 75
43 76
43 77
44 1
44 2
44 3
44 5
44 9
44 10
44 12
44 13
44 15
44 16
44 21
44 22
44 24
44 25
44 26
44 29
44 31
44 32
44 34
44 35
44 36
44 37
44 38
44 40
44 41
44 43
44 45
44 46
44 48
44 52
44 53
44 55
44 57
44 58
44 59
44 61
44 62
44 65
44 68
44 69
44 70
44 72
44 73
44 74
44 75
44 76
44 77
44 78
44 79
44 80
45 1
45 2
45 3
45 4
45 5
45 6
45 7
45 8
45 9
45 11
45 12
45 13
45 14
45 15
45 16
45 17
45 19
45 20
45 22
45 23
45 25
45 30
45 34
45 35
45 38
45 39
45 40
45 42
45 43
45 44
45 47
45 48
45 49
45 50
45 51
45 52
45 53
45 54
45 55
45 57
45 58
45 59
45 61
45 62
45 63
45 64
45 69
45 71
45 72
45 73
45 76
45 77
45 78
45 80
46 1
46 3
46 5
46 6
46 7
46 10
46 13
46 18
46 19
46 21
46 22
46 25
46 27
46 31
46 32
46 33
46 34
46 36
46 37
46 38
46 41
46 45
46 48
46 50
46 51
46 52
46 53
46 55
46 56
46 57
46 60
46 61
46 62
46 63
46 64
46 65
46 66
46 67
46 68
46 69
46 74
46 76
46 80
47 1
47 2
47 3
47 8
47 9
47 10
47 12
47 14
47 15
47 16
47 17
47 19
47 20
47 22
47 23
47 25
47 26
47 27
47 30
47 37
47 40
47 41
47 42
47 43
47 46
47 47
47 50
47 51
47 53
47 55
47 57
47 58
47 59
47 60
47 61
47 62
47 63
47 64
47 65
47 67
47 68
47 69
47 70
47 71
47 72
47 74
47 77
47 78
48 1
48 3
48 4
48 6
48 7
48 8
48 9
48 10
48 11
48 12
48 13
48 14
48 16
48 17
48 18
48 19
48 21
48 22
48 23
48 26
48 27
48 28
48 29
48 31
48 32
48 33
48 34
48 40
48 41
48 43
48 44
48 46
48 49
48 51
48 52
48 55
48 56
48 58
48 60
48 62
48 63
48 68
48 70
48 73
48 77
48 79
48 80
49 1
49 6
49 8
49 10
49 11
49 12
49 14
49 15
49 17
49 18
49 20
49 21
49 25
49 26
49 27
49 28
49 29
49 34
49 36
49 38
49 42
49 43
49 45
49 46
49 47
49 49
49 50
49 51
49 53
49 54
49 55
49 56
49 57
49 58
49 59
49 61
49 62
49 69
49 71
49 72
49 73
49 76
49 77
49 78
49 79
49 80
50 2
50 3
50 7
50 8
50 10
50 12
50 15
50 16
50 17
50 19
50 21
50 23
50 26
50 27
50 28
50 29
50 30
50 31
50 32
50 34
50 36
50 37
50 38
50 41
50 42
50 43
50 44
50 46
50 48
50 52
50 59
50 60
50 64
50 67
50 68
50 69
50 70
50 71
50 74
50 76
50 79
51 3
51 5
51 7
51 8
51 9
51 10
51 11
51 12
51 13
51 14
51 16
51 22
51 25
51 28
51 29
51 31
51 32
51 34
51 36
51 38
51 40
51 41
51 42
51 43
51 44
51 46
51 47
51 49
51 50
51 51
51 54
51 55
51 58
51 60
51 61
51 62
51 64
51 65
51 67
51 68
51 69
51 72
51 73
51 74
51 77
51 78
52 1
52 2
52 4
52 5
52 6
52 8
52 9
52 10
52 11
52 12
52 14
52 15
52 18
52 19
52 21
52 24
52 26
52 29
52 30
52 31
52 35
52 36
52 37
52 39
52 41
52 42
52 43
52 47
52 48
52 51
52 52
52 55
52 59
52 61
52 62
52 63
52 66
52 67
52 68
52 69
52 71
52 72
52 74
52 75
52 76
52 77
52 79
53 1
53 2
53 3
53 5
53 6
53 8
53 9
53 12
53 13
53 16
53 17
53 18
53 19
53 20
53 21
53 22
53 23
53 25
53 26
53 27
53 32
53 35
53 37
53 38
53 39
53 40
53 41
53 42
53 44
53 45
53 46
53 48
53 50
53 54
53 56
53 57
53 59
53 60
53 61
53 62
53 63
53 65
53 67
53 69
53 70
53 71
53 72
53 73
53 74
53 75
53 77
53 78
53 79
53 80
54 4
54 5
54 10
54 13
54 14
54 15
54 17
54 18
54 21
54 22
54 23
54 24
54 25
54 26
54 27
54 29
54 32
54 33
54 34
54 35
54 38
54 39
54 41
54 43
54 45
54 54
54 55
54 56
54 57
54 58
54 61
54 62
54 63
54 65
54 68
54 69
54 70
54 73
54 74
54 75
54 76
54 79
55 1
55 3
55 4
55 5
55 6
55 9
55 10
55 13
55 14
55 16
55 18
55 19
55 21
55 22
55 25
55 28
55 31
55 32
55 33
55 34
55 35
55 37
55 42
55 43
55 44
55 45
55 46
55 47
55 49
55 50
55 54
55 55
55 57
55 58
55 64
55 65
55 66
55 68
55 71
55 72
55 73
55 75
55 76
55 77
55 78
55 79
56 1
56 2
56 3
56 4
56 5
56 6
56 7
56 8
56 9
56 10
56 16
56 17
56 18
56 19
56 20
56 22
56 23
56 28
56 30
56 31
56 33
56 35
56 36
56 37
56 38
56 40
56 41
56 42
56 44
56 45
56 46
56 48
56 50
56 51
56 52
56 56
56 57
56 58
56 59
56 60
56 61
56 62
56 65
56 66
56 67
56 69
56 70
56 71
56 72
56 73
56 74
56 75
56 76
56 77
56 79
57 2
57 4
57 6
57 7
57 8
57 9
57 11
57 12
57 14
57 15
57 17
57 18
57 19
57 22
57 24
57 26
57 27
57 28
57 29
57 31
57 34
57 38
57 40
57 41
57 42
57 43
57 45
57 46
57 47
57 49
57 51
57 52
57 53
57 55
57 56
57 58
57 59
57 60
57 61
57 63
57 67
57 68
57 69
57 70
57 74
57 75
57 77
57 78
57 80
58 2
58 4
58 7
58 8
58 11
58 12
58 15
58 16
58 21
58 22
58 23
58 24
58 26
58 27
58 31
58 32
58 33
58 34
58 36
58 37
58 38
58 39
58 40
58 41
58 46
58 47
58 49
58 50
58 51
58 52
58 53
58 54
58 56
58 60
58 63
58 64
58 68
58 70
58 73
58 74
58 76
58 77
58 78
58 79
58 80
59 2
59 3
59 5
59 6
59 7
59 8
59 11
59 12
59 13
59 15
59 16
59 17
59 18
59 19
59 20
59 21
59 24
59 25
59 26
59 28
59 30
59 31
59 32
59 35
59 36
59 38
59 39
59 43
59 44
59 45
59 46
59 47
59 49
59 51
59 52
59 53
59 55
59 56
59 57
59 58
59 60
59 61
59 62
59 64
59 65
59 68
59 69
59 70
59 71
59 76
59 77
59 78
59 79
59 80
60 1
60 3
60 4
60 5
60 10
60 11
60 12
60 13
60 14
60 17
60 18
60 19
60 20
60 21
60 22
60 24
60 26
60 27
60 30
60 31
60 32
60 34
60 35
60 36
60 37
60 39
60 40
60 41
60 42
60 43
60 44
60 45
60 46
60 47
60 48
60 50
60 53
60 54
60 58
60 61
60 62
60 63
60 64
60 67
60 68
60 69
60 71
60 72
60 73
60 76
60 77
60 78
60 79
60 80
61 2
61 6
61 8
61 9
61 10
61 11
61 12
61 14
61 15
61 16
61 17
61 18
61 19
61 22
61 24
61 26
61 27
61 28
61 29
61 32
61 34
61 36
61 38
61 39
61 40
61 41
61 43
61 47
61 48
61 50
61 51
61 52
61 53
61 54
61 55
61 56
61 57
61 59
61 60
61 62
61 64
61 66
61 67
61 68
61 69
61 70
61 73
61 74
61 75
61 79
62 1
62 3
62 4
62 5
62 7
62 8
62 9
62 10
62 12
62 13
62 14
62 16
62 17
62 18
62 19
62 20
62 21
62 22
62 23
62 25
62 26
62 27
62 28
62 30
62 36
62 37
62 39
62 40
62 44
62 47
62 48
62 49
62 50
62 52
62 54
62 56
62 58
62 59
62 60
62 61
62 62
62 63
62 65
62 68
62 69
62 70
62 71
62 72
62 73
62 76
62 80
63 3
63 4
63 7
63 10
63 12
63 13
63 17
63 19
63 20
63 26
63 28
63 29
63 32
63 35
63 36
63 37
63 38
63 40
63 41
63 42
63 44
63 48
63 49
63 51
63 53
63 54
63 55
63 56
63 57
63 63
63 64
63 65
63 66
63 67
63 70
63 71
63 72
63 74
63 75
63 76
63 78
63 79
64 1
64 2
64 3
64 5
64 6
64 10
64 11
64 13
64 14
64 19
64 20
64 21
64 25
64 26
64 28
64 29
64 30
64 31
64 32
64 35
64 36
64 38
64 39
64 40
64 44
64 45
64 49
64 51
64 52
64 54
64 55
64 56
64 58
64 61
64 62
64 63
64 65
64 67
64 69
64 70
64 71
64 72
64 73
64 74
64 75
64 76
64 78
64 79
65 1
65 2
65 4
65 6
65 7
65 12
65 13
65 14
65 15
65 17
65 18
65 21
65 22
65 23
65 25
65 28
65 29
65 31
65 32
65 34
65 35
65 38
65 39
65 40
65 41
65 42
65 44
65 45
65 46
65 47
65 48
65 49
65 51
65 54
65 55
65 56
65 60
65 61
65 62
65 63
65 64
65 65
65 68
65 69
65 70
65 72
65 73
65 74
65 75
65 76
65 77
65 79
65 80
66 1
66 2
66 3
66 5
66 6
66 8
66 9
66 11
66 13
66 17
66 21
66 25
66 27
66 28
66 29
66 33
66 34
66 35
66 36
66 38
66 40
66 42
66 43
66 45
66 46
66 47
66 48
66 49
66 50
66 52
66 54
66 55
66 58
66 59
66 60
66 62
66 66
66 68
66 69
66 70
66 71
66 72
66 77
66 79
67 2
67 5
67 6
67 7
67 8
67 10
67 11
67 12
67 15
67 16
67 18
67 19
67 20
67 21
67 22
67 25
67 26
67 29
67 30
67 36
67 37
67 40
67 41
67 43
67 44
67 45
67 46
67 47
67 50
67 53
67 54
67 55
67 56
67 58
67 59
67 60
67 62
67 65
67 68
67 69
67 70
67 71
67 72
67 73
67 74
67 77
67 80
68 1
68 2
68 4
68 5
68 9
68 13
68 14
68 16
68 18
68 21
68 22
68 26
68 27
68 29
68 31
68 32
68 36
68 38
68 40
68 43
68 44
68 48
68 50
68 51
68 52
68 53
68 56
68 58
68 59
68 60
68 63
68 66
68 67
68 69
68 70
68 71
68 76
68 77
68 79
69 1
69 2
69 3
69 4
69 5
69 6
69 7
69 9
69 12
69 14
69 15
69 16
69 18
69 20
69 22
69 24
69 25
69 28
69 29
69 32
69 33
69 36
69 37
69 38
69 39
69 40
69 41
69 43
69 44
69 45
69 46
69 47
69 50
69 51
69 54
69 56
69 57
69 58
69 59
69 61
69 67
69 68
69 69
69 71
69 72
69 74
69 75
69 77
69 78
69 80
70 7
70 8
70 9
70 11
70 13
70 15
70 16
70 17
70 18
70 20
70 21
70 23
70 24
70 25
70 30
70 31
70 32
70 35
70 36
70 38
70 40
70 42
70 44
70 48
70 50
70 51
70 52
70 55
70 57
70 58
70 59
70 60
70 61
70 62
70 65
70 66
70 68
70 70
70 71
70 72
70 76
70 77
70 80
71 1
71 2
71 3
71 4
71 5
71 6
71 8
71 9
71 11
71 13
71 14
71 16
71 17
71 18
71 22
71 23
71 24
71 25
71 26
71 27
71 30
71 33
71 38
71 40
71 41
71 44
71 45
71 48
71 49
71 51
71 52
71 54
71 55
71 56
71 58
71 60
71 61
71 63
71 64
71 66
71 68
71 69
71 70
71 71
71 72
71 73
71 74
71 75
71 76
71 77
71 80
72 2
72 3
72 4
72 6
72 7
72 8
72 11
72 12
72 13
72 15
72 16
72 17
72 20
72 21
72 22
72 26
72 28
72 29
72 32
72 36
72 37
72 40
72 41
72 42
72 43
72 44
72 45
72 46
72 47
72 49
72 52
72 55
72 57
72 58
72 59
72 60
72 61
72 62
72 69
72 70
72 71
72 75
72 76
72 78
73 1
73 3
73 4
73 5
73 6
73 8
73 10
73 11
73 13
73 14
73 15
73 16
73 18
73 19
73 22
73 23
73 24
73 25
73 27
73 29
73 31
73 33
73 34
73 35
73 36
73 37
73 38
73 39
73 40
73 41
73 42
73 44
73 46
73 47
73 48
73 50
73 53
73 54
73 55
73 57
73 62
73 63
73 64
73 66
73 67
73 68
73 69
73 70
73 71
73 72
73 75
73 76
73 77
73 80
74 1
74 3
74 4
74 9
74 12
74 14
74 15
74 17
74 18
74 19
74 20
74 21
74 22
74 24
74 25
74 26
74 29
74 30
74 31
74 33
74 34
74 35
74 36
74 40
74 43
74 45
74 47
74 51
74 52
74 53
74 54
74 55
74 57
74 58
74 59
74 60
74 62
74 64
74 65
74 66
74 67
74 68
74 70
74 73
74 74
74 75
74 76
74 77
74 79
75 1
75 2
75 5
75 6
75 7
75 8
75 9
75 10
75 13
75 15
75 16
75 17
75 18
75 21
75 24
75 26
75 27
75 28
75 31
75 32
75 34
75 36
75 37
75 39
75 40
75 46
75 48
75 49
75 50
75 51
75 52
75 53
75 54
75 55
75 56
75 58
75 59
75 61
75 63
75 64
75 66
75 68
75 69
75 70
75 71
75 73
75 75
75 76
75 79
75 80
76 2
76 4
76 5
76 8
76 9
76 10
76 14
76 15
76 16
76 21
76 24
76 26
76 27
76 28
76 29
76 30
76 32
76 33
76 34
76 35
76 36
76 38
76 39
76 43
76 44
76 45
76 49
76 50
76 51
76 53
76 54
76 55
76 57
76 58
76 61
76 62
76 66
76 67
76 68
76 71
76 72
76 75
76 76
76 77
76 78
76 80
77 3
77 5
77 8
77 9
77 12
77 13
77 14
77 17
77 19
77 20
77 21
77 22
77 24
77 26
77 28
77 33
77 36
77 38
77 39
77 42
77 43
77 46
77 47
77 48
77 49
77 50
77 51
77 53
77 54
77 56
77 57
77 61
77 62
77 63
77 64
77 66
77 67
77 70
77 72
77 73
77 74
77 75
77 76
77 78
77 80
78 1
78 2
78 5
78 6
78 8
78 9
78 10
78 11
78 12
78 15
78 17
78 18
78 20
78 21
78 22
78 24
78 25
78 26
78 29
78 30
78 33
78 34
78 35
78 36
78 37
78 38
78 39
78 40
78 41
78 44
78 45
78 47
78 49
78 52
78 53
78 55
78 58
78 60
78 62
78 66
78 67
78 69
78 70
78 71
78 72
78 73
78 74
78 75
78 76
78 77
78 79
79 1
79 3
79 4
79 5
79 6
79 7
79 8
79 10
79 11
79 13
79 14
79 15
79 16
79 18
79 19
79 22
79 24
79 25
79 29
79 30
79 32
79 34
79 36
79 39
79 41
79 42
79 43
79 46
79 50
79 51
79 53
79 54
79 55
79 56
79 59
79 60
79 62
79 63
79 64
79 65
79 67
79 69
79 70
79 74
79 75
79 76
79 77
79 78
80 1
80 2
80 3
80 5
80 6
80 8
80 13
80 17
80 19
80 20
80 21
80 24
80 25
80 27
80 28
80 31
80 32
80 34
80 35
80 36
80 37
80 38
80 40
80 43
80 44
80 46
80 48
80 49
80 53
80 54
80 55
80 56
80 57
80 59
80 60
80 62
80 63
80 64
80 65
80 67
80 68
80 69
80 72
80 73
80 75
80 76
80 77
80 80
81 2
81 3
81 4
81 8
81 10
81 14
81 15
81 16
81 20
81 24
81 25
81 26
81 27
81 28
81 29
81 32
81 33
81 35
81 36
81 39
81 42
81 45
81 48
81 49
81 51
81 54
81 55
81 57
81 59
81 62
81 64
81 65
81 66
81 70
81 71
81 72
81 74
81 75
81 76
81 80
82 2
82 3
82 7
82 9
82 10
82 11
82 12
82 15
82 17
82 18
82 19
82 21
82 23
82 27
82 28
82 30
82 31
82 32
82 34
82 36
82 38
82 41
82 44
82 45
82 50
82 51
82 52
82 53
82 54
82 57
82 62
82 65
82 66
82 68
82 71
82 72
82 73
82 74
82 76
82 77
82 78
82 79
82 80
83 1
83 2
83 3
83 4
83 6
83 7
83 8
83 9
83 10
83 13
83 14
83 15
83 16
83 18
83 22
83 24
83 25
83 26
83 27
83 28
83 29
83 30
83 32
83 35
83 36
83 39
83 41
83 43
83 44
83 46
83 49
83 51
83 53
83 54
83 55
83 56
83 58
83 60
83 61
83 62
83 63
83 65
83 66
83 67
83 69
83 70
83 71
83 72
83 75
83 76
83 77
83 78
84 1
84 3
84 4
84 5
84 7
84 8
84 10
84 13
84 15
84 16
84 18
84 19
84 20
84 23
84 26
84 29
84 30
84 31
84 33
84 34
84 35
84 36
84 37
84 38
84 40
84 42
84 45
84 47
84 49
84 50
84 51
84 53
84 55
84 64
84 65
84 67
84 69
84 70
84 72
84 73
84 74
84 75
84 76
84 77
84 78
85 2
85 3
85 4
85 6
85 7
85 8
85 9
85 10
85 11
85 13
85 14
85 18
85 19
85 20
85 21
85 23
85 24
85 25
85 26
85 31
85 34
85 38
85 39
85 41
85 42
85 44
85 48
85 50
85 51
85 53
85 55
85 56
85 58
85 59
85 61
85 62
85 64
85 65
85 66
85 68
85 71
85 73
85 75
85 76
85 77
85 79
85 80
86 2
86 4
86 5
86 8
86 10
86 11
86 13
86 14
86 15
86 16
86 17
86 19
86 21
86 22
86 25
86 26
86 27
86 30
86 31
86 33
86 34
86 36
86 37
86 39
86 40
86 45
86 46
86 47
86 48
86 49
86 51
86 52
86 53
86 55
86 57
86 58
86 59
86 60
86 61
86 62
86 63
86 65
86 66
86 68
86 71
86 72
86 74
86 79
86 80
87 1
87 2
87 3
87 4
87 5
87 6
87 7
87 11
87 13
87 14
87 15
87 16
87 17
87 20
87 21
87 22
87 23
87 24
87 25
87 29
87 30
87 31
87 32
87 33
87 38
87 39
87 40
87 41
87 43
87 44
87 45
87 47
87 50
87 51
87 54
87 55
87 57
87 58
87 60
87 61
87 62
87 63
87 66
87 67
87 68
87 69
87 70
87 73
87 74
87 75
87 77
87 78
87 79
87 80
88 2
88 5
88 9
88 11
88 12
88 13
88 14
88 15
88 16
88 18
88 20
88 22
88 23
88 24
88 25
88 26
88 27
88 28
88 29
88 30
88 31
88 33
88 35
88 37
88 40
88 41
88 42
88 43
88 47
88 48
88 50
88 51
88 54
88 55
88 56
88 57
88 58
88 61
88 62
88 63
88 64
88 65
88 66
88 68
88 70
88 71
88 72
88 73
88 75
88 77
88 78
88 80
89 2
89 4
89 5
89 6
89 7
89 8
89 12
89 14
89 15
89 16
89 22
89 26
89 27
89 29
89 30
89 31
89 32
89 33
89 34
89 36
89 37
89 39
89 41
89 42
89 43
89 44
89 46
89 47
89 48
89 49
89 50
89 51
89 56
89 57
89 59
89 60
89 61
89 62
89 63
89 64
89 65
89 66
89 67
89 68
89 71
89 72
89 73
89 74
89 77
89 78
89 79
90 1
90 5
90 6
90 7
90 8
90 10
90 11
90 12
90 14
90 15
90 18
90 19
90 22
90 23
90 24
90 25
90 26
90 27
90 28
90 30
90 31
90 32
90 33
90 34
90 35
90 36
90 39
90 41
90 42
90 43
90 44
90 45
90 46
90 47
90 49
90 50
90 55
90 56
90 59
90 60
90 61
90 64
90 65
90 67
90 69
90 72
90 73
90 75
90 76
90 77
90 78
91 1
91 2
91 3
91 4
91 8
91 10
91 12
91 14
91 15
91 16
91 18
91 20
91 21
91 24
91 26
91 27
91 28
91 30
91 32
91 34
91 36
91 37
91 38
91 39
91 44
91 45
91 46
91 47
91 48
91 49
91 52
91 53
91 57
91 58
91 60
91 65
91 66
91 67
91 71
91 73
91 75
91 76
91 77
91 79
91 80
92 4
92 13
92 14
92 15
92 16
92 17
92 19
92 20
92 22
92 25
92 26
92 27
92 28
92 33
92 34
92 35
92 36
92 37
92 38
92 40
92 43
92 44
92 46
92 47
92 49
92 54
92 55
92 56
92 57
92 58
92 62
92 63
92 65
92 66
92 70
92 72
92 75
92 77
92 78
92 79
92 80
93 1
93 4
93 5
93 6
93 7
93 9
93 11
93 13
93 14
93 16
93 18
93 19
93 20
93 21
93 24
93 25
93 26
93 27
93 29
93 30
93 31
93 33
93 34
93 35
93 36
93 38
93 39
93 42
93 43
93 44
93 47
93 48
93 49
93 50
93 52
93 53
93 54
93 57
93 58
93 60
93 62
93 63
93 64
93 65
93 66
93 68
93 69
93 71
93 72
93 73
93 75
93 76
93 77
93 78
93 80
94 2
94 3
94 4
94 6
94 7
94 8
94 9
94 10
94 11
94 12
94 13
94 15
94 16
94 18
94 20
94 21
94 23
94 24
94 26
94 31
94 32
94 33
94 34
94 38
94 39
94 40
94 41
94 44
94 45
94 47
94 48
94 50
94 51
94 53
94 54
94 56
94 62
94 63
94 66
94 67
94 69
94 70
94 73
94 74
94 78
94 79
95 1
95 4
95 10
95 11
95 12
95 13
95 14
95 15
95 17
95 18
95 20
95 22
95 23
95 25
95 26
95 27
95 29
95 31
95 34
95 35
95 38
95 40
95 41
95 42
95 43
95 45
95 47
95 48
95 49
95 50
95 53
95 56
95 60
95 61
95 62
95 63
95 64
95 65
95 66
95 68
95 70
95 71
95 72
95 73
95 75
95 78
95 79
95 80
96 1
96 2
96 4
96 5
96 8
96 11
96 16
96 17
96 18
96 20
96 21
96 22
96 25
96 27
96 28
96 31
96 33
96 34
96 35
96 39
96 41
96 42
96 44
96 46
96 47
96 48
96 51
96 52
96 54
96 55
96 56
96 57
96 59
96 60
96 61
96 62
96 63
96 64
96 65
96 72
96 74
96 75
96 77
96 78
96 80
97 1
97 2
97 3
97 6
97 7
97 8
97 9
97 10
97 11
97 12
97 16
97 20
97 22
97 25
97 26
97 27
97 28
97 32
97 33
97 35
97 37
97 40
97 42
97 45
97 46
97 49
97 51
97 52
97 55
97 58
97 59
97 60
97 62
97 63
97 64
97 65
97 67
97 71
97 73
97 74
97 77
97 78
97 80
98 1
98 6
98 8
98 9
98 10
98 18
98 21
98 22
98 23
98 24
98 26
98 28
98 29
98 33
98 34
98 36
98 37
98 39
98 40
98 45
98 49
98 50
98 51
98 52
98 53
98 54
98 55
98 56
98 57
98 59
98 60
98 61
98 64
98 67
98 68
98 70
98 72
98 73
98 75
98 77
98 78
98 80
99 1
99 2
99 3
99 5
99 6
99 7
99 10
99 12
99 15
99 16
99 18
99 19
99 20
99 23
99 24
99 25
99 26
99 27
99 30
99 32
99 33
99 35
99 36
99 38
99 40
99 41
99 43
99 48
99 50
99 55
99 57
99 58
99 59
99 61
99 62
99 64
99 65
99 66
99 72
99 74
99 75
99 76
99 78
99 79
99 80
100 1
100 2
100 3
100 4
100 5
100 8
100 10
100 14
100 15
100 17
100 19
100 21
100 23
100 25
100 26
100 27
100 28
100 31
100 32
100 34
100 35
100 36
100 37
100 39
100 40
100 41
100 42
100 44
100 45
100 46
100 50
100 51
100 52
100 56
100 57
100 60
100 61
100 63
100 65
100 67
100 68
100 69
100 70
100 71
100 73
100 74
100 79
