60 48 895
1 1
1 2
1 3
1 6
1 7
1 8
1 9
1 11
1 15
1 17
1 20
1 23
1 25
1 26
1 27
1 34
1 36
1 38
1 40
1 41
1 46
1 47
1 48
2 1
2 4
2 7
2 16
2 18
2 21
2 32
2 36
2 41
2 42
2 46
2 47
3 6
3 8
3 17
3 23
3 24
3 25
3 27
3 29
3 31
3 32
3 34
3 47
4 4
4 7
4 13
4 19
4 20
4 22
4 24
4 26
4 27
4 28
4 30
4 32
4 33
4 34
4 36
4 41
5 3
5 4
5 5
5 8
5 10
5 12
5 17
5 24
5 26
5 30
5 38
5 39
5 43
5 44
5 46
5 47
6 8
6 11
6 14
6 15
6 17
6 22
6 24
6 26
6 27
6 41
6 44
7 1
7 2
7 7
7 13
7 21
7 26
7 30
7 35
7 39
8 2
8 4
8 9
8 12
8 20
8 25
8 30
8 31
8 33
8 35
8 36
8 40
8 42
8 44
8 46
8 48
9 3
9 10
9 15
9 16
9 20
9 21
9 22
9 28
9 29
9 35
9 38
9 39
9 41
9 45
9 48
10 3
10 6
10 12
10 17
10 27
10 33
10 34
10 48
11 4
11 8
11 9
11 11
11 12
11 13
11 14
11 20
11 29
11 32
11 34
11 35
11 37
11 41
11 42
11 45
11 47
12 1
12 3
12 4
12 9
12 10
12 11
12 15
12 20
12 22
12 32
12 33
12 38
12 41
13 6
13 8
13 9
13 12
13 13
13 14
13 15
13 17
13 28
13 29
13 31
13 33
13 35
13 37
13 39
13 40
13 46
13 48
14 1
14 3
14 4
14 7
14 9
14 14
14 15
14 20
14 23
14 24
14 28
14 30
14 33
14 34
14 39
14 41
14 42
15 4
15 6
15 10
15 13
15 15
15 17
15 22
15 24
15 25
15 28
15 29
15 32
15 39
15 43
15 44
15 45
15 46
15 47
15 48
16 1
16 8
16 12
16 17
16 19
16 23
16 28
16 35
16 37
16 38
16 41
16 42
16 43
16 47
17 4
17 5
17 9
17 11
17 12
17 13
17 14
17 25
17 37
17 38
17 40
17 42
17 46
18 7
18 11
18 18
18 19
18 21
18 22
18 25
18 26
18 30
18 31
18 34
18 35
18 43
18 45
18 48
19 7
19 9
19 11
19 25
19 32
19 33
19 36
19 39
19 43
19 44
19 47
20 2
20 3
20 12
20 16
20 17
20 18
20 24
20 28
20 29
20 30
20 31
20 36
20 37
20 38
20 43
20 45
21 4
21 9
21 10
21 15
21 17
21 20
21 21
21 23
21 25
21 29
21 30
21 31
21 35
21 38
21 39
21 42
21 43
21 48
22 2
22 11
22 14
22 17
22 18
22 20
22 25
22 29
22 32
22 36
22 43
22 45
22 46
22 48
23 2
23 3
23 4
23 6
23 7
23 8
23 10
23 11
23 21
23 23
23 24
23 25
23 28
23 39
23 43
23 44
23 46
23 47
24 4
24 7
24 14
24 19
24 20
24 25
24 28
24 31
24 32
24 34
24 44
24 47
25 1
25 3
25 9
25 10
25 19
25 22
25 26
25 27
25 29
25 33
25 36
25 38
25 40
25 45
26 1
26 2
26 3
26 4
26 6
26 9
26 11
26 13
26 21
26 27
26 28
26 31
26 33
26 34
26 37
26 38
26 39
26 42
27 1
27 3
27 7
27 12
27 15
27 16
27 20
27 21
27 34
27 39
27 46
28 3
28 7
28 8
28 11
28 12
28 14
28 16
28 18
28 20
28 27
28 32
28 35
28 38
28 44
28 45
29 7
29 13
29 14
29 15
29 21
29 23
29 25
29 29
29 31
29 32
29 35
29 37
29 38
29 39
30 3
30 10
30 13
30 25
30 27
30 30
30 35
30 39
30 40
30 41
30 43
30 46
31 2
31 5
31 13
31 21
31 22
31 23
31 24
31 26
31 28
31 29
31 30
31 33
31 36
31 41
31 43
31 44
31 48
32 1
32 3
32 13
32 15
32 18
32 22
32 25
32 29
32 33
32 35
32 36
32 38
32 40
32 41
32 43
32 44
32 45
32 47
33 3
33 7
33 9
33 21
33 24
33 26
33 27
33 29
33 31
33 32
33 34
33 37
33 39
33 41
33 42
33 43
33 44
33 48
34 4
34 8
34 12
34 13
34 14
34 15
34 16
34 17
34 18
34 19
34 20
34 26
34 27
34 29
34 30
34 33
34 34
34 35
34 36
34 37
34 43
34 46
34 47
34 48
35 7
35 13
35 15
35 17
35 18
35 20
35 21
35 23
35 27
35 31
35 34
35 42
35 43
35 44
35 45
35 46
36 1
36 5
36 9
36 18
36 33
36 34
36 36
36 45
36 46
37 1
37 2
37 9
37 11
37 14
37 16
37 19
37 20
37 25
37 28
37 31
37 32
37 34
37 36
37 39
37 41
37 43
37 44
38 1
38 2
38 6
38 11
38 12
38 13
38 14
38 15
38 19
38 30
38 37
38 39
38 41
38 43
38 46
38 47
38 48
39 1
39 3
39 4
39 5
39 16
39 25
39 37
39 46
40 1
40 4
40 7
40 9
40 12
40 17
40 23
40 33
40 37
40 38
40 39
40 40
40 45
41 1
41 3
41 8
41 9
41 12
41 19
41 20
41 25
41 28
41 29
41 30
41 34
41 36
41 40
41 44
42 1
42 4
42 7
42 8
42 10
42 11
42 15
42 18
42 21
42 22
42 24
42 25
42 26
42 27
42 30
42 34
42 35
42 42
42 43
42 44
42 45
43 1
43 4
43 8
43 12
43 13
43 18
43 20
43 21
43 22
43 23
43 25
43 32
43 36
43 37
43 40
43 42
43 43
43 45
43 46
43 47
44 1
44 30
44 36
44 45
44 46
44 47
45 3
45 5
45 7
45 18
45 22
45 35
45 36
45 39
45 44
45 45
46 2
46 3
46 5
46 6
46 8
46 17
46 23
46 32
46 33
46 36
46 38
46 46
46 48
47 11
47 13
47 14
47 15
47 17
47 18
47 23
47 29
47 30
47 32
47 34
47 35
47 36
47 37
47 39
47 40
48 2
48 5
48 11
48 12
48 15
48 16
48 25
48 26
48 32
48 33
48 34
48 38
48 39
48 40
48 44
49 6
49 8
49 12
49 22
49 25
49 26
49 28
49 31
49 32
49 35
49 39
49 44
49 45
49 47
50 2
50 9
50 12
50 15
50 16
50 22
50 27
50 28
50 30
50 35
50 36
50 38
50 48
51 3
51 5
51 6
51 7
51 11
51 13
51 14
51 17
51 21
51 24
51 31
51 36
51 37
51 39
51 45
51 47
52 5
52 7
52 9
52 12
52 13
52 14
52 15
52 19
52 23
52 34
52 35
52 38
52 47
53 3
53 7
53 9
53 13
53 16
53 19
53 20
53 22
53 23
53 27
53 33
53 35
53 36
53 37
53 39
53 41
53 43
54 7
54 12
54 13
54 14
54 24
54 25
54 29
54 31
54 33
54 34
54 37
54 39
54 41
54 42
54 43
55 3
55 5
55 6
55 12
55 13
55 19
55 20
55 23
55 24
55 27
55 29
55 37
55 42
55 46
55 47
56 3
56 4
56 5
56 17
56 20
56 23
56 26
56 29
56 31
56 34
56 35
56 36
56 39
56 43
56 44
56 47
57 2
57 5
57 9
57 13
57 14
57 15
57 16
57 17
57 24
57 28
57 34
57 38
57 39
57 45
58 4
58 6
58 7
58 9
58 10
58 12
58 17
58 18
58 21
58 23
58 25
58 31
58 34
58 36
58 37
58 40
58 42
58 45
59 3
59 5
59 6
59 7
59 10
59 12
59 13
59 14
59 18
59 24
59 25
59 26
59 27
59 30
59 41
59 46
59 47
60 3
60 7
60 9
60 14
60 15
60 17
60 18
60 23
60 27
60 29
60 32
60 33
60 35
60 37
60 38
60 40
