200 160 9604
1 3
1 4
1 5
1 7
1 12
1 14
1 21
1 23
1 27
1 33
1 34
1 38
1 41
1 43
1 46
1 47
1 62
1 63
1 65
1 67
1 68
1 70
1 71
1 72
1 80
1 81
1 87
1 91
1 93
1 98
1 103
1 104
1 105
1 106
1 110
1 112
1 117
1 120
1 126
1 129
1 130
1 134
1 136
1 143
1 146
1 148
1 152
1 154
1 155
2 4
2 6
2 10
2 12
2 15
2 16
2 21
2 23
2 27
2 29
2 32
2 33
2 38
2 42
2 49
2 50
2 51
2 52
2 54
2 58
2 62
2 63
2 67
2 73
2 79
2 81
2 85
2 88
2 91
2 94
2 103
2 109
2 113
2 118
2 120
2 123
2 124
2 128
2 130
2 136
2 139
2 147
2 153
2 155
2 158
3 3
3 6
3 14
3 15
3 16
3 17
3 20
3 21
3 25
3 27
3 30
3 32
3 41
3 44
3 46
3 47
3 48
3 55
3 57
3 58
3 60
3 62
3 64
3 67
3 69
3 71
3 74
3 75
3 76
3 78
3 81
3 86
3 91
3 94
3 95
3 97
3 100
3 103
3 108
3 109
3 115
3 119
3 120
3 124
3 126
3 129
3 130
3 132
3 134
3 140
3 141
3 145
3 149
3 150
3 156
3 158
4 1
4 5
4 7
4 8
4 9
4 10
4 13
4 15
4 22
4 24
4 31
4 32
4 33
4 37
4 41
4 42
4 44
4 46
4 50
4 51
4 52
4 55
4 56
4 60
4 63
4 64
4 67
4 69
4 70
4 72
4 77
4 88
4 96
4 104
4 111
4 116
4 117
4 120
4 123
4 124
4 127
4 128
4 132
4 134
4 140
4 146
4 149
4 153
4 155
4 157
4 159
4 160
5 11
5 14
5 20
5 23
5 27
5 30
5 35
5 36
5 37
5 46
5 51
5 53
5 58
5 59
5 64
5 66
5 69
5 70
5 76
5 78
5 80
5 84
5 87
5 89
5 93
5 95
5 96
5 97
5 100
5 101
5 109
5 111
5 115
5 116
5 119
5 121
5 130
5 133
5 137
5 145
5 147
5 153
5 159
6 3
6 5
6 8
6 9
6 10
6 11
6 12
6 16
6 21
6 26
6 31
6 32
6 35
6 37
6 38
6 40
6 41
6 44
6 46
6 47
6 48
6 51
6 53
6 54
6 60
6 62
6 69
6 71
6 75
6 77
6 78
6 79
6 80
6 82
6 83
6 86
6 89
6 95
6 97
6 99
6 101
6 106
6 119
6 120
6 123
6 124
6 130
6 137
6 138
6 141
6 143
6 144
6 146
6 149
6 155
6 158
6 159
7 1
7 2
7 5
7 8
7 12
7 16
7 19
7 38
7 40
7 42
7 45
7 46
7 53
7 55
7 58
7 59
7 65
7 66
7 69
7 72
7 73
7 79
7 86
7 89
7 90
7 94
7 98
7 100
7 101
7 102
7 109
7 122
7 124
7 133
7 137
7 138
7 139
7 143
7 147
7 151
7 152
7 157
8 4
8 5
8 9
8 15
8 19
8 20
8 22
8 28
8 34
8 37
8 38
8 42
8 44
8 49
8 54
8 55
8 59
8 61
8 63
8 70
8 72
8 73
8 78
8 88
8 89
8 93
8 95
8 99
8 100
8 106
8 108
8 124
8 125
8 126
8 132
8 133
8 134
8 142
8 151
8 153
8 154
8 158
8 160
9 1
9 10
9 13
9 14
9 21
9 22
9 25
9 30
9 31
9 36
9 41
9 45
9 49
9 50
9 51
9 54
9 64
9 65
9 80
9 87
9 93
9 95
9 102
9 105
9 107
9 114
9 118
9 119
9 127
9 132
9 133
9 135
9 143
9 144
9 148
9 149
9 150
9 151
9 154
9 158
10 1
10 9
10 15
10 17
10 21
10 22
10 26
10 29
10 32
10 35
10 37
10 47
10 49
10 52
10 54
10 56
10 58
10 59
10 61
10 63
10 64
10 70
10 71
10 73
10 75
10 76
10 77
10 80
10 83
10 84
10 87
10 96
10 97
10 100
10 105
10 110
10 113
10 117
10 119
10 131
10 144
10 145
10 147
10 150
10 157
10 158
10 159
11 7
11 9
11 11
11 12
11 13
11 14
11 16
11 29
11 33
11 39
11 45
11 53
11 56
11 58
11 66
11 69
11 75
11 76
11 77
11 79
11 82
11 83
11 84
11 85
11 86
11 89
11 90
11 93
11 103
11 107
11 108
11 109
11 114
11 115
11 116
11 118
11 122
11 124
11 125
11 127
11 136
11 137
11 140
11 142
11 143
11 144
11 147
11 148
11 150
11 151
11 152
11 153
11 155
11 156
11 158
11 160
12 2
12 3
12 9
12 11
12 12
12 17
12 18
12 27
12 28
12 29
12 35
12 39
12 40
12 44
12 49
12 52
12 55
12 65
12 66
12 67
12 69
12 71
12 73
12 74
12 75
12 76
12 79
12 81
12 82
12 84
12 85
12 87
12 88
12 89
12 90
12 92
12 94
12 97
12 99
12 100
12 104
12 107
12 111
12 112
12 114
12 115
12 117
12 118
12 120
12 122
12 127
12 129
12 139
12 142
12 144
12 146
12 155
12 157
13 4
13 6
13 10
13 14
13 19
13 20
13 34
13 35
13 41
13 42
13 43
13 46
13 50
13 54
13 58
13 60
13 61
13 65
13 68
13 72
13 74
13 76
13 78
13 79
13 91
13 106
13 109
13 118
13 124
13 126
13 127
13 129
13 130
13 134
13 139
13 143
13 144
13 147
13 148
13 150
13 151
13 153
13 154
13 155
13 157
13 159
14 1
14 9
14 12
14 13
14 15
14 18
14 26
14 28
14 30
14 37
14 44
14 47
14 50
14 53
14 54
14 59
14 61
14 62
14 64
14 66
14 67
14 69
14 75
14 78
14 81
14 83
14 86
14 89
14 92
14 99
14 102
14 104
14 111
14 112
14 115
14 116
14 119
14 124
14 128
14 129
14 135
14 140
14 147
14 154
14 158
15 2
15 4
15 7
15 8
15 15
15 19
15 25
15 26
15 27
15 28
15 31
15 32
15 40
15 49
15 50
15 53
15 55
15 58
15 65
15 67
15 69
15 76
15 77
15 89
15 91
15 93
15 96
15 100
15 101
15 102
15 104
15 107
15 113
15 115
15 116
15 118
15 122
15 127
15 129
15 134
15 135
15 137
15 140
15 142
15 145
15 149
15 155
16 2
16 7
16 11
16 13
16 14
16 17
16 19
16 22
16 28
16 31
16 35
16 36
16 39
16 43
16 45
16 51
16 53
16 55
16 66
16 67
16 68
16 72
16 73
16 74
16 77
16 78
16 85
16 87
16 88
16 91
16 92
16 96
16 99
16 102
16 103
16 104
16 105
16 113
16 116
16 123
16 125
16 130
16 131
16 135
16 139
16 140
16 143
16 146
16 147
16 148
16 154
16 155
16 157
16 158
16 159
17 2
17 4
17 5
17 6
17 8
17 10
17 16
17 19
17 21
17 22
17 23
17 31
17 34
17 37
17 39
17 42
17 43
17 56
17 57
17 61
17 63
17 72
17 74
17 80
17 86
17 87
17 89
17 91
17 92
17 93
17 94
17 95
17 101
17 106
17 108
17 110
17 111
17 112
17 118
17 119
17 125
17 127
17 134
17 138
17 142
17 143
17 150
17 153
17 154
17 156
17 158
17 160
18 1
18 3
18 4
18 5
18 8
18 9
18 23
18 26
18 29
18 30
18 33
18 34
18 36
18 43
18 44
18 56
18 58
18 61
18 64
18 65
18 66
18 71
18 76
18 77
18 80
18 81
18 82
18 88
18 91
18 93
18 95
18 98
18 105
18 109
18 112
18 114
18 118
18 124
18 125
18 129
18 131
18 137
18 146
18 149
18 158
19 8
19 19
19 21
19 22
19 24
19 25
19 37
19 39
19 40
19 43
19 50
19 51
19 54
19 61
19 66
19 72
19 78
19 80
19 83
19 84
19 93
19 95
19 103
19 107
19 108
19 112
19 113
19 117
19 121
19 122
19 125
19 127
19 128
19 129
19 131
19 132
19 138
19 141
19 142
19 143
19 146
19 153
19 157
20 2
20 8
20 9
20 10
20 12
20 17
20 18
20 22
20 25
20 26
20 27
20 31
20 32
20 36
20 38
20 39
20 41
20 45
20 47
20 50
20 54
20 57
20 59
20 61
20 65
20 79
20 82
20 84
20 88
20 89
20 93
20 95
20 98
20 104
20 106
20 110
20 114
20 118
20 123
20 124
20 125
20 133
20 134
20 136
20 141
20 143
20 149
20 150
20 151
20 156
20 157
20 159
21 1
21 2
21 4
21 5
21 6
21 10
21 12
21 13
21 20
21 22
21 23
21 27
21 28
21 30
21 34
21 35
21 36
21 42
21 43
21 47
21 48
21 50
21 51
21 54
21 56
21 57
21 62
21 65
21 69
21 71
21 81
21 83
21 84
21 87
21 92
21 94
21 96
21 99
21 101
21 109
21 110
21 114
21 121
21 124
21 125
21 127
21 133
21 134
21 135
21 136
21 147
21 149
21 150
21 152
21 155
21 159
21 160
22 4
22 5
22 10
22 16
22 18
22 22
22 34
22 35
22 39
22 40
22 42
22 43
22 48
22 57
22 68
22 69
22 72
22 77
22 78
22 83
22 86
22 99
22 101
22 102
22 106
22 118
22 126
22 127
22 131
22 135
22 140
22 144
22 146
22 147
22 149
22 154
22 155
22 157
22 160
23 5
23 7
23 11
23 13
23 14
23 23
23 24
23 27
23 29
23 30
23 31
23 34
23 36
23 41
23 46
23 47
23 48
23 49
23 55
23 61
23 62
23 67
23 70
23 71
23 74
23 79
23 80
23 83
23 84
23 87
23 90
23 102
23 117
23 119
23 131
23 138
23 142
23 149
23 150
23 151
23 155
24 3
24 9
24 11
24 12
24 14
24 15
24 17
24 19
24 24
24 25
24 27
24 28
24 30
24 33
24 37
24 39
24 45
24 46
24 47
24 53
24 56
24 58
24 59
24 60
24 62
24 63
24 64
24 65
24 70
24 71
24 77
24 81
24 82
24 87
24 98
24 106
24 108
24 112
24 113
24 118
24 121
24 125
24 128
24 133
24 138
24 144
24 145
24 149
24 150
24 152
24 154
24 156
24 158
24 159
25 1
25 2
25 5
25 6
25 8
25 10
25 20
25 23
25 24
25 26
25 27
25 33
25 36
25 44
25 49
25 51
25 53
25 54
25 57
25 58
25 60
25 72
25 74
25 77
25 88
25 89
25 90
25 92
25 93
25 97
25 118
25 119
25 120
25 129
25 131
25 139
25 141
25 142
25 144
25 147
25 149
25 150
25 152
25 156
25 158
26 2
26 5
26 7
26 8
26 9
26 14
26 16
26 22
26 24
26 29
26 30
26 32
26 34
26 35
26 36
26 38
26 40
26 44
26 46
26 47
26 49
26 50
26 61
26 62
26 66
26 74
26 79
26 84
26 89
26 94
26 95
26 99
26 100
26 102
26 107
26 108
26 111
26 114
26 120
26 123
26 126
26 127
26 129
26 132
26 133
26 138
26 141
26 142
26 147
26 151
26 157
27 1
27 3
27 4
27 10
27 11
27 14
27 17
27 18
27 19
27 23
27 25
27 31
27 32
27 33
27 43
27 44
27 52
27 53
27 55
27 61
27 70
27 71
27 72
27 73
27 78
27 79
27 81
27 84
27 86
27 87
27 90
27 92
27 94
27 97
27 98
27 99
27 100
27 104
27 109
27 110
27 111
27 128
27 138
27 141
27 145
27 147
27 149
27 156
27 159
28 5
28 7
28 9
28 11
28 16
28 18
28 22
28 23
28 28
28 30
28 31
28 34
28 35
28 38
28 39
28 42
28 44
28 55
28 59
28 64
28 67
28 72
28 79
28 80
28 88
28 89
28 93
28 94
28 101
28 102
28 103
28 106
28 111
28 113
28 114
28 121
28 122
28 133
28 135
28 137
28 142
28 143
28 147
28 149
28 154
28 158
28 160
29 3
29 6
29 8
29 16
29 21
29 25
29 26
29 27
29 28
29 37
29 39
29 40
29 43
29 54
29 55
29 56
29 69
29 71
29 73
29 77
29 79
29 81
29 87
29 92
29 98
29 109
29 115
29 116
29 118
29 119
29 123
29 125
29 128
29 129
29 131
29 132
29 140
29 143
29 144
29 145
29 149
29 150
29 152
29 153
29 155
29 156
29 157
30 1
30 2
30 3
30 6
30 16
30 19
30 22
30 23
30 28
30 32
30 33
30 34
30 35
30 39
30 42
30 45
30 46
30 48
30 50
30 54
30 60
30 62
30 65
30 66
30 68
30 72
30 75
30 76
30 77
30 78
30 88
30 89
30 93
30 95
30 98
30 101
30 111
30 114
30 122
30 125
30 136
30 141
30 143
30 144
30 146
30 150
30 154
30 155
30 156
31 2
31 6
31 13
31 15
31 20
31 21
31 22
31 28
31 35
31 37
31 40
31 47
31 51
31 53
31 54
31 56
31 69
31 70
31 71
31 74
31 76
31 83
31 86
31 87
31 91
31 94
31 97
31 98
31 102
31 103
31 104
31 105
31 107
31 108
31 111
31 113
31 115
31 117
31 121
31 124
31 126
31 128
31 132
31 134
31 135
31 143
31 145
31 155
32 2
32 3
32 4
32 5
32 9
32 10
32 16
32 25
32 27
32 30
32 35
32 37
32 39
32 40
32 43
32 46
32 47
32 52
32 54
32 56
32 57
32 58
32 61
32 65
32 66
32 68
32 69
32 72
32 74
32 76
32 77
32 80
32 84
32 89
32 90
32 104
32 107
32 108
32 110
32 111
32 117
32 125
32 127
32 137
32 139
32 144
32 146
32 147
32 148
32 150
32 152
32 154
32 155
32 159
33 1
33 2
33 4
33 6
33 8
33 11
33 13
33 21
33 28
33 31
33 32
33 35
33 41
33 42
33 48
33 49
33 55
33 56
33 57
33 58
33 59
33 60
33 64
33 67
33 71
33 75
33 76
33 77
33 78
33 79
33 81
33 89
33 90
33 91
33 109
33 110
33 111
33 113
33 119
33 122
33 127
33 131
33 133
33 134
33 138
33 142
33 147
33 148
33 154
33 160
34 3
34 8
34 9
34 10
34 18
34 19
34 26
34 35
34 38
34 45
34 49
34 60
34 62
34 71
34 73
34 75
34 76
34 84
34 87
34 88
34 90
34 91
34 93
34 96
34 97
34 98
34 99
34 100
34 101
34 102
34 105
34 110
34 113
34 114
34 115
34 116
34 118
34 119
34 124
34 125
34 127
34 130
34 131
34 132
34 133
34 135
34 137
34 151
34 153
34 155
34 158
35 3
35 4
35 5
35 13
35 16
35 17
35 23
35 24
35 26
35 27
35 28
35 31
35 32
35 36
35 37
35 41
35 53
35 58
35 59
35 63
35 70
35 75
35 79
35 80
35 85
35 87
35 88
35 96
35 97
35 107
35 112
35 116
35 120
35 121
35 124
35 129
35 131
35 132
35 133
35 137
35 140
35 145
35 149
35 150
35 154
36 3
36 4
36 5
36 8
36 13
36 14
36 21
36 24
36 27
36 29
36 33
36 36
36 40
36 41
36 44
36 46
36 51
36 53
36 58
36 59
36 61
36 64
36 70
36 71
36 78
36 79
36 80
36 82
36 84
36 85
36 89
36 93
36 95
36 96
36 97
36 98
36 107
36 108
36 115
36 120
36 121
36 134
36 139
36 145
36 146
36 149
36 151
36 154
36 160
37 1
37 6
37 8
37 14
37 18
37 23
37 27
37 28
37 35
37 36
37 40
37 41
37 43
37 45
37 48
37 49
37 51
37 52
37 54
37 60
37 61
37 76
37 77
37 91
37 96
37 101
37 107
37 110
37 114
37 117
37 119
37 122
37 127
37 131
37 133
37 141
37 143
37 146
37 150
37 153
38 2
38 4
38 8
38 10
38 11
38 13
38 22
38 23
38 25
38 26
38 28
38 31
38 40
38 42
38 44
38 45
38 49
38 52
38 55
38 56
38 65
38 69
38 70
38 73
38 84
38 85
38 87
38 89
38 92
38 102
38 104
38 108
38 109
38 110
38 116
38 117
38 119
38 127
38 133
38 137
38 140
38 145
38 147
38 151
38 153
38 159
39 1
39 2
39 3
39 4
39 7
39 9
39 10
39 12
39 13
39 15
39 18
39 22
39 26
39 31
39 36
39 37
39 38
39 39
39 40
39 42
39 48
39 49
39 58
39 68
39 72
39 73
39 78
39 80
39 84
39 86
39 88
39 89
39 90
39 92
39 93
39 94
39 95
39 97
39 98
39 100
39 110
39 117
39 118
39 120
39 121
39 124
39 125
39 127
39 129
39 137
39 149
39 152
39 155
39 156
40 3
40 4
40 5
40 6
40 7
40 10
40 11
40 19
40 23
40 27
40 28
40 29
40 36
40 39
40 41
40 44
40 48
40 50
40 51
40 58
40 60
40 72
40 73
40 75
40 80
40 92
40 94
40 100
40 104
40 109
40 110
40 116
40 120
40 122
40 127
40 136
40 143
40 152
40 155
40 156
40 159
41 4
41 5
41 11
41 16
41 21
41 26
41 29
41 31
41 33
41 35
41 36
41 37
41 40
41 46
41 47
41 49
41 54
41 57
41 59
41 66
41 67
41 77
41 82
41 90
41 104
41 105
41 108
41 112
41 113
41 122
41 125
41 132
41 133
41 134
41 135
41 136
41 137
41 140
41 141
41 142
41 144
41 149
41 150
41 156
41 157
42 1
42 2
42 22
42 26
42 28
42 29
42 32
42 34
42 36
42 38
42 40
42 42
42 47
42 53
42 56
42 59
42 64
42 73
42 79
42 80
42 87
42 88
42 93
42 98
42 100
42 104
42 105
42 106
42 113
42 114
42 123
42 125
42 131
42 132
42 135
42 139
42 143
42 144
42 146
42 147
42 156
42 158
43 1
43 2
43 5
43 9
43 10
43 11
43 12
43 14
43 15
43 18
43 22
43 24
43 30
43 31
43 34
43 35
43 37
43 38
43 39
43 40
43 41
43 43
43 48
43 49
43 53
43 55
43 56
43 60
43 61
43 62
43 65
43 72
43 86
43 88
43 89
43 91
43 94
43 99
43 101
43 102
43 105
43 111
43 123
43 131
43 132
43 133
43 136
43 138
43 141
43 151
43 154
43 158
44 2
44 12
44 20
44 25
44 31
44 35
44 37
44 39
44 40
44 44
44 48
44 50
44 52
44 53
44 56
44 57
44 58
44 68
44 77
44 78
44 80
44 82
44 84
44 86
44 92
44 93
44 98
44 100
44 107
44 108
44 120
44 124
44 125
44 129
44 133
44 135
44 138
44 143
44 150
44 152
44 153
44 155
44 158
45 5
45 6
45 7
45 8
45 9
45 10
45 19
45 20
45 22
45 23
45 24
45 25
45 38
45 49
45 50
45 53
45 62
45 63
45 64
45 71
45 74
45 80
45 86
45 96
45 97
45 101
45 102
45 105
45 109
45 110
45 111
45 113
45 118
45 127
45 129
45 131
45 134
45 137
45 139
45 142
45 147
45 149
45 150
45 157
45 160
46 3
46 6
46 9
46 11
46 13
46 20
46 24
46 25
46 29
46 36
46 43
46 46
46 47
46 49
46 54
46 58
46 60
46 63
46 66
46 78
46 90
46 91
46 96
46 97
46 103
46 105
46 106
46 110
46 113
46 118
46 123
46 126
46 131
46 138
46 139
46 147
46 148
46 153
46 156
46 159
47 3
47 4
47 5
47 6
47 9
47 10
47 11
47 14
47 16
47 19
47 22
47 23
47 24
47 26
47 31
47 34
47 39
47 42
47 45
47 50
47 52
47 56
47 60
47 64
47 71
47 75
47 80
47 81
47 82
47 84
47 85
47 94
47 98
47 100
47 104
47 108
47 113
47 114
47 116
47 117
47 122
47 123
47 131
47 132
47 135
47 139
47 140
47 143
47 144
47 145
47 148
47 150
48 3
48 5
48 9
48 10
48 11
48 22
48 33
48 37
48 39
48 41
48 43
48 44
48 45
48 51
48 57
48 58
48 68
48 71
48 72
48 73
48 76
48 82
48 86
48 87
48 92
48 99
48 102
48 104
48 105
48 106
48 108
48 109
48 111
48 113
48 114
48 118
48 119
48 126
48 127
48 128
48 130
48 135
48 137
48 140
48 141
48 143
48 148
48 149
48 151
48 155
48 157
48 160
49 1
49 2
49 7
49 13
49 14
49 16
49 17
49 20
49 21
49 23
49 25
49 28
49 30
49 39
49 41
49 44
49 51
49 52
49 58
49 61
49 62
49 64
49 69
49 74
49 75
49 77
49 82
49 91
49 95
49 98
49 100
49 103
49 107
49 108
49 111
49 114
49 115
49 116
49 118
49 119
49 120
49 138
49 140
49 141
49 142
49 143
49 145
49 150
49 155
50 2
50 4
50 10
50 15
50 24
50 26
50 33
50 42
50 51
50 61
50 64
50 66
50 67
50 68
50 71
50 73
50 74
50 79
50 80
50 81
50 85
50 87
50 88
50 90
50 95
50 96
50 97
50 98
50 101
50 103
50 106
50 108
50 113
50 118
50 119
50 122
50 123
50 125
50 126
50 129
50 142
50 144
50 149
50 153
50 158
50 160
51 1
51 2
51 11
51 19
51 28
51 29
51 33
51 36
51 37
51 40
51 41
51 42
51 49
51 62
51 65
51 74
51 75
51 88
51 91
51 99
51 104
51 110
51 112
51 113
51 116
51 117
51 119
51 127
51 130
51 136
51 138
51 145
51 148
51 157
52 5
52 9
52 11
52 13
52 15
52 18
52 23
52 30
52 34
52 37
52 40
52 42
52 43
52 50
52 54
52 56
52 58
52 60
52 62
52 64
52 68
52 69
52 76
52 77
52 80
52 90
52 91
52 92
52 96
52 97
52 99
52 100
52 104
52 105
52 111
52 120
52 121
52 131
52 137
52 139
52 140
52 144
52 145
52 146
52 154
52 155
52 156
52 158
52 160
53 2
53 6
53 10
53 14
53 19
53 23
53 25
53 26
53 28
53 29
53 39
53 41
53 44
53 45
53 47
53 56
53 60
53 61
53 66
53 70
53 79
53 84
53 86
53 87
53 88
53 91
53 92
53 95
53 96
53 99
53 103
53 108
53 110
53 116
53 120
53 122
53 127
53 128
53 130
53 134
53 138
53 142
53 143
53 144
53 146
53 150
53 154
53 158
54 9
54 19
54 21
54 24
54 29
54 32
54 40
54 41
54 42
54 43
54 45
54 53
54 54
54 56
54 65
54 66
54 75
54 77
54 79
54 83
54 89
54 96
54 97
54 102
54 103
54 109
54 120
54 121
54 128
54 140
54 143
54 144
54 147
54 149
54 150
54 155
55 2
55 6
55 11
55 12
55 18
55 21
55 28
55 29
55 32
55 34
55 38
55 39
55 40
55 45
55 52
55 55
55 62
55 64
55 67
55 68
55 71
55 72
55 77
55 81
55 86
55 87
55 98
55 100
55 101
55 107
55 110
55 113
55 115
55 119
55 125
55 126
55 129
55 133
55 135
55 137
55 140
55 142
55 143
55 144
55 145
55 147
55 149
55 150
55 151
55 152
55 156
56 1
56 5
56 8
56 9
56 10
56 12
56 20
56 26
56 30
56 42
56 43
56 44
56 46
56 52
56 53
56 55
56 58
56 62
56 68
56 70
56 72
56 73
56 76
56 83
56 92
56 94
56 97
56 101
56 106
56 108
56 109
56 114
56 117
56 121
56 122
56 126
56 128
56 130
56 133
56 134
56 138
56 140
56 144
56 148
56 151
56 152
56 157
57 6
57 9
57 14
57 15
57 16
57 17
57 20
57 27
57 28
57 30
57 33
57 34
57 35
57 40
57 41
57 43
57 45
57 51
57 55
57 64
57 65
57 69
57 75
57 76
57 82
57 95
57 111
57 112
57 116
57 117
57 120
57 124
57 125
57 132
57 136
57 141
57 142
57 145
57 152
57 155
58 7
58 11
58 15
58 16
58 19
58 20
58 22
58 35
58 37
58 38
58 41
58 42
58 47
58 48
58 49
58 50
58 51
58 53
58 54
58 55
58 61
58 67
58 68
58 70
58 77
58 78
58 79
58 83
58 87
58 88
58 91
58 92
58 94
58 97
58 105
58 108
58 109
58 110
58 119
58 123
58 129
58 130
58 132
58 133
58 137
58 139
58 143
58 154
58 156
59 5
59 6
59 12
59 15
59 16
59 22
59 23
59 25
59 26
59 27
59 30
59 35
59 40
59 41
59 49
59 54
59 55
59 59
59 61
59 67
59 73
59 76
59 81
59 86
59 88
59 89
59 92
59 95
59 96
59 97
59 98
59 99
59 102
59 117
59 129
59 131
59 133
59 144
59 146
59 150
59 151
59 153
59 154
59 155
59 156
59 160
60 1
60 2
60 10
60 12
60 19
60 24
60 26
60 28
60 30
60 34
60 36
60 38
60 40
60 42
60 43
60 44
60 45
60 46
60 51
60 52
60 53
60 54
60 56
60 57
60 59
60 60
60 62
60 69
60 70
60 71
60 75
60 77
60 81
60 82
60 83
60 86
60 88
60 93
60 95
60 98
60 103
60 108
60 109
60 110
60 111
60 113
60 117
60 118
60 123
60 126
60 132
60 133
60 140
60 141
60 143
60 145
60 150
60 157
61 1
61 2
61 3
61 4
61 8
61 10
61 27
61 28
61 31
61 36
61 43
61 49
61 53
61 56
61 57
61 58
61 60
61 61
61 63
61 66
61 77
61 81
61 88
61 97
61 100
61 103
61 104
61 108
61 109
61 113
61 114
61 115
61 116
61 121
61 122
61 125
61 126
61 127
61 128
61 131
61 133
61 136
61 138
61 139
61 144
61 148
61 154
62 2
62 3
62 7
62 8
62 13
62 18
62 22
62 23
62 27
62 30
62 37
62 38
62 43
62 49
62 52
62 57
62 64
62 67
62 69
62 72
62 73
62 74
62 75
62 77
62 80
62 86
62 90
62 91
62 94
62 95
62 98
62 100
62 103
62 105
62 111
62 112
62 114
62 116
62 119
62 123
62 125
62 127
62 132
62 133
62 135
62 137
62 139
62 140
62 148
62 149
62 151
62 153
62 154
62 155
63 7
63 9
63 13
63 17
63 22
63 26
63 32
63 35
63 45
63 51
63 52
63 59
63 61
63 63
63 69
63 73
63 76
63 77
63 79
63 89
63 92
63 93
63 98
63 105
63 108
63 111
63 112
63 114
63 116
63 122
63 126
63 131
63 132
63 133
63 136
63 137
63 145
63 147
63 150
63 152
63 155
63 156
63 159
64 1
64 2
64 3
64 9
64 12
64 21
64 23
64 29
64 34
64 46
64 47
64 53
64 56
64 58
64 72
64 73
64 84
64 85
64 96
64 97
64 98
64 99
64 102
64 104
64 106
64 110
64 121
64 123
64 126
64 130
64 133
64 137
64 138
64 139
64 140
64 141
64 145
64 148
64 149
64 150
64 151
65 6
65 7
65 8
65 9
65 14
65 16
65 18
65 26
65 44
65 46
65 55
65 56
65 67
65 68
65 71
65 81
65 87
65 95
65 96
65 97
65 98
65 100
65 101
65 103
65 104
65 105
65 109
65 110
65 113
65 114
65 117
65 120
65 122
65 125
65 136
65 137
65 141
65 143
65 146
65 151
65 156
66 10
66 11
66 14
66 19
66 21
66 24
66 26
66 29
66 36
66 41
66 42
66 50
66 54
66 60
66 61
66 63
66 65
66 68
66 73
66 76
66 89
66 93
66 94
66 98
66 101
66 102
66 109
66 110
66 112
66 114
66 124
66 129
66 134
66 137
66 140
66 141
66 142
66 145
66 148
66 150
66 158
66 159
66 160
67 1
67 2
67 5
67 7
67 10
67 13
67 18
67 22
67 23
67 30
67 31
67 32
67 37
67 38
67 39
67 43
67 44
67 50
67 56
67 59
67 62
67 68
67 69
67 70
67 73
67 75
67 78
67 85
67 89
67 95
67 97
67 106
67 110
67 121
67 129
67 135
67 136
67 145
67 147
67 152
67 153
67 155
67 156
67 157
68 2
68 3
68 5
68 7
68 8
68 14
68 15
68 16
68 26
68 30
68 32
68 33
68 41
68 42
68 43
68 45
68 50
68 55
68 57
68 58
68 59
68 60
68 61
68 63
68 77
68 78
68 94
68 95
68 96
68 100
68 101
68 109
68 120
68 122
68 127
68 137
68 151
68 153
69 1
69 2
69 3
69 4
69 8
69 14
69 17
69 20
69 21
69 27
69 29
69 30
69 32
69 33
69 43
69 44
69 48
69 50
69 52
69 61
69 62
69 63
69 64
69 65
69 69
69 70
69 72
69 73
69 74
69 75
69 76
69 80
69 86
69 89
69 94
69 96
69 97
69 98
69 99
69 108
69 111
69 117
69 118
69 121
69 124
69 125
69 130
69 131
69 135
69 138
69 143
69 144
69 145
69 146
69 148
69 151
70 6
70 22
70 23
70 24
70 26
70 32
70 33
70 34
70 40
70 44
70 47
70 50
70 51
70 52
70 53
70 54
70 55
70 58
70 63
70 65
70 67
70 72
70 77
70 79
70 80
70 82
70 84
70 86
70 93
70 99
70 100
70 103
70 106
70 108
70 110
70 113
70 120
70 123
70 129
70 130
70 133
70 141
70 142
70 145
70 146
70 150
70 151
70 152
70 158
70 159
71 4
71 6
71 8
71 15
71 21
71 22
71 25
71 34
71 43
71 44
71 45
71 50
71 52
71 54
71 55
71 58
71 61
71 66
71 76
71 78
71 84
71 85
71 91
71 92
71 102
71 104
71 112
71 116
71 117
71 122
71 124
71 127
71 133
71 135
71 137
71 142
71 145
71 148
71 149
71 151
71 152
72 2
72 6
72 7
72 14
72 26
72 27
72 29
72 33
72 35
72 37
72 39
72 41
72 42
72 44
72 45
72 51
72 52
72 53
72 56
72 60
72 61
72 62
72 74
72 77
72 78
72 86
72 88
72 89
72 93
72 95
72 96
72 98
72 107
72 108
72 110
72 111
72 113
72 115
72 117
72 120
72 123
72 129
72 134
72 135
72 139
72 141
72 142
72 143
72 144
72 146
72 147
72 152
73 4
73 5
73 8
73 10
73 12
73 19
73 20
73 21
73 28
73 30
73 31
73 36
73 37
73 40
73 42
73 46
73 47
73 67
73 76
73 80
73 91
73 92
73 93
73 96
73 98
73 99
73 100
73 105
73 116
73 117
73 118
73 120
73 121
73 122
73 127
73 129
73 131
73 133
73 135
73 144
73 145
73 146
73 147
73 148
73 153
73 157
74 7
74 9
74 11
74 12
74 17
74 20
74 24
74 27
74 28
74 30
74 34
74 35
74 43
74 50
74 52
74 55
74 56
74 57
74 58
74 59
74 60
74 63
74 64
74 66
74 69
74 70
74 76
74 78
74 86
74 87
74 96
74 103
74 105
74 106
74 110
74 112
74 114
74 115
74 119
74 125
74 126
74 129
74 130
74 133
74 137
74 145
74 148
74 151
74 154
74 156
74 157
74 159
75 2
75 6
75 8
75 11
75 14
75 19
75 26
75 28
75 34
75 36
75 37
75 40
75 47
75 48
75 57
75 68
75 69
75 70
75 73
75 82
75 83
75 84
75 91
75 98
75 104
75 106
75 111
75 116
75 117
75 122
75 123
75 126
75 131
75 139
75 140
75 142
75 147
75 148
75 149
75 152
75 153
75 154
75 159
75 160
76 10
76 14
76 17
76 27
76 29
76 35
76 36
76 38
76 43
76 47
76 48
76 49
76 50
76 52
76 57
76 58
76 59
76 62
76 63
76 65
76 70
76 72
76 73
76 78
76 80
76 86
76 88
76 91
76 95
76 99
76 101
76 102
76 109
76 115
76 116
76 120
76 125
76 127
76 128
76 130
76 131
76 138
76 147
76 150
76 154
77 3
77 4
77 5
77 8
77 10
77 14
77 18
77 21
77 24
77 25
77 31
77 32
77 33
77 35
77 36
77 38
77 39
77 47
77 51
77 52
77 61
77 66
77 67
77 69
77 73
77 77
77 81
77 83
77 84
77 87
77 90
77 93
77 94
77 98
77 101
77 102
77 103
77 105
77 107
77 108
77 109
77 110
77 112
77 115
77 124
77 126
77 131
77 134
77 137
77 139
77 144
77 149
77 152
77 158
78 2
78 3
78 15
78 16
78 18
78 19
78 21
78 27
78 31
78 37
78 39
78 43
78 45
78 47
78 49
78 50
78 55
78 61
78 65
78 66
78 71
78 72
78 77
78 78
78 84
78 89
78 97
78 101
78 103
78 111
78 115
78 116
78 124
78 125
78 126
78 127
78 131
78 136
78 141
78 142
78 149
78 151
78 153
78 159
78 160
79 2
79 3
79 8
79 11
79 12
79 14
79 15
79 17
79 22
79 24
79 34
79 35
79 38
79 40
79 44
79 54
79 58
79 60
79 63
79 64
79 66
79 68
79 71
79 77
79 78
79 79
79 80
79 88
79 90
79 93
79 97
79 99
79 110
79 111
79 112
79 113
79 119
79 120
79 121
79 128
79 139
79 142
79 143
79 147
79 148
79 153
79 154
79 155
79 157
79 158
79 160
80 1
80 10
80 11
80 12
80 15
80 25
80 26
80 28
80 32
80 34
80 36
80 37
80 38
80 45
80 49
80 58
80 60
80 66
80 68
80 69
80 71
80 82
80 83
80 84
80 91
80 95
80 99
80 100
80 106
80 109
80 112
80 113
80 114
80 117
80 122
80 124
80 125
80 127
80 135
80 136
80 137
80 140
80 141
80 144
80 145
80 146
80 149
80 150
80 154
80 156
80 159
81 2
81 3
81 9
81 10
81 16
81 19
81 21
81 25
81 26
81 27
81 28
81 29
81 30
81 34
81 37
81 38
81 40
81 41
81 42
81 48
81 49
81 50
81 51
81 53
81 56
81 59
81 63
81 64
81 69
81 71
81 77
81 80
81 88
81 94
81 96
81 98
81 99
81 100
81 104
81 107
81 108
81 109
81 116
81 118
81 126
81 130
81 131
81 133
81 139
81 146
81 147
81 154
81 158
82 1
82 6
82 13
82 15
82 20
82 21
82 29
82 30
82 31
82 32
82 34
82 35
82 36
82 37
82 38
82 39
82 41
82 42
82 45
82 53
82 58
82 63
82 67
82 68
82 71
82 76
82 82
82 84
82 87
82 89
82 91
82 97
82 100
82 101
82 106
82 108
82 111
82 114
82 116
82 119
82 123
82 125
82 127
82 128
82 131
82 135
82 137
82 140
82 143
82 148
82 149
82 150
82 151
82 153
82 154
82 155
82 157
82 158
82 160
83 1
83 9
83 11
83 13
83 16
83 18
83 21
83 23
83 24
83 26
83 27
83 28
83 31
83 32
83 33
83 35
83 39
83 41
83 46
83 55
83 60
83 66
83 67
83 68
83 69
83 72
83 74
83 76
83 79
83 82
83 83
83 86
83 87
83 88
83 89
83 90
83 98
83 99
83 105
83 108
83 114
83 118
83 119
83 120
83 124
83 130
83 131
83 138
83 139
83 141
83 142
83 144
83 145
83 146
83 149
83 151
83 152
83 158
83 159
84 6
84 7
84 11
84 15
84 17
84 19
84 23
84 31
84 34
84 35
84 38
84 41
84 44
84 59
84 64
84 65
84 67
84 68
84 76
84 77
84 79
84 80
84 89
84 98
84 100
84 102
84 105
84 115
84 116
84 121
84 129
84 142
84 148
84 152
84 155
84 156
84 158
84 159
85 3
85 4
85 5
85 9
85 11
85 12
85 14
85 17
85 18
85 21
85 23
85 24
85 26
85 27
85 31
85 38
85 44
85 47
85 48
85 53
85 54
85 55
85 57
85 59
85 61
85 63
85 65
85 70
85 71
85 72
85 74
85 79
85 88
85 91
85 93
85 95
85 97
85 100
85 105
85 106
85 112
85 113
85 115
85 116
85 121
85 125
85 126
85 129
85 130
85 132
85 135
85 136
85 143
85 147
85 149
85 150
85 151
85 152
85 156
85 160
86 1
86 2
86 6
86 8
86 10
86 11
86 14
86 16
86 17
86 18
86 25
86 28
86 30
86 40
86 42
86 43
86 46
86 52
86 58
86 59
86 63
86 66
86 68
86 76
86 78
86 79
86 80
86 94
86 95
86 101
86 106
86 109
86 112
86 113
86 115
86 118
86 123
86 125
86 131
86 132
86 139
86 141
86 146
86 150
86 151
86 152
86 154
86 157
87 1
87 6
87 9
87 11
87 13
87 15
87 18
87 19
87 28
87 29
87 31
87 32
87 34
87 35
87 37
87 41
87 42
87 43
87 44
87 51
87 54
87 56
87 61
87 62
87 63
87 68
87 69
87 72
87 73
87 74
87 75
87 77
87 87
87 95
87 96
87 105
87 110
87 111
87 113
87 118
87 123
87 125
87 127
87 131
87 145
87 150
87 151
87 154
88 1
88 7
88 10
88 16
88 19
88 21
88 22
88 23
88 24
88 33
88 37
88 40
88 47
88 50
88 51
88 53
88 57
88 58
88 61
88 66
88 72
88 76
88 78
88 79
88 81
88 82
88 83
88 84
88 85
88 93
88 98
88 101
88 105
88 106
88 115
88 119
88 125
88 127
88 131
88 133
88 142
88 148
88 153
88 155
88 156
88 160
89 3
89 5
89 7
89 9
89 12
89 13
89 15
89 18
89 20
89 22
89 23
89 26
89 29
89 32
89 38
89 41
89 43
89 47
89 62
89 64
89 68
89 70
89 73
89 84
89 85
89 88
89 90
89 91
89 92
89 93
89 94
89 96
89 97
89 98
89 99
89 100
89 110
89 113
89 115
89 116
89 117
89 118
89 123
89 125
89 126
89 130
89 131
89 132
89 133
89 134
89 138
89 139
89 142
89 150
89 153
89 159
90 1
90 3
90 6
90 10
90 12
90 14
90 16
90 19
90 23
90 24
90 27
90 28
90 31
90 32
90 33
90 35
90 36
90 37
90 39
90 42
90 43
90 44
90 45
90 48
90 51
90 55
90 64
90 66
90 67
90 70
90 71
90 72
90 73
90 76
90 78
90 88
90 91
90 94
90 97
90 98
90 105
90 109
90 111
90 117
90 118
90 121
90 123
90 127
90 128
90 131
90 132
90 137
90 140
90 145
90 155
91 2
91 4
91 7
91 11
91 14
91 15
91 17
91 19
91 23
91 24
91 26
91 33
91 40
91 43
91 45
91 46
91 48
91 54
91 56
91 65
91 68
91 69
91 70
91 73
91 74
91 77
91 95
91 100
91 102
91 103
91 106
91 107
91 110
91 111
91 113
91 114
91 125
91 126
91 127
91 131
91 137
91 138
91 144
91 150
91 151
91 154
92 2
92 3
92 4
92 5
92 8
92 12
92 18
92 22
92 24
92 25
92 32
92 43
92 46
92 47
92 48
92 49
92 50
92 51
92 53
92 57
92 58
92 67
92 69
92 74
92 75
92 76
92 79
92 80
92 81
92 84
92 89
92 96
92 100
92 110
92 115
92 116
92 117
92 118
92 120
92 121
92 123
92 129
92 132
92 137
92 139
92 143
92 144
92 146
92 147
92 151
92 155
93 6
93 11
93 14
93 18
93 23
93 26
93 28
93 30
93 33
93 39
93 40
93 45
93 48
93 52
93 54
93 55
93 58
93 59
93 62
93 63
93 65
93 66
93 68
93 69
93 70
93 71
93 73
93 74
93 79
93 85
93 86
93 90
93 101
93 102
93 103
93 106
93 109
93 111
93 113
93 114
93 116
93 118
93 119
93 127
93 131
93 133
93 142
93 147
93 152
93 154
93 157
94 1
94 2
94 5
94 13
94 15
94 17
94 20
94 25
94 27
94 33
94 39
94 40
94 41
94 43
94 46
94 47
94 54
94 65
94 66
94 73
94 74
94 81
94 83
94 88
94 89
94 92
94 95
94 98
94 100
94 103
94 104
94 105
94 117
94 121
94 122
94 123
94 130
94 136
94 138
94 139
94 141
94 142
94 143
94 147
94 149
94 152
94 153
94 156
94 157
95 4
95 9
95 13
95 15
95 16
95 19
95 20
95 22
95 24
95 25
95 28
95 30
95 31
95 32
95 33
95 34
95 37
95 38
95 44
95 45
95 48
95 54
95 55
95 56
95 57
95 60
95 65
95 68
95 69
95 71
95 83
95 84
95 91
95 98
95 100
95 105
95 108
95 112
95 115
95 116
95 117
95 123
95 127
95 136
95 141
95 142
95 143
95 147
95 155
95 156
95 160
96 10
96 13
96 17
96 18
96 20
96 25
96 26
96 27
96 35
96 36
96 37
96 41
96 45
96 51
96 52
96 53
96 54
96 55
96 57
96 61
96 65
96 81
96 85
96 91
96 96
96 98
96 100
96 101
96 103
96 104
96 107
96 110
96 113
96 116
96 118
96 119
96 120
96 125
96 128
96 135
96 136
96 140
96 142
96 143
96 145
96 147
96 148
96 152
96 158
97 6
97 10
97 12
97 17
97 18
97 27
97 28
97 29
97 30
97 31
97 34
97 38
97 40
97 45
97 54
97 58
97 59
97 63
97 68
97 69
97 73
97 76
97 81
97 84
97 87
97 92
97 97
97 102
97 107
97 109
97 114
97 116
97 120
97 123
97 124
97 125
97 127
97 129
97 130
97 131
97 137
97 143
97 147
97 153
97 155
97 157
97 158
97 160
98 4
98 5
98 7
98 13
98 14
98 24
98 28
98 29
98 31
98 34
98 36
98 37
98 39
98 41
98 43
98 45
98 49
98 54
98 57
98 63
98 67
98 70
98 73
98 74
98 75
98 77
98 78
98 80
98 81
98 93
98 101
98 104
98 105
98 106
98 108
98 111
98 123
98 129
98 132
98 133
98 134
98 143
98 148
98 149
98 150
98 153
99 1
99 6
99 10
99 11
99 18
99 19
99 21
99 24
99 25
99 26
99 28
99 32
99 33
99 34
99 36
99 38
99 47
99 48
99 49
99 51
99 57
99 61
99 62
99 66
99 68
99 74
99 76
99 78
99 79
99 83
99 89
99 90
99 93
99 99
99 102
99 104
99 108
99 112
99 115
99 116
99 120
99 122
99 129
99 133
99 134
99 136
99 137
99 138
99 139
99 141
99 142
99 144
99 145
99 153
99 154
99 156
100 3
100 5
100 7
100 10
100 13
100 14
100 17
100 18
100 22
100 25
100 37
100 40
100 41
100 42
100 43
100 46
100 51
100 52
100 53
100 54
100 56
100 57
100 59
100 61
100 67
100 72
100 74
100 81
100 87
100 93
100 97
100 99
100 102
100 104
100 106
100 107
100 109
100 110
100 112
100 116
100 117
100 122
100 131
100 136
100 137
100 143
100 144
100 145
100 149
100 150
100 151
100 154
100 157
101 5
101 8
101 13
101 15
101 17
101 18
101 23
101 25
101 29
101 32
101 36
101 37
101 38
101 44
101 50
101 51
101 52
101 61
101 62
101 63
101 66
101 68
101 69
101 70
101 73
101 76
101 80
101 85
101 86
101 90
101 91
101 92
101 95
101 97
101 100
101 103
101 104
101 112
101 121
101 122
101 128
101 129
101 131
101 133
101 134
101 137
101 138
101 145
101 146
101 148
101 149
101 153
101 157
101 158
101 159
102 9
102 11
102 18
102 19
102 23
102 25
102 27
102 33
102 34
102 38
102 40
102 46
102 47
102 53
102 61
102 65
102 66
102 68
102 69
102 70
102 72
102 73
102 78
102 79
102 81
102 84
102 85
102 86
102 87
102 91
102 97
102 99
102 106
102 108
102 112
102 113
102 115
102 118
102 124
102 125
102 126
102 128
102 143
102 146
102 150
102 157
103 2
103 5
103 8
103 12
103 15
103 16
103 18
103 20
103 25
103 27
103 30
103 31
103 35
103 47
103 48
103 51
103 52
103 54
103 55
103 57
103 60
103 64
103 70
103 72
103 80
103 81
103 82
103 91
103 93
103 97
103 99
103 100
103 105
103 109
103 111
103 115
103 118
103 119
103 127
103 131
103 132
103 140
103 142
103 144
103 146
103 147
103 155
103 160
104 3
104 13
104 19
104 23
104 32
104 37
104 39
104 46
104 47
104 48
104 53
104 54
104 59
104 60
104 61
104 67
104 68
104 69
104 76
104 77
104 78
104 79
104 81
104 82
104 84
104 88
104 91
104 99
104 101
104 103
104 105
104 106
104 110
104 114
104 115
104 117
104 123
104 126
104 131
104 133
104 136
104 137
104 139
104 143
104 145
104 155
104 157
104 160
105 1
105 7
105 11
105 14
105 18
105 21
105 34
105 35
105 44
105 45
105 46
105 50
105 53
105 58
105 59
105 60
105 68
105 71
105 73
105 75
105 81
105 86
105 87
105 94
105 102
105 103
105 104
105 105
105 114
105 118
105 124
105 126
105 129
105 139
105 141
105 143
105 153
105 156
105 157
105 159
106 1
106 2
106 8
106 10
106 13
106 14
106 15
106 18
106 20
106 26
106 32
106 34
106 39
106 42
106 44
106 45
106 48
106 51
106 58
106 60
106 62
106 64
106 68
106 69
106 71
106 77
106 78
106 82
106 91
106 94
106 107
106 108
106 110
106 114
106 116
106 117
106 118
106 120
106 133
106 137
106 139
106 143
106 144
106 146
106 155
106 159
107 4
107 6
107 11
107 12
107 14
107 16
107 19
107 23
107 26
107 36
107 42
107 43
107 45
107 48
107 50
107 52
107 53
107 55
107 57
107 72
107 75
107 79
107 80
107 88
107 93
107 97
107 100
107 106
107 107
107 108
107 109
107 110
107 113
107 117
107 119
107 120
107 124
107 133
107 141
107 144
107 154
107 155
107 156
107 157
107 158
108 5
108 6
108 7
108 10
108 13
108 14
108 16
108 17
108 19
108 20
108 26
108 27
108 28
108 30
108 32
108 34
108 36
108 38
108 40
108 42
108 49
108 60
108 62
108 74
108 75
108 79
108 83
108 90
108 92
108 96
108 97
108 98
108 99
108 108
108 116
108 118
108 119
108 130
108 132
108 133
108 135
108 137
108 153
108 155
108 159
109 3
109 20
109 22
109 23
109 28
109 29
109 34
109 38
109 47
109 48
109 51
109 52
109 53
109 54
109 55
109 57
109 65
109 68
109 71
109 72
109 75
109 79
109 81
109 83
109 86
109 91
109 102
109 104
109 110
109 111
109 115
109 118
109 121
109 124
109 136
109 139
109 146
109 149
109 152
109 159
110 1
110 2
110 3
110 5
110 8
110 9
110 11
110 16
110 18
110 20
110 23
110 28
110 34
110 36
110 48
110 53
110 55
110 56
110 57
110 63
110 70
110 74
110 78
110 79
110 80
110 90
110 91
110 103
110 106
110 109
110 113
110 115
110 116
110 125
110 126
110 127
110 133
110 135
110 138
110 139
110 147
110 152
110 155
110 157
110 160
111 5
111 8
111 14
111 24
111 25
111 26
111 27
111 28
111 29
111 36
111 40
111 44
111 45
111 47
111 48
111 51
111 78
111 79
111 80
111 84
111 91
111 92
111 95
111 98
111 102
111 107
111 110
111 111
111 112
111 113
111 120
111 123
111 125
111 127
111 128
111 136
111 144
111 146
111 147
111 149
111 150
111 152
111 154
111 157
112 1
112 2
112 10
112 15
112 20
112 26
112 28
112 30
112 32
112 44
112 50
112 51
112 53
112 55
112 59
112 70
112 72
112 78
112 79
112 81
112 86
112 92
112 99
112 104
112 108
112 110
112 111
112 112
112 116
112 117
112 118
112 132
112 133
112 134
112 140
112 141
112 142
112 144
112 145
112 148
112 155
112 156
113 2
113 3
113 6
113 7
113 10
113 14
113 18
113 22
113 32
113 37
113 39
113 45
113 47
113 52
113 61
113 63
113 67
113 68
113 77
113 84
113 85
113 88
113 89
113 91
113 94
113 96
113 98
113 99
113 102
113 104
113 114
113 115
113 116
113 118
113 120
113 130
113 131
113 133
113 138
113 139
113 140
113 142
113 145
113 146
113 147
113 148
113 149
113 150
113 153
113 155
113 156
113 157
113 158
114 6
114 7
114 9
114 12
114 13
114 14
114 15
114 16
114 18
114 23
114 25
114 29
114 37
114 38
114 39
114 42
114 51
114 60
114 61
114 66
114 70
114 73
114 75
114 79
114 80
114 91
114 95
114 96
114 106
114 118
114 119
114 127
114 135
114 138
114 143
114 147
114 149
114 151
115 4
115 6
115 7
115 8
115 10
115 12
115 13
115 14
115 16
115 27
115 34
115 35
115 40
115 41
115 53
115 54
115 57
115 60
115 61
115 62
115 67
115 68
115 71
115 75
115 79
115 86
115 88
115 91
115 93
115 94
115 97
115 100
115 105
115 109
115 110
115 111
115 112
115 116
115 118
115 122
115 127
115 129
115 130
115 134
115 141
115 145
115 146
115 147
115 149
115 152
115 160
116 2
116 3
116 4
116 7
116 10
116 13
116 14
116 17
116 18
116 21
116 26
116 29
116 32
116 37
116 41
116 42
116 45
116 46
116 49
116 53
116 57
116 59
116 63
116 64
116 65
116 69
116 71
116 74
116 80
116 82
116 84
116 91
116 92
116 93
116 105
116 117
116 120
116 128
116 135
116 136
116 137
116 138
116 143
116 146
116 148
116 150
116 152
116 156
116 160
117 1
117 6
117 8
117 9
117 10
117 20
117 29
117 31
117 43
117 49
117 50
117 53
117 55
117 57
117 60
117 61
117 72
117 75
117 78
117 82
117 84
117 85
117 98
117 101
117 103
117 104
117 105
117 107
117 111
117 112
117 113
117 119
117 120
117 121
117 129
117 133
117 135
117 136
117 137
117 140
117 141
117 154
117 156
117 157
118 4
118 5
118 6
118 9
118 13
118 19
118 21
118 23
118 28
118 30
118 32
118 33
118 40
118 42
118 46
118 48
118 51
118 53
118 57
118 61
118 63
118 67
118 71
118 82
118 88
118 94
118 103
118 110
118 112
118 115
118 116
118 117
118 118
118 120
118 121
118 132
118 136
118 138
118 139
118 142
118 145
118 146
118 152
118 153
118 156
119 2
119 5
119 13
119 15
119 17
119 23
119 27
119 37
119 41
119 42
119 46
119 47
119 48
119 49
119 53
119 59
119 63
119 65
119 72
119 73
119 74
119 75
119 85
119 86
119 91
119 94
119 96
119 99
119 101
119 109
119 111
119 112
119 115
119 117
119 124
119 130
119 138
119 142
119 143
119 144
119 145
119 148
119 149
119 158
119 160
120 4
120 5
120 6
120 7
120 10
120 15
120 17
120 19
120 27
120 28
120 29
120 34
120 36
120 43
120 45
120 56
120 60
120 61
120 64
120 67
120 71
120 80
120 88
120 98
120 100
120 101
120 108
120 110
120 113
120 115
120 118
120 119
120 125
120 130
120 131
120 132
120 141
120 142
120 144
120 145
120 146
120 151
120 153
120 157
121 2
121 10
121 11
121 24
121 25
121 26
121 27
121 29
121 32
121 33
121 35
121 36
121 38
121 47
121 50
121 52
121 54
121 60
121 65
121 66
121 77
121 81
121 88
121 90
121 92
121 97
121 102
121 104
121 106
121 107
121 112
121 113
121 118
121 121
121 125
121 128
121 131
121 133
121 136
121 138
121 139
121 143
121 144
121 145
121 146
121 153
121 159
122 9
122 11
122 15
122 21
122 24
122 28
122 31
122 33
122 35
122 36
122 39
122 42
122 43
122 47
122 53
122 59
122 62
122 68
122 71
122 72
122 77
122 78
122 80
122 81
122 84
122 85
122 86
122 93
122 101
122 104
122 108
122 112
122 113
122 118
122 119
122 125
122 126
122 127
122 128
122 132
122 140
122 141
122 154
122 155
122 157
123 6
123 9
123 10
123 14
123 15
123 18
123 19
123 20
123 21
123 24
123 26
123 29
123 30
123 36
123 42
123 43
123 44
123 46
123 50
123 52
123 54
123 56
123 58
123 65
123 66
123 69
123 77
123 79
123 81
123 89
123 90
123 93
123 95
123 118
123 120
123 122
123 124
123 125
123 126
123 130
123 131
123 132
123 134
123 139
123 143
123 145
123 151
123 152
123 155
123 156
123 157
124 5
124 7
124 9
124 10
124 16
124 18
124 23
124 29
124 30
124 35
124 40
124 45
124 49
124 51
124 58
124 59
124 60
124 63
124 82
124 84
124 86
124 89
124 94
124 95
124 104
124 107
124 108
124 114
124 116
124 120
124 123
124 127
124 128
124 134
124 141
124 142
124 143
124 146
124 148
124 150
124 152
124 159
124 160
125 1
125 5
125 20
125 23
125 25
125 31
125 33
125 36
125 45
125 46
125 48
125 51
125 56
125 58
125 62
125 64
125 68
125 73
125 77
125 78
125 79
125 81
125 84
125 88
125 90
125 92
125 96
125 97
125 98
125 99
125 102
125 106
125 108
125 115
125 116
125 122
125 125
125 129
125 133
125 137
125 138
125 141
125 148
125 149
125 151
126 7
126 11
126 17
126 18
126 20
126 24
126 31
126 34
126 35
126 37
126 38
126 39
126 41
126 48
126 49
126 60
126 62
126 64
126 65
126 68
126 69
126 70
126 72
126 73
126 74
126 75
126 77
126 82
126 83
126 85
126 86
126 87
126 88
126 95
126 102
126 103
126 107
126 109
126 110
126 113
126 116
126 117
126 122
126 126
126 128
126 129
126 130
126 136
126 137
126 142
126 146
126 148
126 153
127 1
127 3
127 4
127 6
127 18
127 19
127 21
127 22
127 24
127 25
127 26
127 27
127 29
127 30
127 31
127 32
127 34
127 39
127 41
127 44
127 45
127 46
127 47
127 54
127 55
127 57
127 60
127 62
127 65
127 69
127 75
127 78
127 79
127 85
127 87
127 88
127 89
127 90
127 91
127 97
127 98
127 99
127 103
127 106
127 109
127 111
127 113
127 120
127 121
127 123
127 124
127 129
127 130
127 133
127 135
127 137
127 138
127 140
127 141
127 142
127 146
127 151
127 153
127 157
127 159
127 160
128 9
128 17
128 26
128 29
128 38
128 40
128 41
128 42
128 46
128 50
128 61
128 63
128 68
128 72
128 75
128 78
128 85
128 90
128 91
128 92
128 93
128 95
128 104
128 105
128 107
128 112
128 119
128 124
128 126
128 130
128 135
128 139
128 140
128 141
128 142
128 143
128 146
128 148
128 149
128 153
128 155
129 3
129 6
129 21
129 23
129 24
129 26
129 29
129 34
129 38
129 39
129 41
129 43
129 53
129 54
129 56
129 66
129 73
129 81
129 82
129 83
129 84
129 89
129 97
129 101
129 102
129 103
129 105
129 106
129 107
129 118
129 123
129 133
129 135
129 137
129 143
129 150
129 151
129 155
129 156
129 159
129 160
130 5
130 6
130 7
130 11
130 17
130 20
130 24
130 26
130 28
130 31
130 33
130 38
130 51
130 54
130 58
130 60
130 68
130 69
130 72
130 76
130 78
130 79
130 83
130 85
130 86
130 91
130 94
130 101
130 111
130 112
130 114
130 115
130 118
130 121
130 123
130 125
130 130
130 131
130 136
130 137
130 140
130 141
130 142
130 146
130 159
131 7
131 13
131 18
131 23
131 30
131 33
131 34
131 44
131 45
131 52
131 53
131 62
131 69
131 74
131 77
131 78
131 80
131 84
131 85
131 88
131 89
131 93
131 94
131 96
131 100
131 102
131 106
131 107
131 110
131 112
131 114
131 116
131 119
131 123
131 129
131 137
131 138
131 140
131 149
131 150
131 157
132 6
132 8
132 11
132 12
132 15
132 22
132 25
132 27
132 28
132 33
132 35
132 43
132 54
132 56
132 60
132 61
132 63
132 67
132 71
132 73
132 80
132 82
132 84
132 86
132 87
132 88
132 94
132 96
132 100
132 109
132 112
132 118
132 125
132 129
132 130
132 131
132 137
132 139
132 140
132 142
132 149
132 153
132 155
132 156
132 158
133 1
133 3
133 10
133 19
133 23
133 28
133 36
133 38
133 41
133 47
133 50
133 51
133 52
133 53
133 54
133 55
133 56
133 57
133 61
133 66
133 70
133 73
133 76
133 77
133 78
133 79
133 80
133 87
133 88
133 90
133 92
133 93
133 96
133 97
133 101
133 102
133 114
133 118
133 128
133 130
133 131
133 132
133 143
133 147
133 157
133 158
134 6
134 8
134 9
134 16
134 20
134 22
134 32
134 38
134 41
134 48
134 49
134 55
134 56
134 58
134 67
134 68
134 73
134 74
134 76
134 78
134 81
134 84
134 88
134 90
134 100
134 104
134 106
134 111
134 114
134 117
134 124
134 130
134 131
134 132
134 140
134 147
134 149
134 153
134 157
134 158
135 1
135 2
135 4
135 6
135 8
135 9
135 12
135 14
135 17
135 22
135 27
135 31
135 32
135 38
135 39
135 40
135 51
135 52
135 55
135 57
135 68
135 78
135 80
135 83
135 89
135 90
135 91
135 93
135 95
135 96
135 100
135 101
135 103
135 105
135 107
135 108
135 109
135 111
135 112
135 114
135 121
135 122
135 125
135 133
135 135
135 140
135 141
135 147
135 151
135 152
135 153
135 155
135 156
135 157
135 158
135 160
136 11
136 17
136 18
136 28
136 32
136 36
136 37
136 48
136 50
136 52
136 55
136 57
136 60
136 61
136 63
136 66
136 71
136 75
136 78
136 79
136 82
136 83
136 86
136 87
136 93
136 99
136 101
136 103
136 111
136 112
136 113
136 114
136 119
136 121
136 124
136 126
136 128
136 129
136 130
136 133
136 135
136 137
136 142
136 144
136 149
136 150
136 158
137 7
137 8
137 9
137 11
137 13
137 15
137 16
137 18
137 19
137 20
137 22
137 26
137 28
137 34
137 38
137 40
137 41
137 42
137 43
137 49
137 55
137 61
137 63
137 70
137 76
137 77
137 78
137 81
137 83
137 84
137 90
137 91
137 93
137 99
137 100
137 108
137 109
137 112
137 113
137 116
137 117
137 123
137 125
137 129
137 132
137 134
137 135
137 139
137 140
137 141
137 152
137 153
137 158
138 6
138 9
138 13
138 14
138 15
138 20
138 21
138 22
138 25
138 26
138 29
138 31
138 33
138 35
138 38
138 42
138 47
138 52
138 55
138 58
138 60
138 62
138 65
138 69
138 71
138 72
138 76
138 86
138 88
138 89
138 92
138 98
138 99
138 104
138 105
138 107
138 108
138 113
138 117
138 118
138 119
138 127
138 130
138 131
138 134
138 140
138 141
138 142
138 143
138 146
138 148
138 149
138 152
138 157
139 2
139 5
139 10
139 11
139 13
139 35
139 36
139 44
139 50
139 57
139 58
139 59
139 63
139 64
139 65
139 67
139 70
139 71
139 75
139 77
139 85
139 86
139 87
139 89
139 91
139 92
139 95
139 99
139 101
139 102
139 108
139 110
139 123
139 124
139 126
139 127
139 137
139 143
139 144
139 147
139 149
139 157
139 159
140 1
140 3
140 5
140 13
140 15
140 18
140 28
140 31
140 38
140 39
140 40
140 41
140 42
140 46
140 47
140 53
140 62
140 64
140 69
140 70
140 74
140 77
140 79
140 80
140 82
140 85
140 86
140 92
140 95
140 98
140 100
140 108
140 111
140 114
140 117
140 118
140 119
140 121
140 127
140 129
140 137
140 141
140 142
140 155
141 2
141 11
141 12
141 14
141 17
141 18
141 19
141 21
141 29
141 33
141 36
141 39
141 41
141 42
141 50
141 53
141 60
141 61
141 68
141 69
141 73
141 79
141 82
141 84
141 86
141 87
141 92
141 97
141 99
141 107
141 110
141 112
141 114
141 121
141 122
141 123
141 124
141 130
141 131
141 132
141 134
141 137
141 142
141 144
141 146
141 149
141 150
141 154
141 160
142 5
142 6
142 11
142 13
142 17
142 20
142 26
142 28
142 30
142 31
142 32
142 33
142 34
142 36
142 44
142 48
142 50
142 51
142 54
142 55
142 61
142 65
142 66
142 68
142 74
142 75
142 78
142 80
142 85
142 86
142 88
142 89
142 95
142 100
142 105
142 109
142 115
142 116
142 119
142 120
142 124
142 125
142 127
142 128
142 132
142 134
142 137
142 151
142 157
142 159
143 5
143 18
143 19
143 23
143 24
143 25
143 26
143 27
143 30
143 31
143 32
143 33
143 34
143 37
143 39
143 41
143 42
143 44
143 46
143 52
143 57
143 58
143 59
143 61
143 64
143 65
143 72
143 74
143 76
143 78
143 79
143 81
143 82
143 84
143 85
143 86
143 90
143 98
143 100
143 104
143 112
143 114
143 116
143 117
143 119
143 121
143 122
143 124
143 132
143 133
143 141
143 143
143 145
143 146
143 149
143 154
143 155
143 159
144 1
144 8
144 12
144 14
144 15
144 16
144 17
144 19
144 20
144 22
144 25
144 29
144 34
144 43
144 48
144 50
144 55
144 56
144 66
144 70
144 72
144 75
144 76
144 82
144 95
144 96
144 97
144 101
144 104
144 107
144 109
144 110
144 111
144 114
144 118
144 121
144 127
144 130
144 134
144 139
144 147
144 148
144 150
144 152
144 153
144 157
145 1
145 7
145 8
145 9
145 10
145 11
145 13
145 23
145 24
145 33
145 37
145 42
145 43
145 61
145 63
145 65
145 69
145 73
145 77
145 78
145 83
145 85
145 86
145 97
145 98
145 99
145 101
145 103
145 110
145 115
145 143
145 149
145 151
145 154
145 155
145 156
145 157
145 158
145 159
146 2
146 5
146 8
146 10
146 13
146 14
146 19
146 21
146 22
146 23
146 27
146 28
146 36
146 37
146 43
146 45
146 46
146 47
146 50
146 51
146 59
146 61
146 63
146 65
146 73
146 75
146 78
146 79
146 80
146 81
146 94
146 96
146 97
146 99
146 108
146 110
146 112
146 116
146 119
146 120
146 125
146 129
146 130
146 140
146 145
146 148
146 149
146 158
146 160
147 4
147 10
147 11
147 12
147 15
147 19
147 20
147 21
147 25
147 26
147 27
147 31
147 35
147 40
147 42
147 47
147 48
147 49
147 56
147 68
147 69
147 71
147 74
147 79
147 80
147 83
147 84
147 85
147 86
147 90
147 93
147 95
147 101
147 105
147 107
147 112
147 116
147 123
147 125
147 131
147 132
147 134
147 137
147 138
147 139
147 140
147 147
147 151
147 152
147 153
147 154
147 156
148 3
148 5
148 8
148 13
148 18
148 19
148 24
148 25
148 27
148 29
148 31
148 42
148 45
148 46
148 48
148 49
148 51
148 58
148 61
148 65
148 67
148 72
148 75
148 79
148 80
148 84
148 85
148 88
148 94
148 97
148 100
148 102
148 103
148 105
148 113
148 115
148 117
148 118
148 119
148 120
148 122
148 126
148 129
148 130
148 131
148 132
148 151
148 152
148 155
148 157
149 4
149 5
149 7
149 17
149 18
149 27
149 28
149 30
149 40
149 44
149 47
149 49
149 50
149 51
149 52
149 55
149 61
149 67
149 68
149 70
149 72
149 73
149 77
149 78
149 80
149 85
149 90
149 91
149 93
149 94
149 96
149 98
149 101
149 103
149 113
149 115
149 117
149 118
149 129
149 133
149 134
149 138
149 139
149 142
149 145
149 150
149 152
149 159
150 2
150 7
150 10
150 11
150 14
150 16
150 18
150 22
150 23
150 32
150 39
150 40
150 49
150 57
150 60
150 66
150 67
150 68
150 71
150 85
150 86
150 92
150 96
150 97
150 99
150 107
150 108
150 111
150 114
150 124
150 126
150 128
150 130
150 131
150 140
150 142
150 143
150 146
150 148
150 150
150 153
150 156
151 8
151 10
151 12
151 16
151 17
151 23
151 25
151 27
151 31
151 32
151 33
151 40
151 41
151 43
151 45
151 46
151 48
151 50
151 52
151 63
151 65
151 66
151 76
151 77
151 81
151 83
151 88
151 89
151 91
151 93
151 95
151 97
151 102
151 111
151 113
151 114
151 116
151 117
151 121
151 127
151 130
151 132
151 133
151 134
151 136
151 141
151 142
151 147
151 150
151 158
152 4
152 6
152 8
152 10
152 13
152 14
152 17
152 18
152 20
152 22
152 23
152 25
152 28
152 29
152 30
152 31
152 43
152 44
152 55
152 57
152 61
152 69
152 70
152 74
152 81
152 83
152 85
152 86
152 87
152 89
152 94
152 107
152 112
152 113
152 114
152 115
152 118
152 119
152 124
152 125
152 135
152 141
152 142
152 145
152 147
152 149
152 156
153 2
153 6
153 9
153 10
153 12
153 15
153 18
153 19
153 20
153 28
153 31
153 34
153 35
153 37
153 43
153 44
153 45
153 48
153 51
153 53
153 64
153 66
153 68
153 71
153 72
153 73
153 74
153 76
153 77
153 78
153 81
153 84
153 85
153 89
153 96
153 97
153 98
153 100
153 102
153 107
153 108
153 110
153 111
153 115
153 116
153 117
153 119
153 126
153 129
153 131
153 133
153 134
153 136
153 143
153 144
153 149
154 2
154 3
154 8
154 9
154 10
154 12
154 16
154 22
154 26
154 37
154 43
154 47
154 48
154 50
154 52
154 57
154 62
154 64
154 67
154 71
154 73
154 76
154 77
154 78
154 84
154 92
154 94
154 98
154 99
154 107
154 108
154 111
154 113
154 114
154 115
154 116
154 118
154 124
154 131
154 134
154 135
154 138
154 139
154 141
154 145
154 146
154 147
154 151
154 152
154 154
154 155
154 156
154 157
155 2
155 4
155 5
155 6
155 7
155 9
155 12
155 18
155 19
155 20
155 25
155 26
155 27
155 28
155 31
155 33
155 34
155 36
155 38
155 41
155 44
155 47
155 48
155 50
155 53
155 55
155 56
155 59
155 60
155 66
155 68
155 71
155 73
155 74
155 79
155 80
155 85
155 89
155 90
155 91
155 92
155 100
155 102
155 109
155 114
155 117
155 121
155 122
155 129
155 135
155 137
155 143
155 144
155 145
155 146
155 147
155 150
155 160
156 1
156 3
156 7
156 15
156 16
156 17
156 25
156 33
156 39
156 45
156 49
156 50
156 53
156 54
156 58
156 65
156 76
156 77
156 83
156 85
156 86
156 91
156 103
156 104
156 105
156 109
156 112
156 115
156 118
156 125
156 126
156 127
156 129
156 130
156 133
156 134
156 135
156 137
156 139
156 140
156 146
156 148
156 149
156 150
156 152
156 153
156 156
156 157
156 159
156 160
157 1
157 5
157 22
157 23
157 25
157 27
157 29
157 34
157 36
157 37
157 39
157 40
157 45
157 49
157 52
157 59
157 61
157 63
157 72
157 73
157 74
157 78
157 83
157 85
157 87
157 89
157 99
157 101
157 102
157 104
157 107
157 109
157 110
157 116
157 117
157 119
157 120
157 122
157 127
157 132
157 133
157 140
157 144
157 147
157 148
157 158
158 2
158 4
158 7
158 9
158 10
158 11
158 12
158 15
158 20
158 21
158 26
158 28
158 33
158 34
158 38
158 44
158 45
158 47
158 49
158 53
158 54
158 60
158 62
158 67
158 72
158 73
158 79
158 82
158 88
158 90
158 93
158 98
158 104
158 107
158 109
158 110
158 113
158 121
158 122
158 127
158 128
158 129
158 130
158 133
158 147
158 149
158 152
158 154
158 156
159 1
159 2
159 9
159 12
159 15
159 17
159 28
159 29
159 36
159 40
159 41
159 49
159 54
159 55
159 59
159 61
159 65
159 71
159 72
159 76
159 78
159 80
159 82
159 87
159 91
159 92
159 95
159 97
159 98
159 100
159 105
159 108
159 109
159 111
159 114
159 115
159 116
159 118
159 123
159 125
159 128
159 134
159 137
159 139
159 140
159 145
159 146
159 148
159 150
159 152
159 159
160 2
160 3
160 4
160 8
160 9
160 11
160 12
160 23
160 24
160 27
160 28
160 29
160 34
160 36
160 37
160 38
160 42
160 43
160 48
160 49
160 52
160 60
160 61
160 64
160 65
160 69
160 70
160 75
160 77
160 78
160 81
160 85
160 86
160 91
160 93
160 95
160 96
160 99
160 100
160 103
160 105
160 108
160 110
160 111
160 112
160 113
160 115
160 121
160 122
160 124
160 129
160 131
160 132
160 139
160 140
160 146
160 147
160 150
160 152
160 154
160 157
160 158
161 2
161 3
161 4
161 18
161 20
161 22
161 24
161 25
161 26
161 28
161 37
161 38
161 39
161 43
161 44
161 49
161 51
161 53
161 54
161 56
161 57
161 58
161 60
161 61
161 62
161 64
161 70
161 73
161 76
161 81
161 85
161 91
161 92
161 94
161 100
161 102
161 103
161 104
161 105
161 109
161 110
161 117
161 123
161 125
161 130
161 131
161 133
161 138
161 141
161 143
161 145
161 146
161 148
161 149
161 152
161 156
161 158
161 159
162 4
162 5
162 6
162 8
162 10
162 13
162 14
162 15
162 16
162 19
162 28
162 29
162 30
162 31
162 32
162 34
162 36
162 39
162 42
162 45
162 46
162 47
162 56
162 72
162 80
162 88
162 89
162 109
162 110
162 112
162 115
162 122
162 124
162 129
162 131
162 134
162 136
162 140
162 141
162 151
162 153
162 156
163 5
163 17
163 18
163 20
163 22
163 24
163 28
163 29
163 38
163 44
163 45
163 49
163 50
163 56
163 58
163 59
163 61
163 62
163 64
163 65
163 75
163 81
163 90
163 94
163 96
163 98
163 101
163 103
163 105
163 113
163 116
163 120
163 121
163 125
163 127
163 130
163 132
163 136
163 139
163 143
163 155
164 1
164 5
164 6
164 12
164 21
164 24
164 25
164 29
164 31
164 34
164 40
164 41
164 45
164 49
164 50
164 54
164 63
164 65
164 76
164 77
164 78
164 79
164 82
164 83
164 86
164 90
164 91
164 93
164 96
164 102
164 106
164 110
164 113
164 115
164 117
164 118
164 119
164 120
164 122
164 125
164 129
164 132
164 133
164 137
164 144
164 146
164 148
164 149
164 151
164 156
164 157
165 1
165 2
165 6
165 10
165 11
165 14
165 16
165 20
165 26
165 32
165 41
165 42
165 46
165 47
165 59
165 61
165 64
165 66
165 67
165 72
165 74
165 78
165 80
165 81
165 89
165 91
165 97
165 100
165 103
165 104
165 109
165 113
165 116
165 121
165 129
165 130
165 131
165 132
165 133
165 134
165 135
165 140
165 145
165 147
165 152
165 154
165 155
165 160
166 5
166 6
166 9
166 25
166 26
166 27
166 28
166 29
166 30
166 34
166 37
166 39
166 40
166 46
166 48
166 54
166 55
166 56
166 60
166 64
166 65
166 70
166 75
166 77
166 82
166 86
166 87
166 88
166 90
166 93
166 99
166 102
166 103
166 109
166 110
166 114
166 116
166 119
166 123
166 124
166 125
166 133
166 138
166 140
166 147
166 155
167 2
167 3
167 11
167 13
167 18
167 20
167 21
167 24
167 25
167 28
167 33
167 36
167 41
167 43
167 49
167 53
167 55
167 61
167 63
167 68
167 70
167 78
167 79
167 84
167 86
167 88
167 89
167 90
167 91
167 94
167 96
167 102
167 108
167 110
167 112
167 113
167 114
167 119
167 131
167 134
167 136
167 139
167 141
167 142
167 145
167 151
167 154
167 155
167 157
168 5
168 8
168 10
168 14
168 23
168 24
168 25
168 28
168 32
168 33
168 34
168 35
168 37
168 38
168 39
168 40
168 43
168 45
168 46
168 54
168 56
168 58
168 62
168 67
168 68
168 72
168 75
168 76
168 77
168 79
168 81
168 85
168 89
168 91
168 99
168 100
168 101
168 107
168 110
168 113
168 116
168 117
168 131
168 133
168 139
168 142
168 146
168 147
168 157
168 160
169 9
169 10
169 15
169 24
169 28
169 29
169 32
169 34
169 36
169 37
169 39
169 42
169 47
169 51
169 54
169 55
169 59
169 61
169 62
169 65
169 71
169 73
169 74
169 75
169 77
169 78
169 81
169 92
169 96
169 99
169 100
169 106
169 117
169 120
169 122
169 124
169 127
169 131
169 132
169 133
169 135
169 136
169 137
169 140
169 143
169 144
169 148
169 150
169 156
169 158
169 160
170 4
170 7
170 8
170 9
170 15
170 16
170 18
170 24
170 27
170 36
170 37
170 38
170 40
170 41
170 48
170 54
170 55
170 57
170 58
170 60
170 63
170 64
170 69
170 73
170 74
170 79
170 80
170 84
170 85
170 89
170 90
170 95
170 97
170 102
170 108
170 111
170 117
170 122
170 123
170 124
170 125
170 126
170 131
170 135
170 143
170 145
170 146
170 147
170 148
170 149
170 151
170 153
170 157
171 1
171 4
171 5
171 7
171 8
171 10
171 18
171 22
171 24
171 26
171 27
171 28
171 31
171 32
171 39
171 42
171 43
171 45
171 51
171 53
171 57
171 58
171 63
171 65
171 72
171 79
171 84
171 85
171 89
171 90
171 92
171 99
171 101
171 107
171 110
171 114
171 118
171 123
171 125
171 129
171 131
171 132
171 135
171 142
171 144
171 149
171 152
171 154
171 157
172 1
172 9
172 13
172 15
172 17
172 21
172 24
172 26
172 30
172 32
172 33
172 34
172 41
172 42
172 45
172 50
172 55
172 56
172 57
172 58
172 61
172 68
172 70
172 74
172 77
172 78
172 80
172 81
172 84
172 88
172 89
172 91
172 97
172 99
172 100
172 101
172 104
172 108
172 111
172 112
172 120
172 122
172 124
172 127
172 128
172 132
172 133
172 143
172 145
172 149
172 150
172 153
172 155
172 156
173 3
173 7
173 11
173 13
173 16
173 17
173 23
173 25
173 28
173 31
173 34
173 36
173 37
173 39
173 40
173 41
173 46
173 49
173 50
173 51
173 54
173 55
173 56
173 62
173 63
173 74
173 79
173 80
173 84
173 85
173 87
173 88
173 91
173 93
173 97
173 98
173 99
173 114
173 118
173 122
173 123
173 126
173 132
173 146
173 152
173 159
174 4
174 5
174 15
174 25
174 27
174 31
174 34
174 37
174 38
174 46
174 48
174 51
174 52
174 53
174 64
174 65
174 66
174 69
174 70
174 71
174 76
174 78
174 81
174 82
174 88
174 89
174 92
174 102
174 105
174 106
174 107
174 108
174 110
174 122
174 123
174 124
174 126
174 128
174 129
174 130
174 131
174 136
174 138
174 142
174 143
174 149
174 151
174 152
174 153
175 1
175 2
175 6
175 8
175 12
175 15
175 16
175 17
175 18
175 22
175 23
175 24
175 27
175 29
175 42
175 44
175 47
175 48
175 51
175 53
175 54
175 61
175 65
175 66
175 72
175 75
175 76
175 81
175 82
175 88
175 90
175 92
175 98
175 99
175 100
175 101
175 104
175 111
175 115
175 117
175 118
175 131
175 132
175 141
175 146
175 147
175 150
175 151
175 155
175 156
175 157
175 158
176 20
176 28
176 33
176 34
176 36
176 38
176 39
176 41
176 44
176 49
176 51
176 52
176 55
176 59
176 60
176 66
176 69
176 71
176 72
176 76
176 85
176 90
176 94
176 95
176 99
176 104
176 113
176 117
176 118
176 119
176 120
176 122
176 123
176 129
176 130
176 132
176 145
176 151
176 153
176 154
177 2
177 4
177 5
177 6
177 7
177 13
177 14
177 18
177 19
177 21
177 27
177 31
177 37
177 41
177 42
177 44
177 48
177 51
177 53
177 54
177 68
177 69
177 73
177 74
177 79
177 84
177 85
177 86
177 90
177 91
177 92
177 94
177 96
177 99
177 101
177 108
177 122
177 126
177 129
177 132
177 137
177 138
177 145
177 147
177 151
177 156
177 157
178 1
178 4
178 7
178 8
178 10
178 15
178 26
178 30
178 32
178 35
178 39
178 41
178 42
178 46
178 49
178 51
178 52
178 55
178 57
178 67
178 69
178 70
178 72
178 76
178 79
178 84
178 85
178 97
178 102
178 105
178 108
178 119
178 124
178 126
178 128
178 130
178 133
178 135
178 136
178 139
178 144
178 149
178 150
178 156
178 157
179 5
179 9
179 15
179 16
179 18
179 19
179 20
179 31
179 32
179 36
179 37
179 40
179 42
179 43
179 44
179 46
179 48
179 49
179 52
179 55
179 64
179 69
179 71
179 76
179 80
179 84
179 85
179 91
179 95
179 98
179 101
179 103
179 116
179 117
179 120
179 123
179 125
179 133
179 135
179 137
179 139
179 142
179 144
179 146
179 153
179 159
180 11
180 14
180 17
180 20
180 22
180 24
180 25
180 29
180 30
180 34
180 37
180 43
180 44
180 45
180 47
180 54
180 57
180 58
180 61
180 69
180 93
180 94
180 103
180 104
180 106
180 111
180 113
180 116
180 117
180 118
180 123
180 125
180 139
180 141
180 142
180 151
180 153
180 156
180 157
180 159
181 1
181 7
181 9
181 18
181 19
181 20
181 28
181 31
181 32
181 35
181 37
181 40
181 41
181 43
181 45
181 46
181 48
181 50
181 51
181 53
181 60
181 62
181 63
181 71
181 72
181 75
181 79
181 82
181 85
181 86
181 88
181 91
181 92
181 95
181 96
181 98
181 99
181 103
181 105
181 108
181 111
181 112
181 113
181 114
181 115
181 116
181 117
181 118
181 120
181 121
181 125
181 128
181 131
181 134
181 140
181 145
181 151
181 154
181 155
181 160
182 4
182 5
182 10
182 14
182 15
182 17
182 23
182 24
182 28
182 35
182 37
182 41
182 43
182 45
182 47
182 49
182 54
182 55
182 60
182 63
182 67
182 70
182 74
182 76
182 85
182 86
182 87
182 89
182 90
182 92
182 93
182 97
182 99
182 103
182 106
182 121
182 122
182 123
182 124
182 129
182 134
182 135
182 141
182 147
182 148
182 157
183 4
183 5
183 8
183 9
183 10
183 14
183 16
183 18
183 26
183 28
183 31
183 32
183 40
183 41
183 42
183 43
183 49
183 50
183 57
183 71
183 72
183 77
183 79
183 83
183 88
183 93
183 94
183 96
183 100
183 101
183 102
183 104
183 105
183 106
183 109
183 115
183 116
183 123
183 126
183 128
183 130
183 131
183 134
183 137
183 143
183 144
183 147
183 152
183 154
183 160
184 2
184 3
184 6
184 11
184 15
184 18
184 20
184 30
184 33
184 34
184 36
184 37
184 39
184 42
184 44
184 45
184 51
184 52
184 56
184 62
184 64
184 69
184 72
184 79
184 82
184 87
184 90
184 91
184 96
184 100
184 101
184 102
184 104
184 109
184 111
184 114
184 117
184 121
184 123
184 124
184 125
184 130
184 133
184 134
184 136
184 141
184 145
184 147
184 148
184 150
184 158
185 1
185 2
185 4
185 5
185 9
185 10
185 14
185 17
185 23
185 24
185 25
185 28
185 30
185 38
185 43
185 51
185 52
185 54
185 56
185 57
185 64
185 66
185 68
185 69
185 73
185 74
185 76
185 78
185 83
185 84
185 85
185 98
185 102
185 107
185 108
185 115
185 116
185 117
185 119
185 128
185 133
185 140
185 142
185 150
185 151
185 153
185 157
185 158
185 159
186 4
186 5
186 7
186 9
186 15
186 19
186 20
186 27
186 28
186 29
186 30
186 33
186 39
186 42
186 43
186 44
186 45
186 55
186 64
186 65
186 72
186 75
186 77
186 78
186 89
186 90
186 93
186 95
186 102
186 110
186 111
186 115
186 121
186 129
186 135
186 138
186 139
186 140
186 148
186 154
186 155
186 157
186 159
187 6
187 7
187 14
187 20
187 21
187 25
187 29
187 34
187 36
187 37
187 42
187 45
187 48
187 51
187 53
187 54
187 62
187 67
187 70
187 73
187 74
187 77
187 81
187 82
187 84
187 87
187 94
187 96
187 102
187 103
187 105
187 112
187 113
187 114
187 115
187 118
187 119
187 120
187 121
187 122
187 127
187 130
187 136
187 137
187 142
187 146
187 148
188 3
188 5
188 6
188 7
188 17
188 24
188 26
188 29
188 31
188 32
188 36
188 39
188 47
188 48
188 49
188 61
188 66
188 68
188 72
188 73
188 74
188 75
188 84
188 86
188 89
188 90
188 91
188 96
188 100
188 101
188 102
188 103
188 105
188 107
188 108
188 109
188 111
188 115
188 116
188 120
188 121
188 123
188 125
188 127
188 129
188 132
188 133
188 138
188 139
188 141
188 142
188 147
188 152
188 154
188 155
189 8
189 9
189 11
189 18
189 20
189 21
189 23
189 28
189 30
189 31
189 32
189 34
189 38
189 45
189 47
189 48
189 50
189 56
189 59
189 63
189 64
189 70
189 76
189 80
189 81
189 84
189 87
189 91
189 98
189 102
189 118
189 119
189 120
189 121
189 128
189 129
189 130
189 134
189 140
189 141
189 142
189 143
189 144
189 146
189 152
189 158
190 3
190 5
190 6
190 8
190 14
190 19
190 25
190 32
190 33
190 34
190 39
190 41
190 48
190 49
190 54
190 57
190 60
190 63
190 66
190 72
190 77
190 80
190 84
190 85
190 87
190 89
190 90
190 94
190 96
190 97
190 98
190 99
190 102
190 103
190 108
190 110
190 111
190 122
190 124
190 125
190 126
190 131
190 137
190 145
190 147
190 151
190 154
190 155
190 157
191 1
191 4
191 8
191 11
191 14
191 16
191 18
191 19
191 20
191 25
191 27
191 28
191 29
191 30
191 38
191 40
191 42
191 44
191 52
191 53
191 56
191 57
191 60
191 67
191 72
191 81
191 82
191 83
191 84
191 96
191 104
191 106
191 112
191 114
191 121
191 128
191 130
191 139
191 142
191 144
191 150
191 151
191 153
191 157
191 158
192 2
192 3
192 16
192 20
192 22
192 31
192 34
192 36
192 40
192 42
192 44
192 51
192 54
192 57
192 59
192 62
192 64
192 65
192 66
192 70
192 79
192 81
192 82
192 84
192 86
192 89
192 91
192 95
192 103
192 105
192 110
192 111
192 113
192 114
192 116
192 120
192 121
192 122
192 124
192 132
192 136
192 142
192 146
192 150
192 155
192 157
192 160
193 1
193 7
193 10
193 12
193 15
193 23
193 24
193 31
193 33
193 37
193 39
193 48
193 50
193 51
193 53
193 58
193 60
193 67
193 68
193 73
193 74
193 75
193 77
193 80
193 85
193 92
193 97
193 107
193 110
193 111
193 112
193 114
193 116
193 122
193 126
193 133
193 137
193 139
193 140
193 144
193 145
193 146
193 147
193 152
193 155
193 159
194 1
194 3
194 4
194 5
194 6
194 10
194 11
194 12
194 15
194 17
194 24
194 33
194 35
194 36
194 44
194 54
194 58
194 60
194 64
194 65
194 66
194 67
194 73
194 75
194 78
194 79
194 83
194 84
194 93
194 94
194 100
194 101
194 102
194 103
194 105
194 108
194 110
194 111
194 112
194 113
194 116
194 118
194 127
194 128
194 129
194 130
194 132
194 134
194 139
194 145
194 146
194 148
194 157
195 1
195 5
195 7
195 9
195 10
195 16
195 21
195 23
195 28
195 32
195 33
195 45
195 47
195 48
195 50
195 52
195 59
195 67
195 78
195 85
195 91
195 92
195 102
195 111
195 116
195 124
195 130
195 134
195 136
195 137
195 143
195 144
195 147
195 148
195 155
195 158
195 159
196 1
196 3
196 4
196 5
196 7
196 9
196 10
196 11
196 16
196 25
196 26
196 27
196 28
196 31
196 45
196 50
196 54
196 56
196 57
196 60
196 61
196 62
196 67
196 70
196 76
196 78
196 79
196 81
196 84
196 86
196 87
196 97
196 98
196 100
196 103
196 110
196 111
196 115
196 117
196 119
196 123
196 124
196 127
196 131
196 132
196 141
196 142
196 144
196 148
196 152
196 153
196 155
196 156
197 8
197 15
197 25
197 29
197 30
197 37
197 38
197 40
197 44
197 47
197 48
197 49
197 55
197 58
197 60
197 63
197 70
197 73
197 77
197 79
197 80
197 87
197 90
197 92
197 97
197 100
197 109
197 110
197 112
197 114
197 116
197 117
197 121
197 130
197 131
197 150
197 151
197 157
197 159
198 8
198 10
198 11
198 21
198 22
198 24
198 29
198 30
198 32
198 34
198 37
198 38
198 39
198 45
198 46
198 50
198 52
198 54
198 55
198 56
198 58
198 59
198 60
198 62
198 71
198 73
198 75
198 79
198 82
198 84
198 85
198 98
198 105
198 109
198 110
198 112
198 115
198 119
198 122
198 123
198 126
198 128
198 131
198 132
198 136
198 138
198 142
198 145
198 148
198 154
198 156
198 157
199 1
199 4
199 6
199 9
199 10
199 12
199 15
199 21
199 23
199 26
199 29
199 30
199 34
199 36
199 47
199 50
199 52
199 53
199 54
199 59
199 60
199 61
199 63
199 75
199 80
199 81
199 84
199 85
199 87
199 89
199 91
199 94
199 99
199 101
199 102
199 105
199 106
199 112
199 118
199 121
199 122
199 131
199 135
199 139
199 140
199 143
199 144
199 149
199 153
199 157
199 159
200 5
200 10
200 17
200 20
200 21
200 24
200 25
200 28
200 30
200 34
200 35
200 41
200 44
200 45
200 49
200 53
200 56
200 63
200 67
200 68
200 74
200 75
200 76
200 79
200 80
200 82
200 88
200 92
200 95
200 97
200 98
200 104
200 106
200 107
200 113
200 118
200 119
200 120
200 126
200 127
200 128
200 130
200 134
200 136
200 137
200 142
200 143
200 146
200 152
200 157
