80 64 1551
1 4
1 9
1 13
1 17
1 28
1 32
1 41
1 44
1 45
1 46
1 60
1 64
2 2
2 7
2 12
2 13
2 15
2 18
2 21
2 26
2 27
2 35
2 38
2 40
2 44
2 45
2 48
2 51
2 52
2 58
2 59
3 6
3 8
3 18
3 21
3 22
3 25
3 27
3 28
3 30
3 34
3 39
3 41
3 42
3 46
3 47
3 50
3 52
3 55
3 64
4 1
4 2
4 4
4 8
4 21
4 22
4 26
4 27
4 34
4 35
4 40
4 41
4 48
4 55
4 58
4 63
5 2
5 4
5 7
5 9
5 11
5 15
5 18
5 19
5 21
5 24
5 26
5 27
5 30
5 41
5 45
5 47
5 50
5 53
5 57
5 58
5 63
6 1
6 5
6 8
6 9
6 15
6 26
6 28
6 29
6 30
6 31
6 32
6 33
6 41
6 45
6 51
6 53
6 55
6 61
6 62
6 64
7 1
7 3
7 6
7 11
7 12
7 16
7 17
7 18
7 19
7 26
7 31
7 35
7 47
7 64
8 1
8 3
8 5
8 6
8 7
8 11
8 16
8 20
8 25
8 26
8 31
8 33
8 34
8 36
8 44
8 45
8 53
8 59
8 62
9 1
9 2
9 3
9 8
9 13
9 14
9 16
9 24
9 27
9 31
9 36
9 39
9 41
9 45
9 47
9 49
9 53
9 56
9 57
9 60
9 62
10 2
10 4
10 8
10 10
10 11
10 14
10 19
10 20
10 22
10 29
10 34
10 35
10 37
10 45
10 53
10 56
10 57
10 58
11 6
11 7
11 10
11 11
11 18
11 19
11 21
11 25
11 30
11 32
11 39
11 41
11 42
11 43
11 44
11 47
11 49
11 60
11 64
12 3
12 4
12 6
12 8
12 12
12 13
12 22
12 24
12 25
12 28
12 30
12 31
12 32
12 34
12 38
12 41
12 44
12 45
12 49
12 51
12 53
12 57
13 2
13 5
13 6
13 11
13 12
13 14
13 15
13 16
13 18
13 19
13 31
13 32
13 33
13 39
13 43
13 45
13 46
13 48
13 49
13 55
13 61
13 63
13 64
14 1
14 9
14 19
14 22
14 28
14 35
14 42
14 49
14 52
14 55
14 57
14 59
14 61
14 62
15 1
15 3
15 6
15 15
15 21
15 23
15 24
15 27
15 28
15 30
15 32
15 41
15 44
15 45
15 50
15 53
15 54
15 55
15 56
15 57
15 62
16 2
16 4
16 8
16 9
16 10
16 14
16 20
16 22
16 41
16 42
16 45
16 47
16 48
16 49
16 53
16 54
16 57
16 59
16 61
16 63
17 2
17 4
17 8
17 9
17 12
17 18
17 19
17 20
17 26
17 28
17 34
17 36
17 46
17 48
17 49
17 53
17 54
17 62
17 64
18 3
18 4
18 5
18 16
18 17
18 24
18 25
18 29
18 32
18 34
18 36
18 38
18 42
18 48
18 49
18 52
18 54
18 56
18 58
18 59
18 61
19 2
19 9
19 11
19 15
19 20
19 22
19 24
19 28
19 30
19 31
19 34
19 37
19 39
19 46
19 48
19 49
19 54
19 55
19 57
19 60
19 64
20 1
20 2
20 3
20 5
20 7
20 8
20 10
20 14
20 18
20 22
20 25
20 26
20 34
20 37
20 40
20 41
20 43
20 46
20 47
20 49
20 50
20 52
20 57
20 58
21 2
21 5
21 12
21 19
21 23
21 24
21 26
21 32
21 34
21 41
21 47
21 51
21 54
21 56
21 58
21 61
22 7
22 8
22 10
22 14
22 20
22 23
22 34
22 36
22 43
22 44
22 46
22 47
22 49
22 52
22 59
22 62
23 1
23 2
23 3
23 5
23 7
23 14
23 16
23 18
23 20
23 23
23 25
23 26
23 27
23 36
23 37
23 39
23 48
24 15
24 26
24 27
24 32
24 44
24 52
24 57
24 58
25 5
25 6
25 7
25 8
25 10
25 16
25 17
25 20
25 24
25 25
25 27
25 29
25 34
25 35
25 37
25 38
25 43
25 45
25 56
25 57
25 62
26 3
26 5
26 6
26 8
26 9
26 12
26 13
26 15
26 24
26 26
26 29
26 30
26 37
26 38
26 43
26 45
26 47
26 52
26 57
26 63
26 64
27 2
27 11
27 12
27 15
27 19
27 21
27 22
27 23
27 31
27 33
27 34
27 36
27 38
27 39
27 40
27 41
27 46
27 49
27 50
27 60
27 62
27 63
28 8
28 9
28 16
28 19
28 22
28 27
28 28
28 39
28 40
28 46
28 49
28 58
28 61
28 63
28 64
29 6
29 10
29 12
29 16
29 20
29 21
29 23
29 26
29 27
29 28
29 30
29 31
29 34
29 40
29 45
29 46
29 47
29 48
29 50
29 52
29 56
29 57
30 1
30 3
30 4
30 7
30 8
30 11
30 14
30 15
30 16
30 20
30 21
30 24
30 25
30 30
30 32
30 33
30 38
30 40
30 43
30 49
30 50
30 55
30 60
31 1
31 8
31 14
31 17
31 18
31 22
31 24
31 26
31 30
31 31
31 34
31 40
31 42
31 48
31 52
31 56
31 61
31 64
32 5
32 10
32 11
32 17
32 20
32 29
32 31
32 33
32 34
32 37
32 39
32 40
32 42
32 43
32 44
32 50
32 55
32 58
32 60
32 62
32 63
33 6
33 11
33 12
33 17
33 19
33 27
33 28
33 30
33 34
33 36
33 38
33 40
33 43
33 44
33 47
33 49
33 50
33 56
33 63
34 1
34 5
34 9
34 12
34 14
34 16
34 18
34 22
34 23
34 25
34 26
34 28
34 29
34 34
34 36
34 39
34 42
34 44
34 45
34 46
34 55
34 57
34 61
35 2
35 3
35 6
35 8
35 13
35 17
35 18
35 19
35 33
35 34
35 39
35 44
35 45
35 48
35 54
35 55
35 64
36 5
36 8
36 11
36 15
36 28
36 29
36 30
36 35
36 37
36 38
36 51
36 54
36 56
36 60
36 62
37 1
37 3
37 5
37 10
37 18
37 19
37 24
37 28
37 29
37 32
37 37
37 38
37 40
37 41
37 43
37 48
37 64
38 18
38 23
38 30
38 34
38 35
38 39
38 40
38 42
38 46
38 50
38 55
38 58
38 60
38 62
39 7
39 15
39 16
39 18
39 19
39 20
39 25
39 29
39 37
39 39
39 41
39 45
39 50
39 55
39 56
39 57
39 61
39 64
40 1
40 3
40 7
40 8
40 13
40 17
40 20
40 25
40 26
40 29
40 30
40 34
40 37
40 49
40 54
40 55
40 57
40 58
40 60
40 63
41 3
41 6
41 7
41 10
41 13
41 15
41 24
41 29
41 35
41 39
41 43
41 47
41 48
41 49
41 51
41 53
41 55
41 63
42 8
42 10
42 11
42 14
42 15
42 18
42 20
42 21
42 26
42 27
42 33
42 35
42 39
42 42
42 45
42 49
42 51
42 52
42 54
42 61
42 64
43 1
43 4
43 6
43 8
43 10
43 12
43 14
43 17
43 18
43 23
43 25
43 29
43 32
43 34
43 35
43 38
43 39
43 43
43 47
43 48
43 60
44 9
44 13
44 14
44 20
44 21
44 27
44 38
44 40
44 41
44 54
44 57
44 60
44 61
45 1
45 2
45 13
45 14
45 16
45 19
45 22
45 25
45 29
45 33
45 34
45 40
45 58
45 59
45 62
46 2
46 5
46 6
46 9
46 11
46 21
46 22
46 25
46 27
46 29
46 31
46 35
46 41
46 44
46 47
46 48
46 56
46 57
46 63
47 7
47 10
47 11
47 18
47 23
47 25
47 27
47 29
47 31
47 33
47 35
47 37
47 39
47 40
47 41
47 42
47 48
47 49
47 55
47 58
47 59
47 60
47 62
47 63
47 64
48 3
48 7
48 10
48 17
48 19
48 20
48 24
48 25
48 26
48 29
48 34
48 39
48 41
48 42
48 48
48 49
48 52
48 54
48 61
49 7
49 8
49 9
49 10
49 13
49 16
49 19
49 20
49 24
49 25
49 26
49 27
49 31
49 32
49 34
49 36
49 40
49 41
49 44
49 46
49 48
49 50
49 51
49 52
49 56
49 58
49 59
49 61
49 62
49 63
50 10
50 13
50 21
50 23
50 28
50 30
50 37
50 38
50 41
50 43
50 48
50 51
50 52
50 54
50 56
50 61
50 63
50 64
51 3
51 6
51 7
51 8
51 13
51 16
51 21
51 24
51 27
51 29
51 34
51 38
51 39
51 40
51 43
51 45
51 49
51 50
51 58
51 59
51 60
51 61
51 63
52 3
52 7
52 8
52 10
52 11
52 13
52 20
52 22
52 24
52 28
52 30
52 31
52 34
52 36
52 42
52 48
52 52
52 53
52 56
52 58
52 59
53 5
53 7
53 12
53 14
53 16
53 25
53 27
53 30
53 33
53 36
53 39
53 44
53 47
53 49
53 52
53 54
53 55
53 64
54 1
54 2
54 4
54 5
54 9
54 12
54 13
54 16
54 17
54 18
54 20
54 21
54 22
54 25
54 27
54 32
54 36
54 42
54 44
54 49
54 50
54 54
54 55
54 56
54 58
54 61
54 64
55 4
55 5
55 10
55 15
55 17
55 18
55 20
55 24
55 33
55 35
55 39
55 41
55 43
55 47
55 48
55 49
55 50
55 53
55 58
55 61
56 3
56 6
56 8
56 11
56 19
56 23
56 26
56 30
56 37
56 38
56 44
56 47
56 57
56 61
56 62
56 63
57 1
57 3
57 4
57 8
57 12
57 14
57 19
57 26
57 29
57 30
57 34
57 35
57 41
57 44
57 46
57 47
57 48
57 52
57 54
57 56
57 58
57 61
57 62
58 2
58 4
58 5
58 6
58 10
58 16
58 20
58 21
58 25
58 26
58 29
58 34
58 36
58 40
58 44
58 51
58 54
58 56
58 60
58 61
59 5
59 6
59 10
59 14
59 17
59 18
59 21
59 27
59 28
59 29
59 31
59 33
59 36
59 38
59 41
59 55
60 7
60 11
60 13
60 20
60 22
60 23
60 24
60 25
60 28
60 30
60 37
60 38
60 41
60 42
60 44
60 48
60 52
60 55
60 59
60 60
60 62
60 64
61 5
61 7
61 13
61 21
61 28
61 29
61 33
61 34
61 36
61 37
61 39
61 40
61 45
61 51
61 52
61 58
61 59
61 64
62 5
62 8
62 9
62 11
62 15
62 19
62 21
62 23
62 26
62 28
62 31
62 33
62 34
62 45
62 56
62 58
62 59
62 63
63 2
63 3
63 7
63 9
63 13
63 22
63 23
63 34
63 36
63 37
63 38
63 44
63 49
63 52
63 58
63 62
63 63
63 64
64 1
64 9
64 11
64 12
64 15
64 17
64 18
64 20
64 21
64 22
64 24
64 25
64 29
64 33
64 35
64 37
64 39
64 44
64 50
64 54
64 60
65 4
65 6
65 8
65 9
65 10
65 11
65 16
65 17
65 18
65 19
65 27
65 32
65 38
65 42
65 44
65 47
65 48
65 50
65 51
65 52
65 58
65 61
65 63
65 64
66 6
66 7
66 15
66 20
66 23
66 32
66 33
66 37
66 45
66 48
66 60
66 61
66 62
67 2
67 3
67 4
67 8
67 13
67 22
67 25
67 26
67 28
67 33
67 36
67 39
67 48
67 57
67 58
67 60
67 61
68 7
68 12
68 21
68 24
68 26
68 27
68 32
68 33
68 34
68 37
68 42
68 47
68 50
68 51
68 53
68 54
68 56
68 58
69 4
69 7
69 10
69 11
69 13
69 14
69 15
69 19
69 20
69 22
69 25
69 29
69 35
69 36
69 38
69 46
69 49
69 55
69 57
69 63
70 3
70 4
70 5
70 9
70 10
70 11
70 12
70 13
70 18
70 19
70 24
70 28
70 33
70 34
70 37
70 39
70 44
70 45
70 46
70 49
70 50
70 53
70 55
70 56
70 59
70 60
70 63
71 5
71 9
71 10
71 21
71 22
71 24
71 27
71 28
71 29
71 31
71 33
71 37
71 44
71 48
71 51
71 52
71 55
71 57
71 62
71 63
72 3
72 5
72 7
72 13
72 19
72 21
72 22
72 24
72 25
72 36
72 39
72 50
72 55
72 56
72 61
72 62
73 5
73 6
73 7
73 10
73 15
73 19
73 20
73 23
73 28
73 29
73 32
73 35
73 36
73 37
73 41
73 46
73 48
73 49
73 50
73 51
73 54
73 57
73 58
73 59
73 61
73 64
74 4
74 7
74 10
74 12
74 16
74 21
74 34
74 42
74 46
74 51
74 52
74 54
74 56
74 63
74 64
75 1
75 4
75 7
75 18
75 20
75 29
75 30
75 31
75 32
75 33
75 38
75 41
75 45
75 49
75 51
75 53
75 54
75 55
75 58
75 62
75 64
76 1
76 6
76 8
76 10
76 14
76 23
76 24
76 27
76 28
76 29
76 31
76 32
76 37
76 43
76 45
76 48
76 52
76 57
76 59
76 61
76 63
77 4
77 6
77 9
77 11
77 12
77 13
77 14
77 18
77 24
77 27
77 28
77 29
77 32
77 35
77 36
77 37
77 38
77 39
77 41
77 46
77 49
77 52
77 56
77 58
77 61
77 63
78 3
78 13
78 17
78 21
78 22
78 23
78 24
78 26
78 33
78 39
78 52
78 57
78 61
78 63
79 1
79 5
79 6
79 7
79 11
79 14
79 15
79 16
79 17
79 20
79 24
79 25
79 30
79 37
79 39
79 41
79 42
79 45
79 47
79 50
79 56
79 57
79 62
79 63
79 64
80 2
80 13
80 15
80 16
80 19
80 21
80 23
80 24
80 27
80 28
80 30
80 35
80 36
80 39
80 43
80 50
80 53
80 55
80 58
80 60
80 62
80 64
