100 80 2376
1 3
1 8
1 14
1 17
1 18
1 22
1 23
1 24
1 28
1 38
1 46
1 49
1 53
1 55
1 58
1 60
1 69
1 72
1 73
2 7
2 11
2 17
2 22
2 23
2 27
2 28
2 33
2 34
2 39
2 42
2 48
2 50
2 51
2 65
2 66
2 67
2 69
2 76
2 77
2 80
3 3
3 7
3 10
3 11
3 12
3 14
3 15
3 23
3 26
3 29
3 31
3 34
3 36
3 46
3 48
3 50
3 51
3 52
3 53
3 60
3 62
3 64
3 67
3 69
3 71
3 75
3 79
4 1
4 4
4 8
4 16
4 18
4 19
4 21
4 24
4 30
4 32
4 36
4 38
4 42
4 45
4 46
4 47
4 48
4 49
4 51
4 58
4 63
4 66
4 73
4 77
4 80
5 4
5 7
5 10
5 17
5 19
5 22
5 26
5 31
5 33
5 36
5 39
5 40
5 43
5 46
5 47
5 49
5 51
5 57
5 63
5 66
5 71
5 73
5 80
6 2
6 8
6 11
6 13
6 16
6 19
6 25
6 26
6 29
6 31
6 33
6 37
6 41
6 44
6 51
6 60
6 63
6 64
6 67
6 68
6 69
6 70
6 76
6 77
6 78
6 80
7 2
7 5
7 8
7 9
7 10
7 17
7 20
7 21
7 22
7 23
7 24
7 25
7 26
7 27
7 29
7 31
7 34
7 35
7 38
7 39
7 40
7 43
7 45
7 47
7 48
7 50
7 57
7 58
7 66
7 70
7 72
7 75
7 78
8 3
8 5
8 6
8 9
8 10
8 16
8 17
8 19
8 20
8 23
8 25
8 27
8 29
8 32
8 35
8 36
8 41
8 47
8 49
8 57
8 67
8 69
8 70
8 72
8 79
9 3
9 5
9 6
9 7
9 8
9 12
9 14
9 19
9 20
9 26
9 29
9 31
9 33
9 35
9 44
9 47
9 49
9 50
9 54
9 61
9 66
9 75
9 76
10 2
10 4
10 7
10 9
10 10
10 12
10 13
10 26
10 32
10 33
10 36
10 38
10 44
10 54
10 57
10 63
10 67
10 75
10 76
10 79
11 2
11 18
11 19
11 25
11 28
11 32
11 34
11 35
11 36
11 37
11 41
11 42
11 45
11 50
11 52
11 53
11 57
11 59
11 63
11 68
11 70
11 73
11 74
11 77
11 79
11 80
12 2
12 8
12 13
12 19
12 25
12 26
12 27
12 29
12 31
12 34
12 36
12 38
12 47
12 49
12 51
12 52
12 53
12 55
12 56
12 57
12 58
12 61
12 63
12 64
12 65
12 67
12 68
12 71
13 3
13 7
13 10
13 18
13 26
13 40
13 41
13 43
13 45
13 54
13 63
13 68
13 71
13 72
13 77
13 79
13 80
14 6
14 16
14 17
14 18
14 19
14 20
14 29
14 34
14 36
14 39
14 40
14 42
14 44
14 48
14 60
14 61
14 66
14 67
14 72
14 73
14 75
14 77
14 80
15 1
15 3
15 4
15 6
15 8
15 9
15 10
15 16
15 21
15 25
15 26
15 35
15 47
15 48
15 49
15 51
15 53
15 54
15 60
15 68
15 76
15 78
15 79
15 80
16 1
16 4
16 7
16 9
16 10
16 14
16 18
16 34
16 39
16 40
16 50
16 51
16 53
16 56
16 58
16 59
16 64
16 66
16 68
16 70
17 1
17 2
17 4
17 5
17 10
17 13
17 19
17 24
17 26
17 30
17 36
17 37
17 41
17 42
17 52
17 53
17 54
17 59
17 60
17 61
17 64
17 65
17 77
17 78
17 80
18 7
18 22
18 25
18 26
18 27
18 28
18 32
18 35
18 38
18 42
18 43
18 47
18 49
18 54
18 56
18 59
18 66
18 67
18 68
18 70
18 76
19 2
19 5
19 7
19 8
19 10
19 13
19 15
19 18
19 19
19 26
19 28
19 34
19 35
19 38
19 40
19 42
19 43
19 44
19 47
19 49
19 51
19 60
19 62
19 64
19 65
19 66
19 69
19 70
19 79
20 4
20 5
20 8
20 10
20 17
20 19
20 24
20 27
20 30
20 31
20 35
20 36
20 38
20 39
20 41
20 45
20 46
20 47
20 52
20 55
20 58
20 71
20 73
20 74
20 75
20 78
21 2
21 4
21 5
21 7
21 8
21 11
21 13
21 15
21 21
21 26
21 31
21 39
21 45
21 53
21 54
21 58
21 61
21 64
21 74
21 75
21 76
21 79
22 14
22 17
22 20
22 21
22 23
22 32
22 33
22 34
22 35
22 44
22 50
22 51
22 52
22 67
22 72
22 74
22 75
22 77
22 80
23 1
23 7
23 10
23 17
23 18
23 21
23 23
23 24
23 25
23 27
23 29
23 30
23 35
23 36
23 38
23 41
23 43
23 47
23 53
23 60
23 65
23 67
23 69
23 72
23 73
23 78
23 79
23 80
24 4
24 5
24 10
24 12
24 16
24 20
24 26
24 27
24 29
24 30
24 38
24 40
24 45
24 52
24 56
24 62
24 66
24 67
24 68
24 69
24 71
24 74
25 5
25 6
25 23
25 26
25 28
25 32
25 35
25 38
25 40
25 41
25 43
25 44
25 46
25 52
25 61
25 62
25 65
25 67
25 70
25 79
25 80
26 1
26 2
26 4
26 7
26 14
26 21
26 23
26 26
26 27
26 29
26 30
26 36
26 38
26 41
26 48
26 50
26 52
26 56
26 57
26 60
26 61
26 63
26 64
26 71
26 76
26 77
27 5
27 6
27 8
27 15
27 16
27 18
27 25
27 29
27 34
27 39
27 45
27 47
27 50
27 51
27 53
27 58
27 60
27 69
27 71
27 72
27 75
27 78
28 2
28 12
28 13
28 14
28 15
28 24
28 28
28 29
28 32
28 35
28 38
28 39
28 40
28 42
28 53
28 55
28 60
28 61
28 63
28 67
28 69
28 79
29 4
29 7
29 10
29 12
29 14
29 17
29 21
29 26
29 29
29 30
29 31
29 32
29 35
29 42
29 45
29 47
29 48
29 50
29 52
29 54
29 62
29 65
29 69
29 71
29 75
29 76
30 1
30 5
30 10
30 14
30 17
30 21
30 24
30 25
30 26
30 31
30 33
30 34
30 37
30 42
30 49
30 50
30 55
30 57
30 64
30 66
30 72
30 74
30 77
31 1
31 2
31 5
31 13
31 22
31 24
31 25
31 29
31 40
31 41
31 43
31 45
31 47
31 50
31 54
31 56
31 58
31 59
31 62
31 68
31 74
32 4
32 8
32 10
32 15
32 20
32 28
32 32
32 34
32 48
32 50
32 56
32 57
32 59
32 63
32 67
32 71
32 76
32 79
32 80
33 1
33 3
33 7
33 8
33 9
33 10
33 11
33 14
33 19
33 25
33 26
33 29
33 31
33 34
33 36
33 37
33 41
33 47
33 50
33 51
33 53
33 55
33 58
33 59
33 63
33 66
34 2
34 4
34 9
34 11
34 13
34 15
34 22
34 23
34 26
34 27
34 30
34 34
34 36
34 43
34 48
34 52
34 61
34 63
34 64
34 66
34 67
34 69
34 70
34 71
34 80
35 8
35 11
35 12
35 20
35 21
35 24
35 37
35 40
35 43
35 46
35 47
35 49
35 51
35 52
35 55
35 56
35 57
35 58
35 59
35 60
35 65
35 75
35 78
36 1
36 5
36 9
36 10
36 11
36 13
36 14
36 15
36 17
36 20
36 24
36 27
36 28
36 29
36 37
36 41
36 42
36 47
36 48
36 51
36 53
36 55
36 60
36 66
36 67
37 1
37 3
37 5
37 14
37 16
37 22
37 25
37 30
37 31
37 35
37 39
37 42
37 46
37 48
37 49
37 50
37 51
37 56
37 60
37 61
37 64
37 69
37 72
37 79
38 7
38 10
38 14
38 19
38 24
38 25
38 27
38 29
38 31
38 36
38 38
38 41
38 45
38 46
38 47
38 51
38 53
38 56
38 60
38 61
38 64
38 65
38 66
38 70
38 73
38 78
38 79
39 9
39 12
39 13
39 18
39 23
39 26
39 32
39 40
39 41
39 50
39 52
39 53
39 57
39 59
39 60
39 65
39 68
39 75
40 15
40 20
40 22
40 25
40 30
40 31
40 37
40 39
40 43
40 45
40 48
40 50
40 51
40 54
40 58
40 61
40 63
40 65
40 68
40 74
41 3
41 13
41 19
41 20
41 24
41 25
41 27
41 30
41 34
41 36
41 37
41 51
41 54
41 57
41 61
41 70
41 73
41 75
42 6
42 7
42 8
42 12
42 13
42 14
42 16
42 21
42 22
42 26
42 27
42 28
42 31
42 35
42 38
42 41
42 50
42 54
42 57
42 59
42 62
42 65
42 68
43 1
43 5
43 8
43 13
43 17
43 20
43 21
43 24
43 27
43 42
43 46
43 53
43 57
43 59
43 69
43 71
43 77
44 3
44 5
44 15
44 18
44 21
44 23
44 24
44 25
44 27
44 28
44 30
44 32
44 35
44 39
44 42
44 46
44 47
44 48
44 50
44 52
44 53
44 55
44 59
44 60
44 62
44 64
44 71
44 75
44 78
44 79
45 3
45 6
45 11
45 21
45 24
45 25
45 27
45 34
45 36
45 42
45 43
45 45
45 48
45 62
45 63
45 65
45 67
45 68
45 69
45 72
45 77
46 1
46 3
46 12
46 14
46 15
46 16
46 18
46 25
46 29
46 33
46 38
46 42
46 43
46 45
46 46
46 47
46 50
46 54
46 58
46 60
46 64
46 66
46 68
46 72
46 77
46 78
47 2
47 3
47 4
47 7
47 9
47 10
47 15
47 17
47 19
47 21
47 25
47 27
47 28
47 29
47 30
47 37
47 39
47 45
47 54
47 58
47 62
47 65
47 69
47 73
47 76
47 78
47 79
48 1
48 2
48 6
48 8
48 9
48 10
48 12
48 16
48 28
48 29
48 30
48 31
48 35
48 36
48 42
48 47
48 52
48 59
48 60
48 62
48 64
48 65
48 74
48 75
48 77
48 78
49 7
49 10
49 11
49 13
49 16
49 20
49 22
49 25
49 26
49 31
49 34
49 35
49 38
49 47
49 49
49 55
49 58
49 62
49 64
49 72
49 76
49 80
50 1
50 7
50 10
50 17
50 19
50 20
50 21
50 23
50 26
50 27
50 28
50 35
50 40
50 41
50 45
50 46
50 51
50 58
50 65
50 66
50 74
50 79
50 80
51 3
51 4
51 6
51 9
51 11
51 13
51 24
51 30
51 34
51 35
51 37
51 42
51 43
51 45
51 46
51 48
51 52
51 53
51 55
51 57
51 62
51 69
51 72
51 74
51 76
51 79
51 80
52 1
52 6
52 9
52 10
52 17
52 22
52 24
52 25
52 28
52 29
52 34
52 37
52 39
52 41
52 43
52 49
52 52
52 53
52 56
52 68
52 71
53 1
53 9
53 10
53 12
53 18
53 23
53 26
53 31
53 33
53 38
53 41
53 51
53 53
53 54
53 58
53 59
53 60
53 61
53 70
53 73
53 74
53 79
54 1
54 4
54 6
54 7
54 9
54 16
54 21
54 27
54 32
54 33
54 34
54 37
54 39
54 40
54 45
54 46
54 48
54 51
54 55
54 61
54 63
54 65
54 67
54 75
54 76
54 78
54 79
54 80
55 3
55 4
55 5
55 6
55 21
55 22
55 34
55 35
55 38
55 39
55 41
55 44
55 45
55 47
55 48
55 49
55 55
55 67
55 70
55 72
55 74
55 75
56 6
56 7
56 8
56 9
56 20
56 22
56 25
56 28
56 30
56 31
56 32
56 33
56 34
56 35
56 36
56 37
56 41
56 42
56 43
56 44
56 45
56 46
56 48
56 53
56 73
56 75
56 76
56 79
57 5
57 6
57 8
57 10
57 11
57 12
57 13
57 14
57 19
57 24
57 26
57 27
57 37
57 38
57 39
57 41
57 42
57 44
57 46
57 47
57 48
57 49
57 57
57 66
57 68
57 71
57 75
57 78
58 4
58 13
58 14
58 18
58 31
58 33
58 34
58 49
58 52
58 57
58 58
58 60
58 61
58 62
58 63
58 73
58 75
58 80
59 2
59 3
59 6
59 7
59 8
59 12
59 14
59 16
59 17
59 18
59 38
59 41
59 44
59 49
59 50
59 53
59 54
59 56
59 59
59 60
59 67
59 68
59 69
59 73
59 79
60 1
60 4
60 11
60 15
60 17
60 27
60 34
60 40
60 41
60 42
60 43
60 44
60 48
60 50
60 56
60 57
60 58
60 60
60 61
60 62
60 63
60 68
60 70
61 4
61 6
61 10
61 23
61 24
61 26
61 28
61 29
61 40
61 43
61 45
61 48
61 50
61 56
61 57
61 61
61 64
61 66
61 68
61 70
61 72
61 73
61 77
62 3
62 4
62 5
62 6
62 9
62 21
62 26
62 35
62 37
62 39
62 42
62 50
62 59
62 61
62 62
62 63
62 64
62 66
62 71
62 72
62 74
62 75
62 78
62 80
63 1
63 4
63 5
63 7
63 9
63 17
63 21
63 28
63 29
63 31
63 34
63 35
63 38
63 42
63 50
63 51
63 52
63 53
63 54
63 58
63 61
63 67
63 79
64 6
64 10
64 12
64 16
64 18
64 23
64 24
64 35
64 36
64 37
64 38
64 40
64 42
64 43
64 44
64 52
64 54
64 57
64 62
64 64
64 67
64 71
64 73
64 74
64 76
64 79
65 2
65 8
65 12
65 19
65 20
65 25
65 26
65 31
65 34
65 35
65 40
65 41
65 42
65 43
65 45
65 48
65 54
65 56
65 59
65 60
65 63
65 64
65 65
65 68
65 71
65 75
65 76
65 78
65 79
66 1
66 2
66 3
66 5
66 6
66 11
66 13
66 18
66 20
66 21
66 26
66 32
66 34
66 41
66 42
66 44
66 49
66 52
66 53
66 54
66 64
66 66
66 68
66 73
66 78
67 3
67 5
67 7
67 9
67 10
67 11
67 15
67 17
67 31
67 37
67 40
67 42
67 47
67 49
67 50
67 51
67 55
67 57
67 60
67 61
67 63
67 66
67 70
67 75
68 6
68 9
68 11
68 12
68 15
68 22
68 26
68 29
68 30
68 33
68 36
68 38
68 40
68 44
68 46
68 47
68 50
68 53
68 56
68 57
68 58
68 59
68 62
68 73
68 78
68 80
69 4
69 10
69 13
69 15
69 21
69 26
69 28
69 30
69 35
69 38
69 45
69 46
69 50
69 60
69 61
69 67
69 68
69 70
69 78
69 79
70 1
70 4
70 5
70 8
70 10
70 11
70 12
70 14
70 16
70 17
70 20
70 21
70 24
70 30
70 35
70 39
70 45
70 48
70 51
70 56
70 58
70 60
70 63
70 71
70 75
70 78
70 79
71 5
71 6
71 7
71 8
71 15
71 16
71 18
71 25
71 26
71 27
71 32
71 34
71 35
71 42
71 44
71 49
71 50
71 53
71 56
71 60
71 66
71 69
72 6
72 11
72 16
72 17
72 19
72 20
72 24
72 26
72 29
72 34
72 40
72 42
72 48
72 49
72 54
72 56
72 59
72 63
72 64
72 66
72 67
72 69
72 71
72 80
73 3
73 5
73 7
73 8
73 18
73 19
73 23
73 24
73 27
73 30
73 39
73 40
73 41
73 44
73 49
73 50
73 51
73 53
73 59
73 61
73 66
73 69
73 72
73 77
73 79
73 80
74 2
74 3
74 4
74 5
74 6
74 7
74 8
74 9
74 10
74 21
74 23
74 30
74 32
74 40
74 41
74 42
74 46
74 48
74 50
74 60
74 68
74 72
74 75
74 79
74 80
75 3
75 10
75 11
75 12
75 15
75 16
75 22
75 26
75 30
75 33
75 40
75 42
75 43
75 50
75 54
75 56
75 64
75 65
75 66
75 74
75 76
75 77
75 79
76 1
76 2
76 3
76 4
76 5
76 8
76 12
76 16
76 18
76 20
76 22
76 27
76 28
76 29
76 35
76 37
76 39
76 40
76 41
76 46
76 48
76 49
76 52
76 53
76 55
76 59
76 61
76 63
76 66
76 67
76 68
76 69
76 72
76 73
76 74
77 11
77 12
77 13
77 15
77 17
77 18
77 22
77 26
77 30
77 33
77 34
77 41
77 42
77 46
77 47
77 48
77 49
77 50
77 52
77 58
77 60
77 61
77 63
77 64
77 65
77 68
77 69
78 3
78 17
78 25
78 26
78 30
78 32
78 33
78 36
78 37
78 39
78 43
78 45
78 47
78 52
78 53
78 63
78 64
78 67
78 68
78 69
78 71
78 74
79 2
79 7
79 8
79 14
79 16
79 20
79 21
79 23
79 26
79 31
79 41
79 47
79 52
79 58
79 60
79 67
79 70
79 71
79 72
79 78
79 79
80 2
80 3
80 8
80 11
80 12
80 29
80 31
80 32
80 33
80 34
80 36
80 40
80 49
80 50
80 56
80 59
80 64
80 66
80 69
80 70
80 77
80 78
80 79
81 9
81 15
81 19
81 21
81 22
81 29
81 31
81 34
81 36
81 47
81 49
81 69
81 70
81 71
81 72
81 75
81 78
81 80
82 3
82 7
82 12
82 16
82 27
82 29
82 33
82 35
82 37
82 41
82 42
82 47
82 48
82 49
82 50
82 51
82 58
82 61
82 62
82 63
82 67
82 68
82 69
82 73
82 77
83 7
83 8
83 13
83 23
83 28
83 29
83 34
83 36
83 39
83 45
83 49
83 59
83 60
83 62
83 70
83 71
83 76
83 79
84 1
84 3
84 5
84 9
84 11
84 16
84 17
84 21
84 27
84 28
84 34
84 40
84 42
84 43
84 44
84 46
84 47
84 49
84 54
84 55
84 56
84 61
84 64
84 66
84 67
84 74
84 75
84 80
85 1
85 3
85 14
85 24
85 31
85 37
85 40
85 43
85 48
85 51
85 57
85 59
85 60
85 65
85 69
85 71
85 73
85 79
86 1
86 2
86 3
86 4
86 5
86 7
86 9
86 11
86 14
86 20
86 30
86 35
86 36
86 47
86 48
86 50
86 53
86 59
86 60
87 1
87 5
87 15
87 20
87 24
87 25
87 26
87 28
87 30
87 32
87 36
87 37
87 42
87 59
87 71
87 73
87 74
87 75
87 80
88 14
88 15
88 18
88 20
88 21
88 27
88 34
88 42
88 51
88 53
88 56
88 62
88 63
88 64
88 65
88 66
88 72
88 74
88 77
88 80
89 4
89 6
89 8
89 9
89 10
89 11
89 12
89 13
89 20
89 22
89 23
89 24
89 25
89 31
89 33
89 34
89 35
89 39
89 41
89 42
89 46
89 48
89 49
89 52
89 55
89 59
89 60
89 63
89 64
89 65
89 66
89 67
89 68
89 70
89 74
89 77
90 8
90 12
90 14
90 16
90 19
90 20
90 21
90 23
90 25
90 29
90 32
90 33
90 34
90 39
90 46
90 52
90 55
90 60
90 62
90 66
90 68
90 73
90 75
90 76
90 79
91 2
91 8
91 9
91 10
91 11
91 14
91 16
91 17
91 20
91 24
91 27
91 29
91 34
91 36
91 41
91 46
91 49
91 54
91 55
91 60
91 65
91 66
91 75
91 78
92 3
92 7
92 17
92 19
92 20
92 23
92 27
92 30
92 32
92 33
92 35
92 38
92 44
92 47
92 48
92 59
92 61
92 64
92 66
92 72
92 73
92 75
93 2
93 3
93 9
93 11
93 12
93 13
93 19
93 31
93 32
93 37
93 38
93 42
93 43
93 44
93 45
93 47
93 52
93 62
93 68
94 6
94 8
94 17
94 18
94 22
94 30
94 37
94 39
94 41
94 44
94 45
94 46
94 55
94 58
94 59
94 60
94 66
94 71
94 73
94 74
94 75
94 76
95 1
95 5
95 10
95 17
95 24
95 26
95 27
95 29
95 30
95 34
95 37
95 39
95 40
95 50
95 53
95 54
95 55
95 56
95 57
95 58
95 61
95 70
95 75
95 78
95 79
96 1
96 2
96 7
96 19
96 20
96 21
96 22
96 24
96 25
96 27
96 28
96 32
96 35
96 36
96 37
96 43
96 44
96 46
96 51
96 52
96 53
96 55
96 59
96 64
96 66
96 67
96 69
96 70
96 72
96 74
97 3
97 4
97 7
97 9
97 11
97 17
97 20
97 23
97 24
97 25
97 32
97 33
97 36
97 43
97 57
97 60
97 61
97 62
97 63
97 66
97 67
97 69
97 70
97 71
97 73
97 76
98 1
98 3
98 4
98 5
98 7
98 9
98 12
98 17
98 21
98 23
98 26
98 27
98 31
98 36
98 40
98 44
98 48
98 50
98 51
98 59
98 62
98 65
98 68
98 69
98 71
98 73
98 74
98 79
99 6
99 8
99 12
99 16
99 17
99 21
99 22
99 28
99 35
99 45
99 53
99 55
99 56
99 58
99 64
99 65
99 66
99 67
99 70
99 71
99 74
99 75
100 3
100 4
100 5
100 6
100 12
100 13
100 17
100 20
100 24
100 33
100 37
100 39
100 40
100 43
100 46
100 52
100 53
100 54
100 57
100 66
100 70
100 78
