80 100 2408
1 4
1 5
1 9
1 14
1 23
1 26
1 28
1 33
1 36
1 44
1 48
1 52
1 53
1 55
1 59
1 61
1 62
1 65
1 68
1 79
1 81
1 82
1 84
1 86
1 88
1 89
1 90
1 91
1 94
1 95
2 4
2 18
2 20
2 25
2 34
2 36
2 39
2 40
2 42
2 46
2 57
2 61
2 63
2 68
2 72
2 78
2 86
2 87
2 90
3 1
3 3
3 9
3 11
3 20
3 21
3 22
3 24
3 27
3 34
3 38
3 39
3 40
3 43
3 47
3 50
3 60
3 66
3 67
3 69
3 71
3 72
3 73
3 74
3 79
3 92
3 95
3 96
3 97
3 99
4 6
4 9
4 10
4 13
4 15
4 18
4 23
4 25
4 34
4 35
4 36
4 37
4 46
4 49
4 56
4 72
4 77
4 81
4 82
4 86
4 90
4 96
4 98
4 99
5 2
5 7
5 9
5 13
5 19
5 20
5 24
5 36
5 41
5 42
5 47
5 50
5 53
5 57
5 60
5 63
5 64
5 66
5 69
5 72
5 77
5 82
5 87
5 88
5 89
5 93
5 96
5 97
5 98
5 100
6 5
6 8
6 9
6 12
6 18
6 22
6 30
6 33
6 35
6 39
6 42
6 44
6 47
6 54
6 55
6 56
6 57
6 63
6 65
6 67
6 68
6 76
6 78
6 81
6 86
6 88
6 90
6 91
6 93
6 95
7 4
7 5
7 8
7 9
7 10
7 12
7 21
7 24
7 33
7 36
7 38
7 42
7 48
7 49
7 54
7 55
7 57
7 63
7 65
7 69
7 70
7 73
7 74
7 76
7 84
7 87
7 91
7 92
7 100
8 3
8 7
8 9
8 11
8 17
8 23
8 31
8 32
8 35
8 38
8 40
8 42
8 43
8 44
8 45
8 47
8 49
8 50
8 53
8 55
8 57
8 61
8 62
8 63
8 65
8 66
8 70
8 85
8 91
8 93
8 97
8 98
9 5
9 10
9 13
9 15
9 17
9 20
9 30
9 33
9 36
9 37
9 43
9 45
9 48
9 50
9 51
9 53
9 54
9 62
9 69
9 71
9 78
9 80
9 82
9 86
9 90
9 91
9 97
9 98
10 13
10 15
10 16
10 17
10 20
10 21
10 24
10 25
10 27
10 31
10 32
10 36
10 39
10 42
10 43
10 46
10 51
10 53
10 55
10 57
10 59
10 65
10 67
10 72
10 76
10 81
10 83
10 84
10 85
10 86
10 88
10 93
10 95
10 96
10 97
10 100
11 7
11 17
11 23
11 24
11 26
11 27
11 31
11 32
11 33
11 34
11 36
11 38
11 40
11 46
11 53
11 54
11 56
11 59
11 67
11 70
11 71
11 74
11 84
11 86
11 91
11 97
12 6
12 8
12 9
12 22
12 23
12 40
12 41
12 44
12 46
12 47
12 48
12 50
12 58
12 60
12 62
12 64
12 67
12 71
12 72
12 74
12 75
12 85
12 86
12 96
12 99
13 1
13 4
13 6
13 8
13 13
13 14
13 15
13 18
13 19
13 22
13 24
13 32
13 43
13 46
13 52
13 57
13 61
13 63
13 70
13 74
13 75
13 76
13 77
13 83
13 98
13 99
14 5
14 7
14 8
14 10
14 11
14 13
14 14
14 15
14 16
14 25
14 26
14 28
14 31
14 35
14 39
14 45
14 46
14 47
14 52
14 55
14 59
14 60
14 61
14 62
14 66
14 68
14 69
14 70
14 71
14 75
14 82
14 86
14 90
14 91
15 2
15 3
15 7
15 9
15 13
15 15
15 18
15 23
15 33
15 36
15 37
15 38
15 44
15 48
15 49
15 58
15 62
15 66
15 69
15 74
15 75
15 76
15 79
15 80
15 81
15 83
15 86
15 90
15 93
15 94
15 96
15 98
16 2
16 3
16 5
16 7
16 10
16 13
16 15
16 25
16 28
16 29
16 35
16 39
16 40
16 41
16 42
16 43
16 47
16 50
16 55
16 57
16 64
16 66
16 67
16 68
16 70
16 76
16 77
16 82
16 84
16 85
16 86
16 89
16 90
16 93
16 95
17 1
17 2
17 8
17 17
17 25
17 28
17 29
17 30
17 32
17 34
17 40
17 42
17 44
17 47
17 48
17 51
17 53
17 56
17 59
17 65
17 71
17 72
17 76
17 79
17 81
17 82
17 85
17 86
17 87
17 96
17 100
18 5
18 13
18 19
18 20
18 23
18 26
18 29
18 32
18 42
18 48
18 49
18 51
18 52
18 58
18 60
18 63
18 65
18 66
18 70
18 76
18 80
18 81
18 91
18 94
18 96
19 5
19 13
19 18
19 20
19 24
19 25
19 29
19 30
19 38
19 39
19 42
19 46
19 63
19 65
19 70
19 71
19 87
19 89
19 93
19 97
19 98
19 99
20 1
20 2
20 4
20 7
20 11
20 13
20 14
20 16
20 17
20 18
20 19
20 25
20 28
20 29
20 30
20 32
20 33
20 34
20 39
20 40
20 44
20 45
20 47
20 48
20 49
20 57
20 62
20 64
20 68
20 81
20 85
20 88
20 91
20 92
20 93
20 94
20 99
21 3
21 6
21 14
21 18
21 19
21 25
21 27
21 30
21 31
21 35
21 41
21 44
21 45
21 47
21 55
21 61
21 62
21 63
21 69
21 74
21 75
21 77
21 78
21 80
21 84
21 93
21 94
21 97
22 4
22 6
22 13
22 20
22 29
22 33
22 40
22 43
22 45
22 46
22 51
22 53
22 54
22 56
22 60
22 73
22 74
22 76
22 80
22 82
22 83
22 84
22 88
22 90
22 93
22 98
23 1
23 3
23 5
23 6
23 12
23 16
23 26
23 29
23 32
23 33
23 34
23 37
23 46
23 47
23 51
23 57
23 58
23 59
23 60
23 67
23 70
23 77
23 85
23 95
23 96
24 1
24 3
24 5
24 6
24 8
24 10
24 11
24 15
24 16
24 19
24 21
24 24
24 27
24 30
24 46
24 48
24 53
24 55
24 59
24 64
24 65
24 72
24 73
24 74
24 75
24 80
24 81
24 83
24 85
24 88
24 91
24 92
24 95
24 99
24 100
25 2
25 5
25 6
25 11
25 16
25 17
25 20
25 22
25 23
25 24
25 30
25 31
25 33
25 39
25 40
25 44
25 45
25 46
25 47
25 48
25 49
25 50
25 54
25 55
25 61
25 64
25 65
25 66
25 68
25 69
25 70
25 73
25 88
25 92
25 94
25 99
26 6
26 7
26 15
26 16
26 21
26 26
26 27
26 29
26 31
26 32
26 33
26 34
26 37
26 40
26 42
26 45
26 51
26 52
26 55
26 57
26 58
26 60
26 65
26 68
26 69
26 70
26 72
26 78
26 81
26 82
26 85
26 87
26 90
26 92
26 95
26 97
26 98
26 100
27 3
27 12
27 13
27 14
27 20
27 22
27 24
27 27
27 30
27 32
27 39
27 43
27 45
27 46
27 47
27 49
27 53
27 54
27 59
27 62
27 65
27 66
27 67
27 68
27 69
27 71
27 76
27 78
27 81
27 82
27 84
27 85
27 86
27 88
27 94
27 95
27 98
27 100
28 1
28 2
28 3
28 7
28 9
28 12
28 15
28 17
28 22
28 23
28 25
28 28
28 29
28 33
28 36
28 51
28 53
28 57
28 59
28 62
28 63
28 65
28 68
28 70
28 72
28 73
28 75
28 76
28 77
28 92
28 93
28 94
28 95
29 3
29 6
29 7
29 12
29 14
29 16
29 21
29 24
29 29
29 30
29 32
29 47
29 52
29 53
29 59
29 67
29 70
29 74
29 75
29 76
29 79
29 81
29 83
29 85
29 92
29 93
29 96
29 97
29 98
29 99
30 2
30 13
30 15
30 16
30 20
30 21
30 24
30 28
30 29
30 31
30 33
30 36
30 41
30 42
30 49
30 51
30 58
30 59
30 61
30 64
30 65
30 71
30 73
30 74
30 76
30 79
30 81
30 84
30 87
30 92
30 95
30 97
30 99
30 100
31 2
31 4
31 10
31 16
31 17
31 25
31 28
31 29
31 32
31 34
31 35
31 36
31 37
31 38
31 40
31 45
31 49
31 65
31 66
31 80
31 81
31 82
31 83
31 84
31 85
31 86
31 90
31 92
31 93
31 94
31 99
32 4
32 5
32 7
32 16
32 25
32 26
32 27
32 31
32 36
32 40
32 43
32 48
32 50
32 53
32 57
32 58
32 61
32 65
32 66
32 71
32 73
32 75
32 81
32 82
32 87
32 91
32 96
32 97
32 98
32 100
33 2
33 4
33 6
33 7
33 11
33 12
33 13
33 14
33 16
33 17
33 24
33 32
33 38
33 42
33 45
33 50
33 52
33 58
33 59
33 67
33 69
33 70
33 71
33 76
33 82
33 83
33 88
33 90
33 96
33 98
33 99
34 2
34 7
34 13
34 18
34 20
34 21
34 23
34 24
34 29
34 31
34 37
34 38
34 43
34 46
34 47
34 50
34 58
34 61
34 66
34 77
34 80
34 83
34 87
34 91
34 94
34 99
35 1
35 3
35 4
35 8
35 10
35 11
35 13
35 14
35 15
35 26
35 27
35 28
35 29
35 36
35 46
35 48
35 49
35 50
35 54
35 55
35 67
35 68
35 70
35 71
35 74
35 81
35 83
35 92
35 96
35 98
36 1
36 2
36 3
36 9
36 16
36 17
36 25
36 26
36 27
36 30
36 31
36 32
36 34
36 37
36 43
36 47
36 50
36 51
36 56
36 59
36 61
36 68
36 70
36 71
36 72
36 73
36 74
36 76
36 82
36 83
36 85
36 94
36 95
36 96
36 98
36 99
37 1
37 2
37 3
37 5
37 8
37 9
37 12
37 13
37 19
37 22
37 23
37 41
37 45
37 46
37 49
37 53
37 58
37 59
37 60
37 67
37 68
37 97
37 98
37 100
38 3
38 8
38 14
38 15
38 18
38 23
38 26
38 27
38 30
38 32
38 37
38 45
38 50
38 57
38 59
38 60
38 65
38 69
38 71
38 76
38 77
38 83
38 84
38 89
38 91
38 97
38 98
39 4
39 5
39 20
39 28
39 33
39 35
39 37
39 38
39 41
39 42
39 49
39 50
39 53
39 54
39 56
39 61
39 62
39 64
39 72
39 73
39 79
39 80
39 87
39 90
40 1
40 3
40 5
40 11
40 13
40 15
40 17
40 19
40 20
40 22
40 31
40 34
40 37
40 38
40 40
40 47
40 57
40 60
40 63
40 64
40 66
40 67
40 68
40 70
40 74
40 76
40 77
40 78
40 84
40 86
40 89
40 94
41 1
41 2
41 4
41 6
41 8
41 10
41 16
41 22
41 23
41 27
41 40
41 45
41 46
41 52
41 53
41 56
41 58
41 60
41 61
41 62
41 64
41 69
41 73
41 77
41 78
41 80
41 84
41 89
41 92
41 94
41 99
42 6
42 9
42 14
42 17
42 21
42 32
42 33
42 38
42 39
42 40
42 41
42 43
42 44
42 51
42 54
42 56
42 61
42 62
42 63
42 72
42 75
42 77
42 78
42 87
42 89
42 92
42 96
42 97
42 100
43 1
43 6
43 7
43 8
43 10
43 11
43 15
43 16
43 30
43 32
43 38
43 40
43 41
43 42
43 44
43 46
43 47
43 52
43 56
43 60
43 61
43 72
43 73
43 76
43 79
43 80
43 81
43 83
43 84
43 85
43 88
43 90
43 96
43 99
44 8
44 9
44 11
44 12
44 30
44 33
44 34
44 36
44 37
44 40
44 44
44 49
44 51
44 52
44 57
44 58
44 59
44 61
44 63
44 64
44 67
44 72
44 76
44 77
44 81
44 85
44 87
44 88
44 89
44 98
45 1
45 2
45 5
45 11
45 17
45 21
45 22
45 24
45 33
45 36
45 38
45 45
45 48
45 51
45 54
45 63
45 65
45 66
45 67
45 72
45 74
45 78
45 79
45 81
45 83
45 85
45 87
45 90
45 91
45 93
45 96
45 98
45 100
46 4
46 6
46 8
46 10
46 11
46 12
46 15
46 17
46 26
46 28
46 29
46 32
46 35
46 37
46 40
46 42
46 46
46 52
46 53
46 56
46 59
46 65
46 67
46 68
46 70
46 71
46 72
46 80
46 81
46 82
46 83
46 84
46 86
46 87
46 88
46 89
46 91
46 92
46 93
46 94
46 96
46 97
47 1
47 4
47 11
47 18
47 19
47 21
47 26
47 28
47 29
47 31
47 35
47 37
47 39
47 45
47 49
47 51
47 63
47 66
47 68
47 83
47 85
47 86
47 88
47 89
47 96
47 99
48 1
48 2
48 4
48 6
48 8
48 10
48 11
48 16
48 22
48 23
48 24
48 26
48 28
48 29
48 31
48 43
48 44
48 45
48 46
48 53
48 54
48 58
48 60
48 66
48 73
48 76
48 78
48 80
48 83
48 84
48 88
48 92
48 95
48 97
48 98
49 2
49 3
49 20
49 22
49 29
49 30
49 35
49 37
49 38
49 40
49 41
49 43
49 45
49 46
49 49
49 55
49 57
49 61
49 65
49 66
49 69
49 79
49 85
49 86
49 87
49 90
49 93
49 97
50 1
50 2
50 10
50 15
50 17
50 19
50 21
50 28
50 29
50 31
50 32
50 40
50 43
50 48
50 49
50 53
50 58
50 60
50 78
50 81
50 86
50 89
50 90
50 92
51 1
51 13
51 15
51 17
51 18
51 21
51 22
51 25
51 29
51 31
51 33
51 34
51 36
51 37
51 40
51 50
51 52
51 61
51 63
51 66
51 67
51 68
51 73
51 74
51 81
51 82
51 84
51 89
51 90
51 95
51 98
51 99
51 100
52 5
52 10
52 11
52 18
52 21
52 22
52 27
52 28
52 53
52 62
52 65
52 66
52 67
52 68
52 70
52 71
52 73
52 75
52 78
52 79
52 80
52 83
52 86
52 87
52 93
52 94
52 95
52 97
52 99
53 5
53 12
53 18
53 20
53 24
53 25
53 28
53 32
53 36
53 40
53 43
53 46
53 48
53 52
53 53
53 55
53 56
53 64
53 68
53 70
53 71
53 72
53 77
53 80
53 82
53 88
53 89
53 95
53 98
54 4
54 5
54 9
54 11
54 12
54 14
54 16
54 17
54 30
54 31
54 43
54 44
54 48
54 54
54 59
54 61
54 75
54 76
54 83
54 85
54 86
54 90
54 91
54 93
54 95
54 98
54 100
55 1
55 2
55 7
55 10
55 16
55 21
55 23
55 25
55 26
55 27
55 32
55 35
55 39
55 42
55 43
55 49
55 51
55 52
55 55
55 58
55 72
55 80
55 83
55 86
55 87
55 89
55 90
55 93
55 95
55 99
56 1
56 4
56 10
56 13
56 14
56 15
56 16
56 19
56 20
56 22
56 25
56 26
56 27
56 34
56 37
56 38
56 39
56 46
56 47
56 48
56 54
56 60
56 62
56 65
56 66
56 68
56 71
56 72
56 73
56 75
56 78
56 82
56 86
56 90
56 94
57 8
57 9
57 11
57 12
57 13
57 17
57 18
57 19
57 20
57 22
57 26
57 34
57 38
57 40
57 45
57 47
57 49
57 50
57 55
57 56
57 59
57 62
57 63
57 64
57 65
57 66
57 67
57 68
57 71
57 73
57 76
57 82
57 85
57 86
57 87
57 91
57 97
57 100
58 4
58 5
58 11
58 13
58 17
58 19
58 20
58 22
58 25
58 26
58 27
58 29
58 36
58 38
58 39
58 40
58 46
58 47
58 48
58 49
58 57
58 61
58 67
58 69
58 72
58 73
58 75
58 77
58 86
58 87
58 92
58 93
58 100
59 3
59 5
59 6
59 8
59 20
59 25
59 26
59 40
59 45
59 46
59 48
59 49
59 54
59 55
59 57
59 58
59 59
59 62
59 63
59 67
59 71
59 72
59 75
59 77
59 78
59 80
59 81
59 84
59 86
59 91
59 95
59 98
60 2
60 6
60 7
60 10
60 15
60 23
60 24
60 27
60 28
60 29
60 32
60 36
60 44
60 48
60 52
60 53
60 59
60 60
60 64
60 65
60 67
60 77
60 80
60 83
60 91
60 93
60 95
60 96
60 99
60 100
61 2
61 11
61 12
61 15
61 17
61 18
61 22
61 28
61 30
61 35
61 36
61 40
61 42
61 44
61 47
61 48
61 52
61 66
61 68
61 69
61 79
61 82
61 85
61 86
61 88
61 89
61 94
61 95
61 98
61 99
61 100
62 4
62 5
62 7
62 8
62 11
62 14
62 16
62 35
62 36
62 38
62 41
62 45
62 48
62 50
62 52
62 54
62 56
62 58
62 59
62 66
62 71
62 77
62 79
62 85
62 87
62 88
62 92
62 98
62 100
63 2
63 5
63 7
63 9
63 17
63 23
63 25
63 26
63 27
63 28
63 30
63 32
63 38
63 43
63 44
63 52
63 53
63 62
63 72
63 73
63 87
63 96
64 4
64 10
64 11
64 16
64 22
64 23
64 24
64 30
64 32
64 39
64 41
64 42
64 44
64 48
64 49
64 51
64 59
64 63
64 64
64 70
64 75
64 78
64 79
64 88
64 89
64 92
64 96
64 98
64 99
65 2
65 3
65 4
65 8
65 10
65 23
65 24
65 26
65 30
65 32
65 33
65 35
65 38
65 40
65 41
65 42
65 43
65 49
65 50
65 54
65 56
65 59
65 61
65 64
65 71
65 72
65 74
65 75
65 85
65 89
65 97
65 98
65 99
65 100
66 10
66 15
66 23
66 28
66 29
66 32
66 34
66 38
66 39
66 46
66 50
66 53
66 56
66 57
66 58
66 59
66 64
66 74
66 77
66 80
66 83
66 84
66 87
66 89
66 93
67 1
67 3
67 5
67 8
67 12
67 14
67 16
67 18
67 25
67 28
67 29
67 30
67 33
67 36
67 41
67 47
67 59
67 60
67 65
67 66
67 69
67 70
67 73
67 75
67 77
67 82
67 85
67 86
67 89
67 92
67 93
68 1
68 12
68 17
68 22
68 27
68 29
68 32
68 35
68 36
68 45
68 48
68 52
68 54
68 57
68 74
68 75
68 77
68 79
68 82
68 89
68 92
68 94
68 96
68 97
69 1
69 3
69 4
69 5
69 8
69 22
69 28
69 30
69 31
69 35
69 41
69 47
69 50
69 51
69 53
69 58
69 59
69 60
69 66
69 67
69 73
69 75
69 91
69 93
69 94
70 4
70 6
70 7
70 9
70 10
70 16
70 19
70 22
70 26
70 31
70 36
70 40
70 41
70 42
70 46
70 47
70 49
70 56
70 57
70 58
70 61
70 63
70 64
70 65
70 68
70 74
70 83
70 86
70 94
71 1
71 9
71 12
71 13
71 14
71 22
71 23
71 26
71 29
71 30
71 31
71 33
71 39
71 42
71 44
71 45
71 46
71 52
71 54
71 56
71 58
71 59
71 64
71 65
71 70
71 71
71 72
71 73
71 75
71 76
71 78
71 80
71 85
71 86
71 88
71 89
71 90
71 91
71 95
71 99
72 1
72 3
72 5
72 7
72 8
72 11
72 19
72 24
72 31
72 32
72 34
72 36
72 44
72 48
72 54
72 55
72 65
72 66
72 73
72 75
72 78
72 81
72 82
72 84
72 85
72 90
72 93
72 95
73 4
73 5
73 6
73 8
73 9
73 17
73 19
73 21
73 25
73 28
73 29
73 32
73 34
73 38
73 39
73 42
73 43
73 46
73 48
73 49
73 55
73 60
73 65
73 72
73 73
73 76
73 77
73 80
73 82
73 87
73 89
73 95
73 96
73 99
74 8
74 11
74 12
74 19
74 20
74 21
74 26
74 28
74 29
74 30
74 36
74 48
74 57
74 59
74 66
74 70
74 71
74 81
74 88
74 90
74 91
74 92
74 93
74 99
75 5
75 11
75 14
75 20
75 21
75 28
75 40
75 42
75 44
75 46
75 50
75 52
75 54
75 56
75 59
75 60
75 67
75 69
75 70
75 78
75 83
75 87
75 90
75 92
76 1
76 2
76 8
76 11
76 12
76 14
76 18
76 21
76 25
76 26
76 30
76 34
76 38
76 39
76 41
76 47
76 50
76 51
76 52
76 57
76 63
76 64
76 67
76 69
76 70
76 75
76 84
76 86
76 93
76 100
77 3
77 8
77 15
77 19
77 21
77 25
77 30
77 34
77 35
77 36
77 39
77 41
77 42
77 44
77 50
77 58
77 59
77 62
77 65
77 70
77 74
77 77
77 82
77 85
77 87
77 89
77 93
77 96
77 97
77 98
77 99
78 2
78 7
78 8
78 17
78 25
78 35
78 45
78 47
78 54
78 57
78 59
78 60
78 62
78 69
78 71
78 74
78 78
78 80
78 84
78 86
78 88
78 92
78 98
78 99
78 100
79 6
79 7
79 8
79 11
79 15
79 16
79 18
79 20
79 21
79 24
79 30
79 32
79 34
79 37
79 39
79 43
79 45
79 46
79 51
79 52
79 53
79 55
79 56
79 64
79 65
79 66
79 68
79 72
79 76
79 77
79 82
79 86
79 88
79 90
79 94
79 96
80 2
80 5
80 8
80 16
80 19
80 20
80 27
80 29
80 31
80 32
80 34
80 35
80 38
80 39
80 41
80 43
80 44
80 45
80 47
80 48
80 50
80 54
80 60
80 61
80 62
80 67
80 68
80 80
80 82
80 83
80 87
80 91
80 93
80 98
