112 140 4728
1 2
1 4
1 8
1 11
1 14
1 19
1 22
1 26
1 27
1 30
1 31
1 32
1 33
1 36
1 38
1 39
1 47
1 56
1 67
1 69
1 77
1 78
1 82
1 88
1 91
1 92
1 94
1 98
1 100
1 102
1 104
1 106
1 110
1 116
1 121
1 122
1 123
1 131
1 135
1 136
1 137
2 7
2 12
2 16
2 20
2 23
2 24
2 25
2 27
2 36
2 38
2 41
2 44
2 45
2 51
2 53
2 57
2 59
2 60
2 62
2 67
2 70
2 73
2 76
2 80
2 82
2 85
2 93
2 96
2 97
2 99
2 100
2 104
2 108
2 109
2 110
2 112
2 113
2 117
2 121
2 122
2 124
2 127
2 131
2 132
2 135
2 136
2 138
2 140
3 1
3 5
3 8
3 12
3 16
3 21
3 23
3 31
3 35
3 36
3 37
3 38
3 42
3 43
3 53
3 54
3 56
3 61
3 64
3 65
3 66
3 71
3 73
3 76
3 78
3 80
3 82
3 85
3 86
3 89
3 93
3 94
3 97
3 99
3 104
3 107
3 110
3 115
3 118
3 121
3 122
3 134
3 136
3 140
4 13
4 16
4 19
4 20
4 21
4 22
4 24
4 27
4 28
4 29
4 31
4 32
4 37
4 38
4 44
4 45
4 47
4 50
4 53
4 57
4 60
4 73
4 74
4 75
4 76
4 77
4 79
4 88
4 89
4 96
4 99
4 103
4 105
4 106
4 107
4 111
4 113
4 116
4 117
4 120
4 125
4 128
4 130
4 131
4 134
4 137
5 2
5 3
5 4
5 8
5 10
5 12
5 15
5 17
5 23
5 26
5 38
5 46
5 48
5 49
5 53
5 54
5 55
5 57
5 58
5 60
5 61
5 63
5 65
5 66
5 75
5 85
5 87
5 88
5 101
5 102
5 104
5 107
5 116
5 119
5 120
5 122
5 125
5 128
5 129
5 132
5 134
5 140
6 20
6 22
6 23
6 26
6 27
6 31
6 36
6 40
6 41
6 46
6 52
6 60
6 61
6 64
6 69
6 72
6 77
6 79
6 80
6 84
6 85
6 91
6 92
6 93
6 97
6 98
6 102
6 103
6 104
6 108
6 110
6 121
6 123
6 135
6 137
6 138
6 139
7 3
7 5
7 12
7 15
7 17
7 18
7 20
7 23
7 25
7 32
7 34
7 35
7 42
7 53
7 59
7 61
7 63
7 64
7 66
7 77
7 78
7 79
7 81
7 86
7 88
7 97
7 98
7 106
7 107
7 108
7 113
7 115
7 116
7 127
7 128
7 133
8 2
8 3
8 5
8 8
8 18
8 19
8 22
8 23
8 24
8 29
8 35
8 37
8 43
8 49
8 54
8 57
8 58
8 59
8 60
8 61
8 65
8 66
8 68
8 71
8 72
8 77
8 80
8 81
8 83
8 87
8 89
8 95
8 107
8 112
8 114
8 118
8 119
8 120
8 123
8 131
8 137
8 139
9 1
9 4
9 6
9 10
9 14
9 18
9 33
9 39
9 46
9 52
9 60
9 61
9 62
9 63
9 65
9 67
9 69
9 73
9 74
9 76
9 82
9 83
9 84
9 86
9 87
9 91
9 93
9 95
9 102
9 108
9 111
9 113
9 121
9 122
9 124
9 131
9 133
9 135
9 136
9 137
9 138
9 139
10 2
10 4
10 11
10 13
10 18
10 20
10 30
10 33
10 34
10 36
10 38
10 48
10 54
10 55
10 59
10 63
10 67
10 70
10 71
10 73
10 78
10 80
10 81
10 86
10 88
10 93
10 95
10 118
10 123
10 127
10 128
10 138
10 139
11 1
11 2
11 10
11 13
11 14
11 16
11 22
11 23
11 24
11 34
11 36
11 37
11 46
11 47
11 49
11 51
11 57
11 62
11 64
11 67
11 68
11 72
11 78
11 79
11 84
11 85
11 86
11 90
11 93
11 98
11 101
11 106
11 116
11 119
11 122
11 127
11 129
11 131
11 137
11 138
12 1
12 4
12 7
12 15
12 17
12 19
12 20
12 27
12 33
12 35
12 37
12 41
12 44
12 51
12 53
12 58
12 59
12 64
12 67
12 70
12 71
12 74
12 76
12 81
12 82
12 86
12 94
12 95
12 97
12 99
12 103
12 104
12 105
12 113
12 117
12 122
12 124
12 129
12 137
12 140
13 1
13 5
13 9
13 15
13 16
13 17
13 29
13 31
13 39
13 41
13 42
13 46
13 52
13 59
13 61
13 71
13 75
13 77
13 80
13 81
13 83
13 90
13 92
13 94
13 97
13 98
13 99
13 108
13 109
13 110
13 116
13 120
13 121
13 122
13 123
13 125
13 126
13 137
13 140
14 1
14 2
14 4
14 5
14 6
14 8
14 10
14 11
14 16
14 18
14 21
14 25
14 26
14 27
14 38
14 45
14 46
14 50
14 52
14 53
14 54
14 61
14 65
14 68
14 69
14 70
14 72
14 75
14 76
14 79
14 84
14 86
14 88
14 90
14 92
14 93
14 95
14 100
14 104
14 114
14 116
14 118
14 119
14 123
14 125
14 130
14 131
14 136
14 137
14 139
14 140
15 3
15 9
15 11
15 12
15 14
15 16
15 20
15 29
15 30
15 35
15 37
15 39
15 42
15 43
15 45
15 50
15 51
15 52
15 54
15 70
15 73
15 74
15 75
15 77
15 80
15 83
15 85
15 95
15 96
15 97
15 100
15 101
15 102
15 109
15 110
15 111
15 112
15 114
15 116
15 117
15 118
15 122
15 124
15 129
15 132
15 138
15 139
16 1
16 2
16 3
16 5
16 7
16 12
16 17
16 20
16 23
16 30
16 34
16 37
16 44
16 46
16 48
16 50
16 51
16 53
16 61
16 62
16 64
16 68
16 74
16 75
16 76
16 77
16 79
16 82
16 83
16 88
16 89
16 90
16 97
16 98
16 99
16 103
16 107
16 123
16 124
16 125
16 129
16 130
16 136
16 138
16 139
17 3
17 5
17 6
17 7
17 15
17 17
17 23
17 26
17 27
17 36
17 37
17 45
17 53
17 54
17 55
17 56
17 61
17 62
17 66
17 67
17 70
17 72
17 82
17 84
17 97
17 98
17 100
17 106
17 110
17 111
17 113
17 119
17 120
17 121
17 125
17 133
17 136
17 138
18 5
18 10
18 12
18 15
18 16
18 19
18 25
18 27
18 30
18 33
18 38
18 39
18 41
18 44
18 56
18 60
18 63
18 64
18 68
18 71
18 72
18 73
18 77
18 79
18 83
18 84
18 86
18 87
18 93
18 106
18 111
18 113
18 114
18 118
18 124
18 132
18 133
18 137
18 139
18 140
19 6
19 12
19 17
19 21
19 22
19 23
19 25
19 39
19 47
19 48
19 51
19 52
19 56
19 58
19 60
19 64
19 65
19 73
19 74
19 79
19 89
19 93
19 98
19 99
19 101
19 103
19 104
19 105
19 106
19 107
19 109
19 112
19 114
19 117
19 125
19 127
19 131
19 132
19 133
19 134
19 137
19 139
20 1
20 8
20 17
20 18
20 23
20 25
20 26
20 31
20 38
20 39
20 40
20 42
20 47
20 50
20 56
20 59
20 60
20 65
20 66
20 75
20 77
20 83
20 84
20 102
20 103
20 106
20 107
20 113
20 114
20 115
20 122
20 126
20 128
20 132
20 134
20 135
20 137
21 6
21 9
21 18
21 22
21 23
21 25
21 27
21 28
21 30
21 34
21 40
21 42
21 44
21 45
21 47
21 51
21 52
21 53
21 61
21 63
21 66
21 68
21 69
21 70
21 72
21 76
21 77
21 79
21 81
21 82
21 83
21 84
21 86
21 87
21 95
21 96
21 99
21 108
21 110
21 112
21 115
21 116
21 118
21 120
21 127
21 128
21 139
22 4
22 7
22 9
22 11
22 18
22 19
22 26
22 36
22 38
22 39
22 40
22 48
22 49
22 50
22 53
22 54
22 55
22 57
22 59
22 64
22 66
22 67
22 71
22 72
22 81
22 93
22 94
22 98
22 99
22 102
22 103
22 107
22 108
22 109
22 111
22 115
22 116
22 119
22 122
22 127
22 128
22 134
22 135
22 137
22 139
22 140
23 9
23 12
23 22
23 28
23 33
23 39
23 40
23 43
23 44
23 46
23 48
23 49
23 51
23 53
23 55
23 68
23 71
23 74
23 86
23 94
23 96
23 104
23 105
23 108
23 110
23 114
23 117
23 118
23 119
23 122
23 125
23 127
23 128
23 131
23 135
23 136
23 139
24 3
24 7
24 12
24 14
24 18
24 19
24 23
24 29
24 30
24 32
24 38
24 42
24 47
24 48
24 50
24 57
24 62
24 63
24 68
24 71
24 76
24 77
24 78
24 84
24 86
24 96
24 103
24 107
24 111
24 114
24 115
24 116
24 120
24 125
24 136
25 1
25 2
25 4
25 7
25 12
25 15
25 20
25 22
25 24
25 27
25 29
25 32
25 42
25 43
25 49
25 51
25 53
25 54
25 57
25 60
25 63
25 80
25 86
25 87
25 94
25 103
25 105
25 107
25 118
25 128
25 129
25 132
25 135
25 136
25 137
25 138
25 139
26 4
26 7
26 17
26 23
26 26
26 27
26 28
26 29
26 31
26 35
26 38
26 39
26 43
26 46
26 48
26 50
26 52
26 53
26 58
26 60
26 62
26 63
26 64
26 71
26 74
26 76
26 79
26 84
26 87
26 91
26 92
26 98
26 102
26 106
26 114
26 115
26 119
26 120
26 125
26 126
26 128
26 129
26 132
26 135
26 139
27 2
27 3
27 7
27 9
27 10
27 11
27 14
27 15
27 17
27 22
27 33
27 41
27 45
27 49
27 51
27 54
27 55
27 64
27 65
27 67
27 70
27 73
27 79
27 85
27 91
27 92
27 100
27 105
27 113
27 116
27 117
27 118
27 124
27 136
27 140
28 2
28 5
28 6
28 9
28 10
28 16
28 19
28 21
28 22
28 24
28 25
28 38
28 40
28 44
28 47
28 52
28 57
28 61
28 66
28 68
28 71
28 76
28 79
28 80
28 81
28 83
28 84
28 85
28 90
28 92
28 94
28 102
28 103
28 104
28 106
28 109
28 110
28 111
28 112
28 113
28 127
28 128
28 132
28 133
28 135
28 136
28 138
28 140
29 5
29 12
29 13
29 14
29 16
29 23
29 27
29 28
29 29
29 33
29 37
29 38
29 39
29 41
29 44
29 45
29 48
29 53
29 56
29 60
29 62
29 69
29 70
29 71
29 72
29 73
29 74
29 76
29 77
29 79
29 84
29 87
29 89
29 91
29 92
29 93
29 97
29 99
29 100
29 103
29 106
29 107
29 113
29 119
29 122
29 123
29 125
29 133
29 134
29 138
29 139
30 1
30 6
30 9
30 10
30 15
30 16
30 23
30 24
30 25
30 39
30 44
30 46
30 47
30 48
30 52
30 61
30 62
30 64
30 68
30 70
30 74
30 75
30 76
30 77
30 79
30 80
30 82
30 84
30 86
30 87
30 88
30 91
30 95
30 100
30 107
30 110
30 111
30 113
30 117
30 121
30 123
30 124
30 125
30 126
30 129
30 130
30 133
30 136
31 4
31 6
31 8
31 9
31 12
31 13
31 18
31 20
31 22
31 23
31 25
31 31
31 33
31 35
31 44
31 49
31 50
31 51
31 53
31 54
31 56
31 59
31 61
31 63
31 65
31 67
31 68
31 73
31 74
31 77
31 95
31 96
31 97
31 100
31 107
31 109
31 110
31 120
31 122
31 127
31 130
31 133
31 134
31 136
32 4
32 14
32 15
32 16
32 18
32 19
32 20
32 29
32 32
32 34
32 35
32 36
32 37
32 42
32 44
32 48
32 51
32 55
32 58
32 61
32 75
32 79
32 83
32 87
32 88
32 91
32 94
32 95
32 96
32 100
32 101
32 104
32 105
32 107
32 114
32 118
32 119
32 124
32 127
32 132
32 133
32 137
33 1
33 3
33 4
33 5
33 6
33 8
33 9
33 10
33 12
33 16
33 19
33 26
33 29
33 30
33 32
33 37
33 42
33 43
33 48
33 56
33 57
33 58
33 60
33 64
33 65
33 67
33 71
33 76
33 81
33 82
33 84
33 89
33 98
33 99
33 103
33 106
33 107
33 116
33 121
33 122
33 126
33 138
34 4
34 5
34 6
34 9
34 12
34 13
34 14
34 25
34 26
34 30
34 34
34 35
34 40
34 41
34 44
34 45
34 48
34 50
34 53
34 57
34 58
34 59
34 64
34 67
34 68
34 71
34 72
34 74
34 84
34 85
34 86
34 87
34 88
34 92
34 93
34 94
34 95
34 98
34 99
34 104
34 107
34 108
34 111
34 116
34 119
34 127
34 130
34 135
34 137
35 2
35 7
35 10
35 12
35 13
35 15
35 16
35 18
35 20
35 21
35 27
35 30
35 31
35 32
35 34
35 37
35 38
35 41
35 47
35 53
35 54
35 58
35 62
35 66
35 72
35 73
35 76
35 77
35 80
35 104
35 107
35 113
35 115
35 117
35 119
35 128
35 129
35 135
35 136
35 138
35 139
36 2
36 10
36 14
36 16
36 18
36 22
36 27
36 30
36 31
36 36
36 38
36 41
36 43
36 53
36 55
36 62
36 72
36 75
36 76
36 78
36 83
36 84
36 87
36 90
36 92
36 95
36 99
36 101
36 102
36 106
36 112
36 115
36 123
36 124
36 125
36 130
36 132
36 136
36 137
36 140
37 18
37 24
37 26
37 27
37 31
37 32
37 33
37 35
37 37
37 39
37 41
37 42
37 46
37 52
37 57
37 59
37 60
37 72
37 74
37 77
37 81
37 83
37 85
37 93
37 94
37 97
37 98
37 100
37 105
37 106
37 114
37 115
37 116
37 122
37 124
37 131
37 132
37 134
37 136
37 137
38 1
38 2
38 3
38 8
38 9
38 12
38 13
38 16
38 17
38 31
38 35
38 36
38 39
38 44
38 47
38 66
38 67
38 68
38 70
38 73
38 76
38 80
38 84
38 87
38 90
38 95
38 96
38 97
38 100
38 104
38 112
38 116
38 122
38 127
38 135
39 1
39 3
39 4
39 5
39 9
39 18
39 20
39 23
39 25
39 27
39 33
39 44
39 49
39 54
39 59
39 60
39 61
39 72
39 73
39 77
39 78
39 80
39 82
39 83
39 85
39 87
39 91
39 93
39 99
39 102
39 103
39 104
39 105
39 110
39 112
39 118
39 120
39 122
39 123
39 127
39 130
39 132
39 133
39 134
39 135
39 138
39 139
40 2
40 5
40 7
40 8
40 9
40 10
40 16
40 25
40 26
40 28
40 29
40 40
40 43
40 44
40 46
40 65
40 68
40 69
40 71
40 72
40 76
40 78
40 83
40 89
40 90
40 92
40 94
40 95
40 100
40 102
40 103
40 111
40 114
40 115
40 123
40 125
40 126
40 127
40 128
40 129
40 137
40 140
41 1
41 2
41 4
41 14
41 17
41 28
41 29
41 41
41 44
41 46
41 47
41 49
41 52
41 55
41 62
41 68
41 73
41 77
41 78
41 81
41 85
41 86
41 88
41 90
41 91
41 92
41 93
41 98
41 99
41 100
41 105
41 106
41 107
41 120
41 123
41 127
41 130
41 132
41 133
41 136
41 138
42 1
42 13
42 19
42 20
42 25
42 26
42 27
42 29
42 31
42 34
42 37
42 38
42 40
42 48
42 49
42 50
42 51
42 54
42 59
42 67
42 68
42 72
42 76
42 77
42 81
42 91
42 93
42 100
42 103
42 104
42 107
42 109
42 112
42 114
42 124
42 126
42 127
42 132
43 7
43 13
43 14
43 15
43 17
43 21
43 22
43 26
43 27
43 29
43 31
43 37
43 38
43 40
43 45
43 51
43 52
43 56
43 59
43 61
43 67
43 73
43 74
43 80
43 81
43 82
43 84
43 86
43 88
43 92
43 95
43 101
43 110
43 112
43 120
43 121
43 132
43 133
43 137
43 138
43 140
44 7
44 9
44 10
44 12
44 14
44 15
44 18
44 24
44 28
44 31
44 35
44 36
44 44
44 46
44 48
44 52
44 53
44 58
44 61
44 64
44 66
44 68
44 74
44 81
44 93
44 94
44 95
44 107
44 108
44 111
44 122
44 127
44 136
45 2
45 3
45 6
45 21
45 36
45 37
45 38
45 39
45 44
45 48
45 52
45 54
45 55
45 60
45 70
45 74
45 76
45 85
45 86
45 87
45 88
45 89
45 90
45 98
45 99
45 104
45 105
45 106
45 107
45 111
45 117
45 118
45 120
45 134
45 135
45 137
46 2
46 3
46 4
46 5
46 7
46 13
46 17
46 18
46 28
46 33
46 35
46 41
46 45
46 48
46 50
46 53
46 56
46 57
46 58
46 60
46 68
46 73
46 75
46 79
46 82
46 83
46 88
46 89
46 92
46 97
46 99
46 100
46 103
46 105
46 107
46 120
46 121
46 125
46 126
46 127
46 130
46 136
47 1
47 2
47 3
47 5
47 7
47 9
47 13
47 14
47 16
47 17
47 24
47 26
47 32
47 33
47 35
47 36
47 37
47 46
47 49
47 51
47 52
47 54
47 55
47 59
47 61
47 63
47 64
47 68
47 72
47 73
47 74
47 80
47 90
47 91
47 93
47 94
47 98
47 103
47 111
47 113
47 116
47 120
47 121
47 123
47 128
47 129
47 136
47 137
47 139
48 1
48 6
48 9
48 11
48 16
48 18
48 20
48 30
48 36
48 38
48 42
48 46
48 48
48 53
48 54
48 55
48 57
48 58
48 62
48 63
48 64
48 65
48 68
48 72
48 83
48 84
48 87
48 91
48 92
48 93
48 95
48 97
48 100
48 102
48 103
48 104
48 105
48 106
48 110
48 114
48 116
48 117
48 119
48 126
48 129
48 132
48 137
49 1
49 7
49 10
49 11
49 12
49 15
49 17
49 19
49 23
49 28
49 29
49 31
49 34
49 35
49 49
49 52
49 53
49 62
49 66
49 67
49 72
49 74
49 82
49 84
49 87
49 93
49 99
49 103
49 105
49 111
49 112
49 113
49 114
49 116
49 118
49 121
49 122
49 123
49 125
49 132
49 136
49 137
50 1
50 8
50 11
50 13
50 16
50 20
50 22
50 30
50 39
50 42
50 50
50 59
50 60
50 68
50 69
50 72
50 73
50 80
50 81
50 82
50 83
50 88
50 91
50 95
50 101
50 104
50 105
50 106
50 109
50 118
50 121
50 122
50 123
50 125
50 132
50 133
50 134
50 139
51 2
51 3
51 5
51 7
51 9
51 10
51 15
51 19
51 26
51 34
51 38
51 40
51 47
51 49
51 54
51 58
51 64
51 65
51 67
51 68
51 69
51 75
51 81
51 83
51 84
51 90
51 93
51 94
51 95
51 97
51 99
51 101
51 103
51 105
51 110
51 111
51 113
51 115
51 118
51 119
51 121
51 122
51 125
51 126
51 130
51 140
52 2
52 11
52 12
52 13
52 17
52 20
52 21
52 23
52 29
52 30
52 36
52 38
52 39
52 40
52 41
52 44
52 46
52 53
52 57
52 62
52 63
52 65
52 66
52 68
52 75
52 79
52 80
52 81
52 85
52 88
52 90
52 93
52 97
52 99
52 100
52 101
52 113
52 115
52 119
52 121
52 123
52 124
52 126
52 130
52 131
52 134
52 136
52 137
52 140
53 2
53 4
53 6
53 7
53 14
53 16
53 21
53 22
53 28
53 30
53 31
53 32
53 33
53 40
53 43
53 44
53 45
53 46
53 57
53 61
53 65
53 66
53 67
53 68
53 71
53 72
53 74
53 82
53 88
53 90
53 93
53 94
53 96
53 98
53 99
53 106
53 109
53 112
53 113
53 115
53 116
53 119
53 124
53 125
53 129
53 132
53 138
54 2
54 3
54 7
54 8
54 9
54 11
54 13
54 19
54 21
54 22
54 29
54 33
54 34
54 37
54 39
54 40
54 41
54 47
54 54
54 56
54 57
54 61
54 65
54 70
54 74
54 79
54 81
54 85
54 86
54 88
54 89
54 93
54 95
54 98
54 99
54 101
54 103
54 104
54 106
54 107
54 121
54 129
54 132
54 135
54 137
55 3
55 5
55 6
55 7
55 11
55 18
55 20
55 24
55 25
55 27
55 28
55 31
55 32
55 37
55 45
55 48
55 49
55 53
55 59
55 60
55 61
55 62
55 65
55 66
55 67
55 73
55 75
55 80
55 81
55 91
55 95
55 96
55 99
55 105
55 107
55 111
55 113
55 116
55 119
55 120
55 126
55 130
55 132
56 1
56 3
56 4
56 6
56 8
56 12
56 16
56 17
56 18
56 20
56 22
56 25
56 26
56 33
56 35
56 36
56 42
56 52
56 53
56 54
56 56
56 58
56 64
56 66
56 68
56 70
56 71
56 72
56 73
56 79
56 80
56 81
56 82
56 85
56 88
56 90
56 91
56 93
56 94
56 95
56 100
56 102
56 108
56 115
56 116
56 123
56 124
56 127
56 129
56 131
56 133
56 135
56 137
56 140
57 3
57 6
57 8
57 13
57 16
57 28
57 31
57 34
57 36
57 45
57 53
57 54
57 55
57 57
57 59
57 61
57 63
57 64
57 66
57 67
57 72
57 74
57 75
57 80
57 87
57 89
57 92
57 94
57 96
57 105
57 110
57 113
57 119
57 122
57 123
57 125
57 129
57 131
57 133
57 134
57 135
57 138
58 1
58 5
58 6
58 10
58 14
58 16
58 19
58 33
58 40
58 41
58 43
58 46
58 53
58 54
58 55
58 56
58 58
58 62
58 63
58 71
58 73
58 77
58 79
58 81
58 82
58 83
58 95
58 96
58 102
58 103
58 111
58 112
58 119
58 121
58 124
58 126
58 128
58 131
58 132
58 135
58 137
58 138
58 139
58 140
59 3
59 5
59 9
59 10
59 13
59 14
59 17
59 19
59 32
59 33
59 36
59 39
59 41
59 48
59 49
59 52
59 58
59 61
59 62
59 63
59 75
59 79
59 81
59 83
59 85
59 92
59 96
59 100
59 104
59 105
59 108
59 113
59 116
59 119
59 126
59 127
59 129
59 139
60 5
60 10
60 12
60 13
60 14
60 15
60 16
60 20
60 21
60 23
60 25
60 26
60 28
60 34
60 46
60 49
60 53
60 54
60 58
60 59
60 60
60 61
60 70
60 83
60 87
60 91
60 94
60 95
60 101
60 103
60 106
60 108
60 111
60 113
60 114
60 116
60 121
60 123
60 124
60 125
60 127
60 128
60 132
60 133
60 135
60 136
60 138
60 139
60 140
61 19
61 23
61 32
61 33
61 48
61 51
61 56
61 61
61 62
61 65
61 68
61 76
61 77
61 80
61 82
61 85
61 87
61 88
61 90
61 93
61 96
61 102
61 108
61 116
61 118
61 129
62 1
62 4
62 11
62 19
62 22
62 23
62 26
62 29
62 31
62 34
62 39
62 40
62 41
62 42
62 50
62 52
62 53
62 55
62 57
62 58
62 61
62 62
62 70
62 72
62 76
62 78
62 80
62 82
62 84
62 89
62 90
62 92
62 93
62 95
62 102
62 103
62 106
62 107
62 108
62 116
62 123
62 134
63 1
63 2
63 10
63 12
63 21
63 23
63 26
63 32
63 44
63 47
63 48
63 59
63 70
63 72
63 77
63 78
63 82
63 92
63 93
63 99
63 104
63 108
63 110
63 113
63 120
63 122
63 123
63 125
63 126
63 132
63 135
63 137
64 4
64 8
64 11
64 18
64 19
64 20
64 25
64 26
64 27
64 28
64 34
64 35
64 37
64 42
64 43
64 47
64 52
64 55
64 56
64 60
64 61
64 64
64 72
64 74
64 75
64 76
64 80
64 81
64 84
64 90
64 97
64 100
64 102
64 103
64 107
64 109
64 110
64 114
64 117
64 118
64 119
64 120
64 121
64 125
64 130
64 133
64 135
64 139
65 6
65 11
65 16
65 23
65 24
65 26
65 28
65 30
65 33
65 34
65 35
65 43
65 44
65 45
65 49
65 50
65 53
65 59
65 60
65 61
65 65
65 66
65 69
65 71
65 73
65 77
65 84
65 85
65 91
65 93
65 98
65 99
65 101
65 102
65 109
65 114
65 118
65 120
65 122
65 131
65 133
65 137
65 139
66 9
66 10
66 15
66 17
66 24
66 30
66 32
66 41
66 42
66 43
66 46
66 54
66 55
66 59
66 60
66 62
66 65
66 71
66 79
66 80
66 82
66 84
66 85
66 88
66 89
66 90
66 92
66 93
66 94
66 98
66 107
66 115
66 119
66 125
66 126
66 131
66 134
66 138
66 139
67 7
67 10
67 16
67 18
67 19
67 20
67 21
67 25
67 34
67 38
67 39
67 43
67 44
67 47
67 48
67 50
67 53
67 60
67 62
67 64
67 65
67 68
67 70
67 72
67 74
67 75
67 83
67 85
67 87
67 89
67 90
67 94
67 96
67 99
67 103
67 106
67 108
67 113
67 115
67 118
67 123
67 129
67 131
67 132
67 139
68 2
68 5
68 7
68 10
68 12
68 15
68 16
68 18
68 19
68 21
68 22
68 23
68 24
68 26
68 28
68 29
68 30
68 32
68 33
68 34
68 37
68 41
68 46
68 48
68 49
68 55
68 56
68 57
68 58
68 61
68 62
68 65
68 67
68 72
68 73
68 78
68 81
68 85
68 91
68 94
68 96
68 98
68 99
68 103
68 108
68 109
68 112
68 119
68 123
68 127
68 128
68 132
68 134
68 136
69 4
69 6
69 9
69 10
69 12
69 17
69 20
69 22
69 30
69 32
69 34
69 40
69 46
69 47
69 50
69 58
69 60
69 62
69 67
69 69
69 75
69 76
69 78
69 82
69 87
69 89
69 90
69 105
69 106
69 107
69 109
69 112
69 115
69 125
69 128
69 129
69 130
70 2
70 5
70 6
70 7
70 10
70 17
70 18
70 21
70 24
70 26
70 29
70 30
70 32
70 35
70 44
70 50
70 52
70 54
70 58
70 67
70 68
70 71
70 75
70 76
70 80
70 84
70 87
70 88
70 89
70 90
70 99
70 103
70 109
70 117
70 118
70 120
70 125
70 126
70 131
70 133
71 5
71 16
71 17
71 22
71 29
71 33
71 36
71 37
71 38
71 42
71 45
71 51
71 53
71 56
71 58
71 61
71 62
71 63
71 71
71 72
71 73
71 78
71 79
71 86
71 87
71 89
71 90
71 93
71 94
71 95
71 97
71 99
71 101
71 103
71 107
71 109
71 111
71 112
71 115
71 116
71 118
71 120
71 121
71 127
71 132
71 136
71 139
72 2
72 3
72 4
72 9
72 11
72 13
72 15
72 18
72 19
72 24
72 26
72 28
72 31
72 32
72 38
72 42
72 44
72 45
72 50
72 51
72 52
72 55
72 56
72 59
72 60
72 63
72 66
72 69
72 71
72 74
72 78
72 80
72 81
72 82
72 85
72 86
72 88
72 93
72 94
72 95
72 101
72 102
72 103
72 114
72 118
72 126
72 134
72 137
72 138
72 140
73 3
73 6
73 9
73 10
73 12
73 13
73 15
73 16
73 17
73 18
73 19
73 21
73 25
73 28
73 30
73 32
73 38
73 39
73 40
73 41
73 46
73 47
73 49
73 50
73 54
73 56
73 60
73 64
73 74
73 76
73 86
73 88
73 89
73 90
73 94
73 95
73 96
73 99
73 101
73 102
73 105
73 111
73 120
73 125
73 126
73 129
73 130
73 134
73 135
73 139
73 140
74 4
74 7
74 12
74 13
74 22
74 24
74 31
74 36
74 37
74 38
74 39
74 40
74 46
74 47
74 50
74 51
74 52
74 54
74 55
74 57
74 58
74 61
74 64
74 68
74 69
74 71
74 75
74 76
74 79
74 80
74 86
74 87
74 90
74 93
74 99
74 100
74 102
74 103
74 104
74 108
74 109
74 116
74 118
74 121
74 123
74 128
74 129
74 135
74 139
75 1
75 4
75 5
75 7
75 9
75 10
75 11
75 12
75 13
75 14
75 17
75 20
75 23
75 30
75 34
75 35
75 36
75 40
75 43
75 45
75 47
75 48
75 49
75 50
75 52
75 54
75 60
75 61
75 72
75 74
75 80
75 87
75 88
75 93
75 94
75 95
75 103
75 106
75 108
75 109
75 110
75 114
75 115
75 116
75 118
75 124
75 127
75 132
75 133
75 136
75 137
76 2
76 5
76 8
76 10
76 11
76 13
76 16
76 19
76 24
76 28
76 29
76 39
76 42
76 49
76 51
76 56
76 58
76 59
76 62
76 65
76 70
76 74
76 78
76 81
76 82
76 84
76 93
76 100
76 101
76 102
76 106
76 108
76 109
76 111
76 112
76 118
76 123
76 124
76 131
76 134
77 4
77 9
77 18
77 19
77 35
77 37
77 39
77 41
77 42
77 43
77 44
77 47
77 55
77 56
77 58
77 59
77 62
77 71
77 75
77 79
77 86
77 89
77 90
77 93
77 98
77 99
77 104
77 106
77 107
77 113
77 114
77 118
77 119
77 121
77 122
77 126
77 128
77 130
77 133
77 140
78 4
78 5
78 6
78 10
78 14
78 17
78 21
78 22
78 25
78 26
78 27
78 29
78 30
78 31
78 34
78 35
78 39
78 47
78 48
78 51
78 54
78 58
78 65
78 68
78 73
78 74
78 76
78 77
78 83
78 89
78 92
78 95
78 104
78 106
78 108
78 114
78 115
78 123
78 128
78 132
78 135
78 137
78 139
79 4
79 14
79 15
79 16
79 21
79 24
79 30
79 32
79 41
79 48
79 51
79 54
79 67
79 70
79 77
79 78
79 83
79 88
79 91
79 93
79 99
79 101
79 102
79 104
79 109
79 118
79 119
79 126
79 128
79 133
80 8
80 10
80 17
80 18
80 25
80 26
80 27
80 29
80 30
80 31
80 32
80 37
80 40
80 42
80 49
80 50
80 52
80 60
80 64
80 66
80 68
80 69
80 71
80 72
80 73
80 74
80 77
80 78
80 80
80 82
80 84
80 90
80 95
80 98
80 100
80 102
80 119
80 120
80 127
80 128
80 129
80 131
80 132
80 136
80 137
81 2
81 3
81 8
81 9
81 10
81 12
81 15
81 19
81 22
81 24
81 30
81 31
81 34
81 36
81 39
81 42
81 44
81 49
81 50
81 53
81 59
81 62
81 63
81 68
81 69
81 74
81 76
81 77
81 79
81 84
81 87
81 90
81 91
81 96
81 97
81 100
81 103
81 105
81 107
81 109
81 113
81 121
81 122
81 128
81 129
81 131
81 132
81 133
81 137
82 1
82 2
82 4
82 5
82 9
82 11
82 15
82 16
82 19
82 20
82 22
82 23
82 25
82 30
82 32
82 38
82 48
82 52
82 54
82 63
82 65
82 67
82 72
82 74
82 77
82 78
82 81
82 89
82 90
82 91
82 92
82 93
82 95
82 96
82 100
82 103
82 104
82 110
82 114
82 116
82 117
82 119
82 122
82 124
82 128
82 131
82 133
83 2
83 3
83 5
83 12
83 14
83 15
83 17
83 21
83 22
83 25
83 29
83 32
83 35
83 39
83 41
83 45
83 51
83 52
83 53
83 55
83 61
83 62
83 63
83 71
83 79
83 86
83 89
83 90
83 92
83 94
83 104
83 106
83 108
83 111
83 113
83 115
83 116
83 117
83 120
83 121
83 122
83 123
83 124
83 126
83 128
83 132
83 134
83 138
84 2
84 3
84 13
84 16
84 23
84 26
84 29
84 30
84 33
84 38
84 40
84 45
84 49
84 51
84 53
84 55
84 61
84 69
84 78
84 83
84 86
84 88
84 89
84 92
84 93
84 94
84 100
84 105
84 109
84 115
84 119
84 120
84 124
84 135
84 137
85 3
85 5
85 10
85 14
85 16
85 18
85 22
85 28
85 30
85 31
85 35
85 36
85 39
85 46
85 55
85 59
85 65
85 69
85 74
85 82
85 86
85 87
85 95
85 96
85 102
85 107
85 108
85 117
85 119
85 124
85 125
85 128
85 130
85 133
85 136
85 137
86 3
86 4
86 7
86 8
86 11
86 14
86 16
86 17
86 23
86 27
86 28
86 32
86 33
86 34
86 45
86 48
86 53
86 56
86 59
86 61
86 63
86 64
86 66
86 72
86 82
86 85
86 97
86 100
86 108
86 109
86 110
86 111
86 117
86 121
86 123
86 124
86 125
86 130
86 132
86 136
86 139
86 140
87 7
87 9
87 17
87 21
87 36
87 42
87 47
87 51
87 59
87 62
87 63
87 64
87 67
87 68
87 69
87 72
87 73
87 75
87 88
87 95
87 100
87 110
87 112
87 117
87 119
87 138
88 1
88 2
88 7
88 9
88 11
88 12
88 13
88 15
88 21
88 25
88 30
88 33
88 35
88 36
88 39
88 43
88 46
88 48
88 49
88 50
88 51
88 54
88 57
88 59
88 62
88 63
88 67
88 68
88 69
88 75
88 80
88 82
88 84
88 86
88 89
88 90
88 93
88 96
88 100
88 108
88 109
88 110
88 111
88 118
88 120
88 122
88 125
88 128
88 132
88 138
88 139
88 140
89 5
89 8
89 10
89 13
89 20
89 21
89 22
89 24
89 28
89 31
89 36
89 37
89 39
89 47
89 48
89 51
89 54
89 55
89 64
89 69
89 72
89 79
89 81
89 83
89 88
89 90
89 95
89 101
89 102
89 103
89 105
89 109
89 111
89 115
89 118
89 125
89 126
89 132
89 135
90 1
90 2
90 5
90 9
90 11
90 12
90 14
90 20
90 23
90 25
90 30
90 31
90 34
90 37
90 44
90 48
90 49
90 51
90 56
90 57
90 59
90 62
90 63
90 64
90 65
90 67
90 69
90 76
90 79
90 80
90 82
90 83
90 86
90 87
90 90
90 91
90 94
90 96
90 97
90 99
90 100
90 101
90 102
90 104
90 105
90 108
90 109
90 112
90 125
90 126
90 127
90 131
90 132
90 138
90 140
91 2
91 11
91 17
91 20
91 32
91 38
91 39
91 44
91 53
91 54
91 63
91 67
91 70
91 74
91 75
91 88
91 95
91 99
91 117
91 123
91 125
91 126
91 130
91 131
91 135
91 140
92 5
92 26
92 28
92 30
92 36
92 37
92 40
92 45
92 49
92 51
92 57
92 61
92 68
92 70
92 75
92 76
92 77
92 79
92 81
92 84
92 86
92 88
92 89
92 90
92 97
92 99
92 101
92 104
92 110
92 115
92 116
92 123
92 124
92 129
92 130
92 132
92 135
92 136
92 137
93 1
93 3
93 13
93 14
93 19
93 22
93 24
93 26
93 28
93 34
93 42
93 43
93 44
93 45
93 47
93 48
93 51
93 52
93 59
93 61
93 63
93 64
93 66
93 70
93 76
93 79
93 81
93 91
93 92
93 93
93 94
93 95
93 101
93 102
93 104
93 105
93 108
93 109
93 111
93 115
93 117
93 123
93 124
93 128
93 130
93 131
94 1
94 13
94 15
94 18
94 19
94 21
94 22
94 28
94 40
94 41
94 43
94 45
94 47
94 48
94 50
94 51
94 54
94 59
94 68
94 70
94 71
94 72
94 74
94 78
94 85
94 87
94 92
94 98
94 107
94 111
94 115
94 116
94 117
94 118
94 119
94 124
94 125
94 127
94 128
94 131
94 134
94 137
94 138
94 140
95 2
95 4
95 7
95 9
95 12
95 18
95 23
95 24
95 26
95 29
95 31
95 32
95 33
95 34
95 36
95 40
95 42
95 45
95 47
95 48
95 50
95 51
95 55
95 56
95 66
95 71
95 74
95 75
95 92
95 93
95 96
95 100
95 102
95 109
95 110
95 121
95 122
95 126
95 127
95 129
95 136
96 2
96 3
96 4
96 8
96 12
96 14
96 17
96 26
96 31
96 32
96 34
96 38
96 52
96 54
96 55
96 56
96 59
96 63
96 67
96 70
96 79
96 81
96 85
96 87
96 90
96 97
96 101
96 104
96 106
96 110
96 112
96 116
96 118
96 122
96 125
96 126
96 127
96 129
96 132
96 133
96 140
97 4
97 7
97 13
97 14
97 16
97 28
97 29
97 36
97 39
97 41
97 43
97 45
97 47
97 52
97 55
97 56
97 61
97 66
97 69
97 72
97 77
97 82
97 83
97 84
97 85
97 87
97 94
97 97
97 104
97 106
97 107
97 119
97 121
97 126
97 129
97 133
97 137
97 140
98 1
98 2
98 11
98 12
98 15
98 16
98 18
98 22
98 29
98 32
98 40
98 42
98 47
98 49
98 52
98 53
98 54
98 57
98 60
98 61
98 63
98 65
98 70
98 72
98 77
98 84
98 85
98 92
98 96
98 99
98 103
98 110
98 111
98 112
98 113
98 118
98 122
98 124
98 125
98 129
98 131
98 132
99 2
99 9
99 12
99 14
99 16
99 21
99 25
99 38
99 40
99 52
99 54
99 58
99 59
99 70
99 72
99 73
99 76
99 78
99 81
99 83
99 90
99 93
99 94
99 97
99 102
99 111
99 115
99 118
99 120
99 128
99 129
99 136
99 139
100 2
100 4
100 6
100 8
100 11
100 12
100 13
100 14
100 17
100 20
100 24
100 33
100 34
100 41
100 42
100 45
100 48
100 51
100 52
100 58
100 59
100 61
100 63
100 64
100 65
100 66
100 68
100 78
100 84
100 85
100 88
100 92
100 94
100 100
100 108
100 111
100 112
100 115
100 118
100 119
100 120
100 126
100 131
100 133
100 137
100 140
101 1
101 4
101 10
101 13
101 15
101 17
101 22
101 27
101 36
101 38
101 40
101 43
101 44
101 50
101 56
101 57
101 58
101 61
101 62
101 71
101 73
101 74
101 77
101 78
101 80
101 86
101 87
101 95
101 96
101 98
101 105
101 106
101 108
101 109
101 112
101 113
101 114
101 115
101 120
101 123
101 124
101 127
101 130
101 137
101 140
102 6
102 7
102 10
102 12
102 13
102 19
102 20
102 21
102 31
102 33
102 34
102 45
102 47
102 50
102 53
102 55
102 62
102 65
102 68
102 69
102 72
102 74
102 75
102 88
102 90
102 93
102 97
102 109
102 114
102 115
102 116
102 117
102 118
102 119
102 120
102 125
102 126
102 137
103 5
103 7
103 9
103 10
103 12
103 16
103 17
103 22
103 28
103 30
103 33
103 35
103 37
103 38
103 39
103 40
103 45
103 50
103 52
103 54
103 57
103 62
103 63
103 64
103 68
103 69
103 77
103 80
103 85
103 93
103 97
103 104
103 108
103 114
103 121
103 122
103 126
103 132
103 133
103 135
103 136
103 137
103 140
104 1
104 3
104 5
104 11
104 12
104 19
104 22
104 25
104 27
104 34
104 39
104 41
104 47
104 50
104 55
104 60
104 69
104 75
104 83
104 84
104 92
104 97
104 105
104 109
104 115
104 116
104 117
104 118
104 122
104 123
104 126
104 134
104 137
104 139
105 1
105 2
105 3
105 5
105 9
105 10
105 17
105 18
105 21
105 25
105 26
105 27
105 29
105 30
105 36
105 41
105 42
105 44
105 47
105 48
105 50
105 54
105 57
105 58
105 68
105 69
105 70
105 72
105 78
105 79
105 80
105 93
105 94
105 98
105 104
105 105
105 107
105 110
105 112
105 113
105 115
105 116
105 118
105 124
105 128
105 129
105 133
105 134
105 138
105 139
105 140
106 3
106 6
106 7
106 9
106 14
106 15
106 18
106 23
106 24
106 30
106 33
106 37
106 41
106 43
106 45
106 53
106 54
106 56
106 57
106 62
106 69
106 72
106 73
106 75
106 80
106 82
106 87
106 91
106 95
106 97
106 98
106 100
106 103
106 106
106 110
106 111
106 114
106 118
106 120
106 121
106 122
106 123
106 125
106 131
106 132
106 140
107 2
107 3
107 4
107 6
107 7
107 9
107 10
107 15
107 22
107 23
107 24
107 26
107 29
107 34
107 42
107 47
107 51
107 52
107 57
107 58
107 60
107 71
107 75
107 83
107 84
107 86
107 90
107 95
107 99
107 104
107 107
107 110
107 115
107 120
107 125
107 130
107 137
108 4
108 13
108 14
108 16
108 20
108 22
108 23
108 26
108 28
108 29
108 30
108 37
108 43
108 44
108 49
108 50
108 51
108 54
108 57
108 61
108 64
108 65
108 66
108 67
108 68
108 70
108 71
108 73
108 76
108 78
108 81
108 83
108 85
108 95
108 111
108 112
108 114
108 115
108 117
108 118
108 120
108 134
108 136
108 139
108 140
109 1
109 4
109 5
109 6
109 7
109 10
109 12
109 13
109 15
109 16
109 25
109 28
109 29
109 32
109 34
109 35
109 39
109 40
109 42
109 46
109 48
109 52
109 56
109 59
109 62
109 66
109 68
109 69
109 74
109 75
109 84
109 88
109 89
109 90
109 91
109 96
109 98
109 99
109 100
109 101
109 102
109 105
109 109
109 112
109 117
109 123
109 124
109 131
109 132
110 2
110 4
110 5
110 14
110 15
110 18
110 19
110 21
110 25
110 29
110 32
110 39
110 42
110 45
110 49
110 50
110 55
110 56
110 62
110 64
110 65
110 68
110 71
110 72
110 75
110 76
110 86
110 89
110 93
110 94
110 101
110 108
110 114
110 118
110 120
110 121
110 123
110 125
110 128
110 129
110 130
110 136
110 138
110 139
110 140
111 10
111 12
111 13
111 17
111 18
111 21
111 25
111 30
111 33
111 34
111 36
111 42
111 47
111 48
111 51
111 52
111 53
111 55
111 59
111 61
111 68
111 72
111 76
111 88
111 90
111 92
111 96
111 103
111 111
111 112
111 131
111 135
111 138
111 139
112 4
112 7
112 11
112 19
112 33
112 34
112 35
112 38
112 44
112 48
112 53
112 54
112 56
112 58
112 61
112 66
112 68
112 70
112 71
112 76
112 77
112 79
112 81
112 82
112 90
112 95
112 96
112 97
112 99
112 100
112 101
112 103
112 105
112 110
112 121
112 122
112 126
112 131
112 140
