144 180 7855
1 2
1 4
1 6
1 9
1 13
1 17
1 18
1 37
1 40
1 44
1 45
1 47
1 52
1 54
1 58
1 66
1 68
1 71
1 78
1 80
1 82
1 83
1 87
1 90
1 91
1 97
1 102
1 103
1 106
1 110
1 112
1 117
1 124
1 125
1 133
1 139
1 140
1 151
1 152
1 155
1 160
1 164
1 166
1 167
1 170
1 173
1 176
1 178
1 179
2 3
2 4
2 10
2 12
2 13
2 14
2 15
2 18
2 21
2 24
2 34
2 35
2 37
2 40
2 41
2 43
2 44
2 49
2 53
2 55
2 56
2 57
2 68
2 70
2 71
2 74
2 77
2 79
2 91
2 94
2 95
2 100
2 101
2 102
2 104
2 106
2 109
2 110
2 111
2 112
2 113
2 116
2 117
2 118
2 119
2 125
2 127
2 132
2 134
2 139
2 143
2 148
2 149
2 150
2 153
2 155
2 156
2 161
2 164
2 167
2 170
2 177
3 5
3 9
3 12
3 16
3 18
3 20
3 22
3 24
3 32
3 35
3 38
3 42
3 45
3 48
3 53
3 59
3 60
3 68
3 72
3 75
3 76
3 78
3 79
3 85
3 86
3 87
3 91
3 92
3 93
3 98
3 101
3 109
3 112
3 119
3 124
3 132
3 138
3 139
3 146
3 148
3 151
3 156
3 157
3 159
3 161
3 168
3 171
3 179
3 180
4 2
4 3
4 8
4 13
4 17
4 19
4 27
4 30
4 35
4 41
4 46
4 48
4 53
4 56
4 59
4 61
4 72
4 73
4 85
4 87
4 94
4 96
4 97
4 98
4 99
4 105
4 113
4 117
4 118
4 120
4 126
4 127
4 129
4 130
4 132
4 140
4 141
4 144
4 147
4 156
4 159
4 160
4 161
4 163
4 169
4 170
4 174
4 176
5 12
5 14
5 15
5 17
5 18
5 25
5 28
5 29
5 34
5 36
5 45
5 51
5 52
5 54
5 55
5 56
5 58
5 62
5 66
5 68
5 72
5 83
5 84
5 85
5 86
5 92
5 93
5 95
5 96
5 106
5 110
5 112
5 114
5 117
5 125
5 126
5 127
5 135
5 138
5 141
5 146
5 149
5 150
5 154
5 155
5 161
5 162
5 165
5 168
5 173
5 175
5 176
5 177
5 180
6 1
6 2
6 4
6 9
6 11
6 13
6 16
6 21
6 22
6 23
6 28
6 35
6 36
6 39
6 45
6 53
6 59
6 66
6 69
6 70
6 78
6 79
6 95
6 97
6 104
6 107
6 108
6 110
6 111
6 112
6 113
6 125
6 129
6 131
6 132
6 133
6 136
6 137
6 140
6 143
6 144
6 146
6 147
6 148
6 151
6 164
6 174
6 175
7 2
7 4
7 6
7 10
7 16
7 19
7 23
7 28
7 30
7 35
7 36
7 46
7 50
7 56
7 58
7 66
7 69
7 72
7 73
7 74
7 75
7 76
7 77
7 85
7 89
7 91
7 95
7 97
7 99
7 102
7 110
7 112
7 114
7 118
7 119
7 120
7 125
7 126
7 127
7 137
7 138
7 148
7 152
7 154
7 156
7 157
7 158
7 159
7 162
7 166
7 169
8 1
8 3
8 6
8 9
8 11
8 24
8 34
8 46
8 53
8 58
8 59
8 62
8 64
8 76
8 78
8 86
8 87
8 91
8 93
8 95
8 97
8 100
8 104
8 105
8 106
8 107
8 111
8 117
8 121
8 123
8 126
8 128
8 129
8 130
8 133
8 137
8 138
8 139
8 142
8 144
8 145
8 147
8 154
8 155
8 160
8 169
8 171
8 172
8 177
8 178
8 179
8 180
9 1
9 5
9 7
9 8
9 11
9 14
9 18
9 21
9 22
9 26
9 29
9 30
9 31
9 33
9 39
9 40
9 41
9 42
9 45
9 46
9 50
9 53
9 56
9 57
9 58
9 69
9 70
9 78
9 89
9 90
9 91
9 93
9 100
9 106
9 107
9 110
9 113
9 122
9 124
9 126
9 128
9 129
9 133
9 136
9 138
9 142
9 150
9 154
9 156
9 160
9 169
9 170
9 180
10 2
10 3
10 4
10 5
10 9
10 12
10 15
10 18
10 19
10 24
10 30
10 43
10 47
10 52
10 56
10 61
10 72
10 73
10 76
10 84
10 88
10 92
10 94
10 98
10 100
10 102
10 111
10 115
10 117
10 126
10 128
10 129
10 134
10 135
10 136
10 137
10 142
10 143
10 146
10 148
10 149
10 153
10 154
10 157
10 161
10 164
10 168
10 172
10 174
10 175
10 176
10 177
10 179
11 1
11 6
11 15
11 16
11 17
11 19
11 24
11 32
11 35
11 40
11 42
11 43
11 50
11 51
11 56
11 60
11 62
11 71
11 75
11 76
11 79
11 84
11 87
11 90
11 98
11 100
11 102
11 105
11 106
11 107
11 108
11 113
11 118
11 121
11 127
11 129
11 130
11 132
11 133
11 138
11 140
11 141
11 143
11 144
11 147
11 151
11 158
11 160
11 163
11 164
11 166
11 167
11 169
11 171
11 175
11 176
12 5
12 6
12 9
12 11
12 12
12 16
12 17
12 20
12 22
12 23
12 29
12 30
12 31
12 34
12 35
12 37
12 39
12 40
12 41
12 42
12 43
12 44
12 46
12 49
12 52
12 53
12 55
12 59
12 63
12 65
12 67
12 70
12 75
12 78
12 79
12 83
12 84
12 88
12 101
12 102
12 105
12 106
12 107
12 120
12 126
12 129
12 137
12 138
12 142
12 143
12 150
12 160
12 164
12 165
12 167
12 169
12 172
12 173
12 176
12 180
13 2
13 15
13 16
13 19
13 25
13 26
13 27
13 29
13 33
13 38
13 39
13 43
13 48
13 49
13 53
13 54
13 55
13 59
13 64
13 71
13 73
13 81
13 86
13 87
13 90
13 92
13 93
13 99
13 105
13 106
13 112
13 116
13 117
13 118
13 124
13 127
13 129
13 137
13 142
13 144
13 147
13 151
13 153
13 157
13 158
13 162
13 166
13 169
13 173
13 175
13 177
14 2
14 9
14 10
14 11
14 12
14 13
14 16
14 21
14 23
14 24
14 25
14 29
14 30
14 35
14 38
14 40
14 44
14 47
14 64
14 71
14 72
14 76
14 79
14 83
14 88
14 89
14 94
14 101
14 105
14 107
14 111
14 113
14 114
14 118
14 122
14 124
14 126
14 131
14 135
14 139
14 140
14 146
14 148
14 150
14 151
14 153
14 157
14 166
14 168
14 170
14 175
14 176
14 177
15 6
15 12
15 18
15 20
15 21
15 34
15 38
15 44
15 45
15 52
15 62
15 64
15 65
15 70
15 71
15 73
15 77
15 79
15 84
15 86
15 87
15 88
15 91
15 93
15 96
15 103
15 104
15 112
15 115
15 119
15 120
15 133
15 135
15 137
15 138
15 141
15 144
15 146
15 148
15 151
15 154
15 158
15 162
15 168
15 169
15 172
15 173
15 174
15 178
15 179
16 2
16 6
16 9
16 10
16 14
16 15
16 16
16 20
16 25
16 26
16 30
16 32
16 36
16 39
16 41
16 42
16 48
16 52
16 58
16 61
16 63
16 70
16 75
16 77
16 78
16 80
16 82
16 84
16 88
16 90
16 91
16 92
16 95
16 98
16 104
16 106
16 107
16 110
16 121
16 124
16 127
16 130
16 131
16 137
16 138
16 143
16 145
16 146
16 147
16 155
16 159
16 162
16 163
16 168
16 169
16 171
16 172
16 173
16 177
16 179
16 180
17 6
17 8
17 16
17 17
17 21
17 22
17 27
17 31
17 34
17 38
17 40
17 41
17 42
17 48
17 50
17 54
17 56
17 57
17 61
17 65
17 67
17 76
17 79
17 80
17 81
17 94
17 99
17 100
17 101
17 103
17 105
17 107
17 109
17 110
17 112
17 115
17 120
17 121
17 128
17 131
17 133
17 135
17 139
17 141
17 143
17 146
17 149
17 153
17 159
17 160
17 166
17 167
17 176
18 2
18 3
18 4
18 6
18 23
18 24
18 25
18 29
18 32
18 36
18 37
18 38
18 41
18 42
18 46
18 47
18 48
18 50
18 51
18 55
18 59
18 71
18 75
18 90
18 91
18 92
18 98
18 99
18 102
18 106
18 109
18 111
18 116
18 121
18 123
18 124
18 125
18 130
18 135
18 137
18 138
18 143
18 146
18 147
18 149
18 152
18 154
18 162
18 165
18 175
18 178
19 3
19 5
19 6
19 9
19 16
19 19
19 20
19 21
19 23
19 25
19 26
19 27
19 28
19 30
19 33
19 36
19 43
19 54
19 57
19 60
19 61
19 63
19 64
19 65
19 68
19 75
19 76
19 79
19 82
19 85
19 89
19 95
19 100
19 102
19 104
19 108
19 109
19 114
19 116
19 117
19 120
19 122
19 128
19 130
19 135
19 141
19 143
19 148
19 149
19 150
19 151
19 152
19 154
19 160
19 161
19 171
19 176
19 180
20 2
20 3
20 4
20 11
20 13
20 19
20 21
20 22
20 27
20 31
20 32
20 34
20 36
20 38
20 40
20 45
20 47
20 48
20 53
20 54
20 55
20 56
20 61
20 64
20 67
20 68
20 70
20 79
20 81
20 87
20 104
20 109
20 115
20 116
20 118
20 124
20 125
20 127
20 131
20 140
20 143
20 145
20 150
20 152
20 155
20 156
20 157
20 165
20 169
20 170
20 171
20 173
20 178
20 180
21 9
21 12
21 14
21 15
21 19
21 22
21 23
21 29
21 34
21 35
21 41
21 48
21 50
21 54
21 56
21 60
21 65
21 69
21 84
21 87
21 92
21 94
21 95
21 97
21 99
21 102
21 104
21 107
21 112
21 113
21 117
21 118
21 129
21 134
21 142
21 143
21 145
21 147
21 150
21 156
21 157
21 158
21 161
21 168
21 169
21 175
21 180
22 4
22 8
22 11
22 15
22 16
22 20
22 29
22 31
22 33
22 36
22 37
22 39
22 45
22 46
22 59
22 62
22 66
22 70
22 71
22 83
22 85
22 86
22 99
22 102
22 104
22 111
22 113
22 115
22 121
22 127
22 129
22 131
22 134
22 136
22 138
22 141
22 142
22 144
22 145
22 146
22 156
22 157
22 159
22 160
22 161
22 162
22 164
22 166
22 173
22 174
22 177
22 178
22 179
23 4
23 17
23 19
23 20
23 23
23 25
23 29
23 30
23 37
23 40
23 49
23 50
23 58
23 60
23 61
23 62
23 66
23 67
23 70
23 73
23 76
23 77
23 81
23 83
23 87
23 88
23 89
23 91
23 94
23 104
23 107
23 111
23 114
23 117
23 118
23 122
23 125
23 127
23 129
23 131
23 133
23 136
23 138
23 139
23 140
23 145
23 150
23 151
23 152
23 155
23 157
23 163
23 164
23 173
23 174
23 179
23 180
24 2
24 6
24 9
24 12
24 15
24 17
24 18
24 22
24 26
24 27
24 30
24 32
24 35
24 36
24 41
24 42
24 44
24 45
24 46
24 47
24 51
24 53
24 59
24 61
24 63
24 65
24 72
24 76
24 78
24 83
24 92
24 97
24 99
24 100
24 102
24 103
24 104
24 105
24 106
24 122
24 126
24 130
24 132
24 134
24 136
24 142
24 150
24 151
24 152
24 153
24 155
24 159
24 161
24 162
24 166
24 167
24 168
24 171
24 173
24 176
25 3
25 6
25 9
25 10
25 15
25 16
25 18
25 21
25 28
25 30
25 33
25 36
25 38
25 45
25 49
25 54
25 55
25 62
25 64
25 71
25 72
25 77
25 86
25 88
25 93
25 94
25 95
25 96
25 98
25 100
25 104
25 109
25 112
25 113
25 114
25 124
25 126
25 132
25 134
25 136
25 138
25 139
25 142
25 143
25 145
25 148
25 149
25 150
25 151
25 159
25 163
25 164
25 165
25 170
25 171
25 174
25 176
25 178
26 7
26 8
26 15
26 16
26 19
26 22
26 26
26 28
26 32
26 33
26 38
26 39
26 40
26 43
26 44
26 46
26 47
26 51
26 53
26 55
26 58
26 59
26 61
26 62
26 63
26 64
26 67
26 69
26 76
26 77
26 79
26 82
26 84
26 86
26 87
26 92
26 97
26 103
26 108
26 111
26 112
26 119
26 121
26 128
26 133
26 135
26 136
26 141
26 143
26 145
26 148
26 156
26 157
26 163
26 164
26 166
26 167
26 168
27 5
27 7
27 11
27 12
27 13
27 15
27 16
27 17
27 23
27 27
27 31
27 37
27 40
27 45
27 47
27 48
27 51
27 52
27 54
27 57
27 60
27 61
27 65
27 70
27 73
27 74
27 82
27 86
27 90
27 91
27 93
27 95
27 97
27 106
27 119
27 122
27 125
27 126
27 129
27 132
27 138
27 141
27 148
27 152
27 154
27 156
27 168
27 175
27 179
27 180
28 1
28 10
28 11
28 12
28 13
28 15
28 26
28 27
28 31
28 36
28 39
28 47
28 48
28 49
28 50
28 51
28 55
28 58
28 62
28 66
28 70
28 75
28 78
28 81
28 84
28 87
28 91
28 92
28 97
28 98
28 100
28 104
28 106
28 109
28 111
28 125
28 127
28 128
28 130
28 133
28 136
28 142
28 144
28 148
28 149
28 151
28 152
28 163
28 164
28 166
28 167
28 168
28 169
28 171
28 174
28 180
29 3
29 5
29 12
29 13
29 23
29 24
29 29
29 31
29 34
29 36
29 40
29 42
29 47
29 48
29 50
29 57
29 65
29 67
29 72
29 73
29 76
29 81
29 84
29 93
29 95
29 97
29 98
29 100
29 102
29 105
29 107
29 110
29 111
29 122
29 127
29 131
29 132
29 144
29 149
29 150
29 151
29 157
29 160
29 161
29 165
29 169
29 171
30 1
30 2
30 5
30 15
30 22
30 24
30 25
30 34
30 35
30 36
30 37
30 40
30 41
30 46
30 47
30 50
30 51
30 53
30 64
30 68
30 70
30 73
30 74
30 78
30 79
30 80
30 81
30 84
30 85
30 87
30 90
30 91
30 92
30 97
30 99
30 103
30 104
30 105
30 108
30 109
30 112
30 116
30 118
30 120
30 124
30 127
30 129
30 131
30 133
30 139
30 141
30 143
30 145
30 146
30 151
30 152
30 153
30 157
30 169
30 172
30 178
30 180
31 3
31 4
31 9
31 11
31 15
31 17
31 20
31 21
31 22
31 23
31 28
31 31
31 34
31 35
31 38
31 46
31 50
31 56
31 57
31 58
31 64
31 65
31 67
31 69
31 71
31 72
31 78
31 88
31 91
31 92
31 95
31 96
31 98
31 99
31 108
31 112
31 116
31 118
31 128
31 131
31 134
31 140
31 144
31 147
31 149
31 151
31 156
31 158
31 165
31 167
31 169
31 178
32 1
32 16
32 17
32 19
32 21
32 24
32 26
32 29
32 34
32 41
32 43
32 44
32 51
32 52
32 54
32 57
32 58
32 65
32 68
32 69
32 70
32 74
32 76
32 77
32 78
32 81
32 94
32 96
32 108
32 116
32 117
32 124
32 125
32 126
32 127
32 133
32 135
32 136
32 137
32 139
32 144
32 146
32 150
32 151
32 152
32 155
32 162
32 165
32 180
33 3
33 6
33 8
33 10
33 11
33 15
33 17
33 20
33 21
33 22
33 23
33 24
33 35
33 36
33 37
33 38
33 40
33 42
33 48
33 49
33 51
33 56
33 58
33 62
33 66
33 73
33 74
33 77
33 78
33 83
33 85
33 86
33 89
33 97
33 100
33 102
33 103
33 106
33 108
33 114
33 116
33 117
33 118
33 121
33 130
33 131
33 135
33 136
33 140
33 143
33 144
33 145
33 148
33 154
33 155
33 160
33 163
33 164
33 165
33 167
33 172
33 173
33 177
33 178
33 179
34 1
34 5
34 6
34 8
34 12
34 15
34 25
34 26
34 27
34 28
34 33
34 34
34 35
34 38
34 41
34 44
34 46
34 50
34 51
34 54
34 60
34 67
34 74
34 75
34 80
34 81
34 88
34 90
34 93
34 95
34 99
34 106
34 108
34 111
34 112
34 114
34 115
34 117
34 119
34 122
34 124
34 130
34 136
34 137
34 146
34 147
34 148
34 149
34 155
34 161
34 167
34 172
34 176
35 4
35 7
35 11
35 16
35 19
35 20
35 22
35 23
35 24
35 26
35 28
35 35
35 39
35 40
35 45
35 49
35 51
35 53
35 60
35 62
35 63
35 65
35 67
35 68
35 70
35 78
35 83
35 89
35 90
35 91
35 95
35 97
35 107
35 110
35 116
35 121
35 122
35 125
35 126
35 131
35 132
35 134
35 135
35 137
35 142
35 151
35 156
35 160
35 161
35 163
35 167
35 168
35 171
35 173
35 176
35 180
36 8
36 15
36 24
36 28
36 32
36 33
36 35
36 37
36 38
36 39
36 44
36 49
36 51
36 54
36 55
36 56
36 59
36 63
36 64
36 68
36 72
36 87
36 89
36 93
36 97
36 98
36 102
36 103
36 104
36 106
36 107
36 109
36 114
36 118
36 120
36 121
36 128
36 131
36 133
36 138
36 141
36 143
36 146
36 147
36 160
36 162
36 163
36 167
36 168
36 171
36 172
36 173
36 176
36 177
37 5
37 6
37 9
37 10
37 12
37 13
37 14
37 20
37 25
37 26
37 27
37 36
37 38
37 43
37 45
37 47
37 49
37 50
37 51
37 53
37 54
37 57
37 60
37 72
37 73
37 78
37 83
37 85
37 86
37 90
37 95
37 99
37 101
37 104
37 106
37 107
37 109
37 111
37 114
37 118
37 119
37 122
37 128
37 129
37 130
37 131
37 134
37 136
37 141
37 142
37 146
37 148
37 150
37 153
37 157
37 163
37 165
37 168
37 172
37 177
38 2
38 4
38 12
38 13
38 14
38 17
38 27
38 28
38 35
38 36
38 37
38 39
38 40
38 42
38 45
38 48
38 51
38 56
38 60
38 63
38 65
38 69
38 70
38 73
38 77
38 83
38 87
38 88
38 89
38 91
38 100
38 101
38 104
38 110
38 117
38 121
38 124
38 125
38 126
38 127
38 129
38 130
38 131
38 133
38 139
38 141
38 142
38 145
38 153
38 160
38 166
38 167
38 168
38 170
38 174
39 1
39 2
39 6
39 7
39 8
39 12
39 15
39 19
39 23
39 31
39 35
39 38
39 46
39 49
39 50
39 51
39 56
39 58
39 60
39 67
39 71
39 77
39 78
39 83
39 85
39 86
39 93
39 96
39 98
39 99
39 100
39 103
39 106
39 109
39 111
39 115
39 129
39 133
39 134
39 145
39 151
39 154
39 156
39 159
39 160
39 169
39 175
39 176
39 177
39 179
40 2
40 3
40 4
40 5
40 7
40 11
40 13
40 16
40 17
40 18
40 20
40 23
40 28
40 31
40 34
40 42
40 44
40 45
40 52
40 53
40 54
40 56
40 57
40 61
40 72
40 73
40 74
40 81
40 84
40 86
40 87
40 94
40 97
40 98
40 100
40 101
40 102
40 105
40 107
40 109
40 111
40 113
40 114
40 121
40 122
40 127
40 128
40 129
40 130
40 132
40 134
40 139
40 143
40 147
40 148
40 151
40 152
40 154
40 167
40 168
40 169
40 176
40 178
40 179
41 1
41 2
41 5
41 7
41 8
41 10
41 15
41 17
41 19
41 22
41 23
41 25
41 27
41 29
41 36
41 41
41 44
41 45
41 51
41 52
41 54
41 60
41 69
41 71
41 72
41 75
41 79
41 80
41 82
41 83
41 84
41 88
41 90
41 100
41 101
41 102
41 105
41 107
41 111
41 115
41 117
41 118
41 127
41 128
41 130
41 158
41 160
41 164
41 166
41 176
41 177
41 179
42 2
42 4
42 5
42 8
42 14
42 15
42 20
42 22
42 24
42 28
42 35
42 36
42 41
42 45
42 51
42 53
42 55
42 57
42 59
42 60
42 62
42 68
42 69
42 72
42 74
42 75
42 76
42 85
42 89
42 93
42 96
42 97
42 99
42 103
42 104
42 105
42 106
42 107
42 110
42 113
42 117
42 121
42 124
42 125
42 140
42 141
42 143
42 145
42 148
42 150
42 151
42 153
42 159
42 161
42 162
42 163
42 166
42 167
42 168
42 169
42 177
42 178
43 2
43 3
43 9
43 10
43 13
43 15
43 25
43 26
43 27
43 28
43 29
43 34
43 36
43 42
43 44
43 46
43 47
43 48
43 53
43 54
43 60
43 61
43 62
43 63
43 68
43 72
43 73
43 76
43 78
43 82
43 95
43 99
43 101
43 102
43 104
43 108
43 110
43 112
43 115
43 117
43 118
43 119
43 123
43 126
43 133
43 137
43 138
43 139
43 140
43 145
43 153
43 157
43 158
43 159
43 165
43 166
43 169
43 171
43 177
44 1
44 7
44 11
44 13
44 14
44 15
44 22
44 31
44 35
44 38
44 39
44 40
44 43
44 52
44 55
44 61
44 63
44 65
44 67
44 68
44 69
44 72
44 79
44 80
44 86
44 88
44 93
44 95
44 100
44 107
44 108
44 110
44 112
44 117
44 119
44 120
44 123
44 126
44 127
44 132
44 139
44 143
44 145
44 147
44 148
44 150
44 161
44 164
44 167
44 169
44 170
44 174
44 175
44 179
44 180
45 2
45 4
45 7
45 8
45 9
45 10
45 13
45 16
45 17
45 23
45 28
45 33
45 34
45 35
45 37
45 54
45 67
45 68
45 71
45 72
45 73
45 79
45 84
45 85
45 86
45 88
45 92
45 93
45 100
45 103
45 105
45 108
45 112
45 113
45 115
45 126
45 127
45 128
45 136
45 138
45 142
45 143
45 144
45 145
45 150
45 151
45 154
45 155
45 156
45 157
45 158
45 159
45 160
45 163
45 164
45 165
45 167
45 172
45 180
46 1
46 2
46 4
46 5
46 10
46 13
46 15
46 19
46 22
46 28
46 34
46 40
46 41
46 44
46 50
46 51
46 53
46 56
46 60
46 81
46 84
46 87
46 89
46 91
46 95
46 101
46 112
46 115
46 118
46 119
46 120
46 122
46 129
46 130
46 132
46 135
46 152
46 153
46 154
46 163
46 166
46 167
46 168
46 169
46 170
46 174
47 4
47 15
47 16
47 18
47 19
47 21
47 23
47 33
47 34
47 36
47 43
47 44
47 48
47 51
47 54
47 56
47 61
47 64
47 66
47 70
47 71
47 75
47 89
47 91
47 95
47 100
47 104
47 110
47 111
47 113
47 124
47 125
47 126
47 131
47 133
47 136
47 140
47 142
47 147
47 151
47 152
47 153
47 154
47 156
47 157
47 159
47 164
47 166
47 167
47 168
47 178
47 179
48 2
48 3
48 10
48 13
48 14
48 16
48 19
48 25
48 26
48 32
48 42
48 43
48 50
48 51
48 53
48 58
48 59
48 60
48 63
48 64
48 67
48 69
48 77
48 80
48 83
48 84
48 89
48 90
48 91
48 93
48 97
48 101
48 113
48 115
48 121
48 125
48 126
48 129
48 130
48 132
48 134
48 136
48 137
48 140
48 142
48 144
48 145
48 147
48 156
48 158
48 160
48 164
48 166
48 167
48 168
48 173
48 174
49 1
49 4
49 8
49 13
49 15
49 21
49 27
49 39
49 46
49 47
49 54
49 58
49 60
49 61
49 62
49 63
49 67
49 69
49 70
49 71
49 72
49 73
49 74
49 82
49 83
49 88
49 95
49 98
49 101
49 104
49 106
49 110
49 113
49 114
49 117
49 125
49 129
49 132
49 139
49 140
49 141
49 147
49 162
49 165
49 166
49 169
49 171
49 176
49 179
50 4
50 6
50 7
50 12
50 15
50 29
50 30
50 32
50 33
50 38
50 40
50 49
50 51
50 54
50 57
50 61
50 64
50 65
50 72
50 74
50 75
50 79
50 81
50 82
50 87
50 94
50 97
50 100
50 101
50 103
50 106
50 107
50 112
50 113
50 114
50 121
50 124
50 125
50 126
50 130
50 131
50 132
50 133
50 137
50 140
50 143
50 145
50 146
50 155
50 158
50 162
50 164
50 170
50 172
50 178
51 2
51 3
51 7
51 8
51 10
51 13
51 14
51 15
51 17
51 23
51 26
51 28
51 30
51 38
51 39
51 41
51 43
51 47
51 49
51 55
51 57
51 61
51 64
51 71
51 73
51 79
51 84
51 86
51 89
51 90
51 94
51 100
51 101
51 103
51 105
51 106
51 118
51 119
51 120
51 125
51 126
51 127
51 128
51 134
51 135
51 138
51 140
51 149
51 155
51 160
51 164
51 173
51 174
52 2
52 6
52 10
52 12
52 13
52 16
52 26
52 27
52 30
52 34
52 37
52 39
52 42
52 47
52 52
52 55
52 56
52 58
52 63
52 66
52 70
52 73
52 76
52 80
52 81
52 85
52 87
52 89
52 92
52 95
52 107
52 109
52 112
52 114
52 115
52 116
52 118
52 124
52 130
52 144
52 145
52 148
52 166
52 168
52 171
52 179
52 180
53 3
53 4
53 11
53 15
53 21
53 25
53 31
53 34
53 36
53 39
53 45
53 50
53 52
53 56
53 58
53 65
53 66
53 67
53 68
53 78
53 79
53 83
53 91
53 98
53 100
53 102
53 108
53 109
53 111
53 114
53 115
53 117
53 120
53 122
53 126
53 128
53 129
53 134
53 136
53 139
53 142
53 144
53 145
53 154
53 159
53 163
53 164
53 165
53 172
53 173
53 175
54 3
54 7
54 9
54 10
54 11
54 13
54 20
54 22
54 25
54 32
54 35
54 37
54 38
54 41
54 42
54 46
54 50
54 54
54 55
54 64
54 70
54 71
54 73
54 77
54 83
54 85
54 86
54 87
54 88
54 99
54 102
54 108
54 114
54 116
54 118
54 121
54 122
54 127
54 128
54 130
54 131
54 135
54 136
54 140
54 146
54 147
54 151
54 152
54 154
54 155
54 157
54 162
54 167
54 173
54 179
54 180
55 1
55 2
55 4
55 6
55 18
55 31
55 33
55 37
55 38
55 39
55 40
55 41
55 45
55 47
55 48
55 52
55 54
55 58
55 59
55 64
55 67
55 71
55 72
55 74
55 78
55 85
55 91
55 92
55 95
55 98
55 100
55 105
55 109
55 110
55 111
55 114
55 121
55 122
55 123
55 125
55 127
55 129
55 133
55 135
55 138
55 140
55 151
55 161
55 162
55 163
55 164
55 173
55 174
55 176
55 179
56 4
56 5
56 23
56 26
56 28
56 36
56 44
56 46
56 47
56 50
56 55
56 60
56 63
56 67
56 68
56 74
56 76
56 77
56 80
56 81
56 82
56 84
56 87
56 89
56 96
56 103
56 106
56 108
56 112
56 119
56 121
56 123
56 125
56 129
56 130
56 132
56 141
56 143
56 147
56 148
56 149
56 150
56 151
56 163
56 174
56 176
56 179
56 180
57 3
57 8
57 10
57 11
57 15
57 16
57 18
57 26
57 30
57 38
57 50
57 53
57 58
57 63
57 64
57 70
57 75
57 79
57 83
57 86
57 92
57 93
57 96
57 98
57 107
57 112
57 116
57 118
57 120
57 128
57 131
57 134
57 136
57 137
57 138
57 139
57 140
57 143
57 145
57 150
57 152
57 162
57 174
57 176
57 179
57 180
58 4
58 7
58 13
58 15
58 16
58 18
58 27
58 28
58 34
58 35
58 36
58 43
58 44
58 46
58 48
58 50
58 51
58 53
58 57
58 59
58 65
58 66
58 68
58 69
58 73
58 77
58 83
58 84
58 88
58 89
58 90
58 91
58 93
58 94
58 101
58 103
58 111
58 115
58 118
58 125
58 129
58 131
58 134
58 148
58 159
58 160
58 161
58 163
58 164
58 172
58 173
58 174
58 178
58 180
59 4
59 6
59 27
59 30
59 31
59 32
59 34
59 35
59 37
59 38
59 40
59 48
59 53
59 62
59 64
59 67
59 70
59 75
59 76
59 77
59 78
59 80
59 81
59 84
59 85
59 93
59 95
59 97
59 106
59 109
59 111
59 120
59 121
59 126
59 128
59 132
59 137
59 140
59 142
59 143
59 149
59 152
59 159
59 160
59 162
59 172
59 178
60 4
60 7
60 8
60 17
60 18
60 31
60 32
60 36
60 39
60 40
60 43
60 50
60 51
60 58
60 61
60 62
60 63
60 65
60 69
60 71
60 73
60 80
60 82
60 93
60 99
60 104
60 105
60 107
60 114
60 115
60 117
60 119
60 126
60 128
60 129
60 130
60 131
60 134
60 138
60 141
60 143
60 148
60 150
60 152
60 153
60 158
60 159
60 167
60 169
60 170
60 175
60 177
60 179
60 180
61 3
61 6
61 11
61 13
61 15
61 19
61 21
61 26
61 28
61 34
61 39
61 42
61 44
61 45
61 48
61 49
61 61
61 64
61 65
61 66
61 67
61 79
61 83
61 86
61 87
61 88
61 89
61 94
61 95
61 96
61 98
61 99
61 102
61 105
61 106
61 107
61 115
61 116
61 118
61 121
61 123
61 127
61 128
61 138
61 142
61 143
61 146
61 155
61 166
61 171
61 173
61 175
61 177
61 179
62 1
62 3
62 5
62 10
62 11
62 15
62 16
62 18
62 19
62 22
62 25
62 28
62 33
62 35
62 37
62 47
62 48
62 51
62 55
62 69
62 73
62 76
62 79
62 81
62 82
62 87
62 89
62 92
62 94
62 95
62 97
62 102
62 104
62 105
62 106
62 107
62 108
62 109
62 111
62 118
62 122
62 124
62 126
62 133
62 135
62 143
62 155
62 156
62 159
62 162
62 165
62 170
62 175
62 176
62 180
63 1
63 2
63 5
63 8
63 9
63 11
63 17
63 24
63 32
63 37
63 38
63 42
63 43
63 51
63 52
63 54
63 55
63 61
63 63
63 64
63 67
63 71
63 75
63 81
63 85
63 88
63 92
63 94
63 95
63 101
63 103
63 107
63 111
63 113
63 120
63 121
63 122
63 125
63 133
63 140
63 141
63 142
63 151
63 152
63 153
63 164
63 165
63 167
63 170
63 175
63 179
64 2
64 3
64 4
64 8
64 11
64 13
64 14
64 15
64 22
64 25
64 29
64 30
64 40
64 41
64 46
64 53
64 55
64 57
64 59
64 62
64 64
64 70
64 73
64 80
64 86
64 88
64 99
64 105
64 106
64 108
64 110
64 113
64 114
64 115
64 124
64 128
64 138
64 139
64 150
64 151
64 155
64 156
64 164
64 165
64 167
64 174
64 175
65 3
65 4
65 10
65 12
65 20
65 21
65 24
65 25
65 36
65 39
65 42
65 43
65 44
65 46
65 49
65 51
65 53
65 54
65 56
65 58
65 64
65 67
65 68
65 69
65 72
65 79
65 82
65 85
65 86
65 87
65 89
65 102
65 106
65 107
65 110
65 113
65 116
65 121
65 125
65 130
65 142
65 143
65 146
65 148
65 152
65 154
65 159
65 161
65 162
65 164
65 165
65 166
65 172
65 175
65 176
65 177
65 179
65 180
66 2
66 5
66 7
66 13
66 15
66 17
66 19
66 22
66 24
66 29
66 30
66 32
66 34
66 40
66 41
66 43
66 44
66 47
66 48
66 49
66 51
66 56
66 64
66 68
66 71
66 73
66 77
66 78
66 82
66 83
66 86
66 87
66 88
66 90
66 93
66 94
66 98
66 99
66 102
66 104
66 105
66 107
66 108
66 123
66 124
66 126
66 128
66 131
66 134
66 139
66 150
66 151
66 155
66 156
66 157
66 160
66 161
66 168
66 177
66 179
66 180
67 6
67 8
67 11
67 12
67 15
67 17
67 20
67 43
67 46
67 50
67 52
67 53
67 54
67 55
67 58
67 62
67 63
67 65
67 72
67 76
67 78
67 79
67 81
67 88
67 90
67 92
67 95
67 96
67 98
67 103
67 104
67 109
67 111
67 112
67 115
67 116
67 122
67 123
67 127
67 130
67 131
67 132
67 133
67 136
67 141
67 144
67 146
67 147
67 150
67 151
67 157
67 159
67 160
67 171
67 172
67 174
67 176
67 180
68 4
68 12
68 14
68 15
68 18
68 19
68 23
68 25
68 32
68 33
68 37
68 38
68 40
68 44
68 45
68 47
68 57
68 61
68 62
68 63
68 66
68 68
68 71
68 72
68 73
68 75
68 77
68 78
68 79
68 81
68 82
68 84
68 90
68 91
68 100
68 101
68 112
68 113
68 122
68 132
68 140
68 142
68 144
68 146
68 147
68 152
68 162
68 168
68 171
68 174
68 175
68 177
69 6
69 10
69 11
69 15
69 19
69 20
69 27
69 28
69 30
69 36
69 37
69 45
69 46
69 47
69 49
69 51
69 58
69 59
69 62
69 65
69 67
69 68
69 69
69 73
69 75
69 76
69 78
69 82
69 87
69 91
69 97
69 100
69 106
69 107
69 112
69 114
69 115
69 122
69 124
69 125
69 129
69 135
69 141
69 142
69 143
69 148
69 149
69 152
69 156
69 158
69 161
69 163
69 165
69 172
69 177
69 180
70 1
70 3
70 5
70 9
70 10
70 15
70 17
70 28
70 31
70 35
70 36
70 38
70 39
70 44
70 45
70 53
70 54
70 58
70 59
70 64
70 65
70 67
70 68
70 76
70 77
70 79
70 80
70 82
70 83
70 85
70 86
70 93
70 98
70 101
70 105
70 108
70 109
70 114
70 118
70 119
70 122
70 124
70 131
70 135
70 140
70 141
70 142
70 143
70 144
70 147
70 150
70 156
70 157
70 159
70 165
70 171
70 172
71 6
71 8
71 9
71 11
71 14
71 20
71 21
71 34
71 37
71 38
71 39
71 40
71 46
71 48
71 50
71 51
71 53
71 54
71 58
71 60
71 66
71 67
71 72
71 75
71 83
71 88
71 90
71 93
71 94
71 96
71 97
71 101
71 103
71 104
71 106
71 109
71 111
71 112
71 114
71 116
71 118
71 129
71 130
71 132
71 135
71 139
71 143
71 152
71 153
71 154
71 155
71 165
71 166
71 169
71 174
72 4
72 5
72 15
72 16
72 17
72 20
72 21
72 27
72 28
72 30
72 31
72 34
72 35
72 37
72 39
72 44
72 50
72 51
72 55
72 60
72 61
72 64
72 74
72 82
72 84
72 85
72 87
72 94
72 97
72 98
72 100
72 104
72 105
72 109
72 112
72 114
72 117
72 118
72 121
72 122
72 128
72 131
72 133
72 136
72 139
72 146
72 147
72 148
72 150
72 152
72 156
72 166
72 168
72 173
72 174
72 179
73 1
73 2
73 3
73 4
73 7
73 17
73 21
73 22
73 25
73 27
73 33
73 36
73 37
73 48
73 54
73 56
73 63
73 66
73 68
73 73
73 74
73 78
73 79
73 81
73 82
73 92
73 96
73 102
73 109
73 114
73 115
73 122
73 125
73 126
73 130
73 135
73 139
73 144
73 148
73 149
73 155
73 156
73 157
73 162
73 166
73 174
73 175
73 177
73 179
74 2
74 4
74 5
74 12
74 14
74 15
74 24
74 27
74 28
74 34
74 35
74 43
74 49
74 52
74 53
74 54
74 65
74 68
74 71
74 85
74 100
74 104
74 107
74 110
74 111
74 114
74 116
74 120
74 121
74 125
74 127
74 134
74 135
74 148
74 151
74 159
74 164
74 165
74 166
74 167
74 170
74 171
74 174
74 175
74 180
75 4
75 7
75 12
75 13
75 14
75 16
75 29
75 34
75 35
75 40
75 44
75 46
75 53
75 55
75 58
75 59
75 63
75 64
75 65
75 66
75 67
75 69
75 75
75 77
75 83
75 92
75 105
75 108
75 112
75 113
75 115
75 118
75 120
75 124
75 125
75 129
75 130
75 133
75 134
75 144
75 148
75 151
75 160
75 162
75 165
75 167
75 169
75 170
75 172
75 174
75 175
75 176
75 178
76 2
76 6
76 8
76 9
76 15
76 22
76 28
76 31
76 33
76 35
76 36
76 42
76 45
76 47
76 49
76 52
76 53
76 56
76 60
76 63
76 65
76 69
76 71
76 73
76 77
76 80
76 84
76 87
76 93
76 94
76 96
76 98
76 99
76 101
76 102
76 112
76 114
76 117
76 119
76 126
76 133
76 134
76 140
76 143
76 151
76 153
76 154
76 156
76 157
76 160
76 163
76 167
76 170
76 171
77 10
77 11
77 13
77 14
77 15
77 19
77 23
77 25
77 37
77 40
77 44
77 48
77 54
77 57
77 64
77 67
77 68
77 72
77 76
77 78
77 79
77 82
77 88
77 93
77 97
77 98
77 99
77 100
77 101
77 102
77 111
77 114
77 115
77 116
77 123
77 124
77 126
77 129
77 130
77 131
77 134
77 138
77 139
77 146
77 148
77 154
77 162
77 170
77 172
77 176
78 3
78 6
78 14
78 15
78 16
78 19
78 24
78 28
78 35
78 36
78 40
78 43
78 47
78 48
78 50
78 52
78 54
78 56
78 58
78 59
78 61
78 63
78 64
78 78
78 79
78 82
78 87
78 91
78 96
78 97
78 100
78 102
78 104
78 112
78 113
78 115
78 117
78 118
78 121
78 123
78 128
78 129
78 130
78 139
78 141
78 143
78 144
78 145
78 149
78 151
78 152
78 155
78 158
78 159
78 160
78 161
78 162
78 177
78 180
79 3
79 6
79 7
79 8
79 18
79 31
79 36
79 38
79 39
79 40
79 53
79 58
79 60
79 61
79 62
79 65
79 68
79 69
79 70
79 72
79 82
79 88
79 92
79 97
79 98
79 104
79 105
79 110
79 119
79 120
79 123
79 124
79 125
79 131
79 133
79 134
79 138
79 140
79 143
79 144
79 147
79 148
79 151
79 153
79 157
79 163
79 173
79 175
80 3
80 5
80 6
80 7
80 11
80 12
80 13
80 15
80 16
80 18
80 20
80 29
80 32
80 33
80 34
80 36
80 38
80 41
80 44
80 45
80 47
80 51
80 60
80 66
80 67
80 69
80 70
80 71
80 75
80 79
80 80
80 83
80 85
80 87
80 92
80 99
80 100
80 102
80 103
80 106
80 111
80 112
80 114
80 115
80 119
80 121
80 124
80 130
80 132
80 134
80 137
80 151
80 155
80 156
80 160
80 161
80 163
80 164
80 166
80 173
80 174
80 179
81 5
81 8
81 15
81 21
81 27
81 31
81 33
81 34
81 37
81 40
81 44
81 46
81 47
81 50
81 51
81 52
81 54
81 55
81 56
81 62
81 63
81 64
81 66
81 67
81 70
81 71
81 72
81 79
81 80
81 87
81 90
81 92
81 94
81 96
81 99
81 109
81 113
81 115
81 119
81 135
81 137
81 140
81 144
81 147
81 150
81 151
81 152
81 153
81 157
81 162
81 167
81 171
81 174
81 176
82 4
82 5
82 26
82 36
82 49
82 54
82 55
82 56
82 59
82 64
82 65
82 67
82 68
82 70
82 72
82 73
82 81
82 83
82 88
82 90
82 91
82 94
82 95
82 96
82 98
82 99
82 105
82 106
82 107
82 113
82 117
82 118
82 119
82 120
82 121
82 122
82 125
82 126
82 127
82 129
82 133
82 142
82 143
82 149
82 154
82 156
82 157
82 159
82 161
82 163
82 165
82 166
82 172
82 173
82 175
82 180
83 11
83 13
83 25
83 26
83 33
83 37
83 43
83 46
83 47
83 48
83 51
83 58
83 67
83 68
83 69
83 74
83 78
83 82
83 85
83 89
83 104
83 108
83 114
83 115
83 122
83 127
83 129
83 131
83 133
83 135
83 139
83 145
83 147
83 154
83 155
83 156
83 159
83 161
83 168
83 169
83 171
83 173
83 174
84 7
84 9
84 10
84 12
84 14
84 21
84 24
84 26
84 29
84 31
84 34
84 40
84 41
84 49
84 50
84 52
84 53
84 55
84 58
84 62
84 65
84 72
84 74
84 76
84 78
84 85
84 86
84 91
84 94
84 97
84 99
84 103
84 105
84 106
84 107
84 110
84 112
84 114
84 115
84 118
84 121
84 126
84 127
84 133
84 136
84 138
84 141
84 142
84 145
84 146
84 147
84 155
84 156
84 158
84 161
84 162
84 165
84 169
84 171
84 174
84 180
85 2
85 5
85 6
85 8
85 9
85 10
85 12
85 13
85 14
85 17
85 21
85 22
85 26
85 28
85 29
85 30
85 33
85 34
85 37
85 38
85 40
85 42
85 44
85 46
85 47
85 53
85 54
85 56
85 57
85 59
85 61
85 64
85 80
85 82
85 87
85 88
85 92
85 94
85 96
85 99
85 100
85 101
85 110
85 119
85 121
85 125
85 128
85 132
85 144
85 145
85 148
85 151
85 153
85 154
85 157
85 163
85 165
85 166
85 170
85 172
85 174
85 176
85 178
85 180
86 1
86 4
86 5
86 7
86 12
86 14
86 22
86 24
86 25
86 27
86 28
86 30
86 32
86 34
86 37
86 43
86 45
86 47
86 49
86 51
86 54
86 56
86 58
86 65
86 68
86 71
86 76
86 83
86 85
86 89
86 90
86 93
86 94
86 95
86 96
86 97
86 102
86 103
86 104
86 110
86 116
86 120
86 124
86 132
86 133
86 135
86 139
86 140
86 142
86 144
86 151
86 155
86 162
86 164
86 166
86 168
86 172
86 174
86 178
87 2
87 5
87 6
87 7
87 11
87 12
87 13
87 14
87 18
87 19
87 21
87 31
87 36
87 37
87 44
87 50
87 51
87 55
87 58
87 60
87 61
87 64
87 65
87 73
87 75
87 76
87 77
87 82
87 85
87 89
87 105
87 109
87 113
87 118
87 119
87 121
87 129
87 130
87 143
87 149
87 151
87 159
87 160
87 162
87 163
87 164
87 167
87 169
87 170
87 174
87 176
87 177
87 179
88 1
88 4
88 6
88 9
88 15
88 16
88 17
88 20
88 22
88 24
88 25
88 26
88 27
88 29
88 30
88 35
88 37
88 42
88 46
88 49
88 50
88 53
88 56
88 76
88 78
88 79
88 85
88 91
88 94
88 110
88 112
88 114
88 117
88 123
88 124
88 126
88 127
88 128
88 130
88 135
88 136
88 146
88 147
88 149
88 152
88 153
88 155
88 156
88 157
88 162
88 166
88 172
88 178
89 4
89 5
89 6
89 8
89 10
89 14
89 17
89 19
89 21
89 22
89 24
89 25
89 30
89 31
89 33
89 37
89 39
89 40
89 42
89 47
89 49
89 50
89 53
89 54
89 55
89 56
89 57
89 58
89 62
89 63
89 64
89 65
89 74
89 83
89 85
89 86
89 94
89 98
89 99
89 103
89 106
89 110
89 121
89 128
89 149
89 151
89 167
89 168
89 174
89 175
90 7
90 9
90 13
90 15
90 17
90 18
90 21
90 31
90 33
90 34
90 36
90 42
90 45
90 48
90 50
90 52
90 58
90 67
90 69
90 70
90 72
90 73
90 76
90 78
90 81
90 82
90 91
90 95
90 98
90 103
90 104
90 110
90 114
90 116
90 119
90 122
90 123
90 127
90 130
90 133
90 140
90 146
90 148
90 156
90 158
90 160
90 161
90 168
90 169
90 173
90 175
90 177
91 3
91 7
91 8
91 11
91 17
91 20
91 21
91 23
91 26
91 27
91 28
91 30
91 31
91 34
91 39
91 40
91 43
91 46
91 48
91 53
91 59
91 61
91 63
91 69
91 70
91 71
91 72
91 76
91 78
91 84
91 91
91 92
91 93
91 94
91 97
91 104
91 107
91 109
91 111
91 118
91 120
91 124
91 132
91 134
91 135
91 144
91 148
91 149
91 158
91 160
91 162
91 167
91 170
91 171
91 173
92 2
92 3
92 5
92 9
92 11
92 12
92 14
92 16
92 18
92 20
92 26
92 31
92 32
92 38
92 39
92 42
92 47
92 48
92 52
92 54
92 56
92 57
92 61
92 62
92 63
92 64
92 65
92 66
92 71
92 75
92 82
92 92
92 94
92 103
92 104
92 105
92 109
92 112
92 114
92 116
92 118
92 119
92 120
92 123
92 125
92 126
92 130
92 132
92 139
92 144
92 146
92 153
92 163
92 165
92 167
92 168
92 169
92 170
92 179
93 1
93 3
93 5
93 6
93 8
93 15
93 16
93 17
93 19
93 22
93 29
93 30
93 35
93 37
93 38
93 42
93 44
93 45
93 46
93 51
93 60
93 61
93 65
93 66
93 74
93 86
93 88
93 99
93 101
93 102
93 104
93 105
93 106
93 110
93 115
93 117
93 119
93 123
93 125
93 129
93 131
93 133
93 139
93 142
93 146
93 151
93 152
93 155
93 161
93 164
93 165
93 167
93 172
93 173
93 180
94 2
94 5
94 7
94 8
94 15
94 16
94 17
94 20
94 23
94 24
94 26
94 27
94 29
94 34
94 36
94 40
94 42
94 47
94 50
94 53
94 68
94 69
94 72
94 73
94 75
94 76
94 77
94 83
94 84
94 85
94 91
94 95
94 100
94 101
94 102
94 105
94 108
94 110
94 118
94 120
94 121
94 122
94 123
94 132
94 138
94 153
94 157
94 158
94 159
94 160
94 161
94 168
94 174
95 3
95 8
95 12
95 18
95 19
95 22
95 25
95 27
95 30
95 31
95 34
95 35
95 36
95 37
95 38
95 40
95 44
95 46
95 51
95 52
95 54
95 55
95 56
95 68
95 69
95 72
95 74
95 76
95 77
95 79
95 80
95 83
95 84
95 86
95 87
95 88
95 94
95 95
95 100
95 102
95 106
95 109
95 112
95 119
95 124
95 129
95 131
95 135
95 138
95 142
95 143
95 144
95 148
95 149
95 150
95 152
95 155
95 156
95 157
95 158
95 167
95 176
95 177
96 1
96 13
96 16
96 19
96 24
96 25
96 33
96 35
96 36
96 37
96 39
96 46
96 48
96 49
96 50
96 52
96 56
96 60
96 61
96 67
96 73
96 74
96 80
96 81
96 82
96 87
96 88
96 92
96 93
96 94
96 98
96 101
96 103
96 106
96 115
96 116
96 118
96 121
96 122
96 124
96 126
96 128
96 132
96 135
96 142
96 144
96 152
96 153
96 160
96 161
96 163
96 165
96 169
96 172
96 174
96 177
96 179
97 7
97 9
97 11
97 20
97 22
97 23
97 28
97 33
97 35
97 42
97 51
97 55
97 56
97 58
97 61
97 74
97 76
97 79
97 80
97 81
97 86
97 87
97 88
97 90
97 95
97 96
97 100
97 104
97 106
97 109
97 117
97 122
97 130
97 136
97 141
97 142
97 144
97 147
97 152
97 153
97 155
97 156
97 157
97 158
97 159
97 162
97 164
97 166
97 170
97 174
97 175
97 179
97 180
98 7
98 13
98 14
98 19
98 22
98 23
98 24
98 25
98 26
98 34
98 37
98 39
98 40
98 45
98 47
98 54
98 55
98 57
98 59
98 61
98 62
98 70
98 76
98 77
98 82
98 84
98 85
98 86
98 88
98 89
98 90
98 91
98 94
98 95
98 96
98 97
98 103
98 105
98 108
98 110
98 115
98 116
98 120
98 121
98 122
98 123
98 125
98 128
98 130
98 132
98 134
98 142
98 146
98 147
98 148
98 149
98 156
98 160
98 161
98 165
98 166
98 169
98 171
98 174
98 177
98 179
98 180
99 2
99 7
99 11
99 16
99 18
99 19
99 21
99 22
99 27
99 30
99 31
99 33
99 40
99 48
99 53
99 61
99 64
99 65
99 66
99 67
99 87
99 88
99 90
99 95
99 97
99 101
99 108
99 118
99 119
99 123
99 125
99 127
99 131
99 135
99 137
99 139
99 143
99 144
99 146
99 150
99 152
99 154
99 157
99 164
99 173
99 174
99 175
99 176
99 177
99 180
100 3
100 15
100 21
100 23
100 26
100 31
100 35
100 38
100 39
100 40
100 43
100 44
100 50
100 57
100 67
100 68
100 70
100 73
100 75
100 78
100 84
100 85
100 87
100 90
100 91
100 92
100 93
100 96
100 97
100 98
100 100
100 101
100 102
100 103
100 106
100 107
100 109
100 115
100 119
100 122
100 124
100 125
100 127
100 131
100 132
100 133
100 140
100 146
100 153
100 160
100 165
100 166
100 172
100 174
100 179
100 180
101 5
101 9
101 11
101 19
101 22
101 26
101 27
101 38
101 44
101 46
101 48
101 49
101 51
101 57
101 58
101 59
101 62
101 63
101 64
101 65
101 68
101 76
101 77
101 80
101 88
101 89
101 91
101 93
101 116
101 117
101 122
101 126
101 129
101 133
101 135
101 138
101 140
101 141
101 142
101 146
101 147
101 153
101 154
101 160
101 164
101 167
101 170
101 173
101 174
101 178
102 3
102 5
102 6
102 7
102 10
102 15
102 17
102 21
102 24
102 25
102 27
102 28
102 31
102 33
102 34
102 35
102 55
102 61
102 63
102 64
102 65
102 67
102 69
102 71
102 76
102 84
102 85
102 88
102 99
102 101
102 102
102 108
102 109
102 111
102 113
102 116
102 119
102 133
102 134
102 142
102 146
102 148
102 149
102 151
102 152
102 157
102 158
102 166
102 171
102 172
102 174
103 3
103 4
103 11
103 14
103 15
103 17
103 19
103 28
103 29
103 30
103 35
103 36
103 50
103 51
103 59
103 64
103 68
103 69
103 71
103 76
103 80
103 83
103 84
103 87
103 90
103 94
103 100
103 104
103 105
103 111
103 112
103 113
103 114
103 116
103 117
103 121
103 124
103 126
103 133
103 139
103 142
103 143
103 146
103 154
103 155
103 159
103 161
103 165
103 169
103 170
103 171
103 178
104 3
104 5
104 11
104 13
104 16
104 18
104 19
104 20
104 22
104 24
104 26
104 29
104 37
104 38
104 39
104 41
104 47
104 51
104 58
104 62
104 63
104 64
104 65
104 71
104 72
104 74
104 76
104 79
104 87
104 97
104 103
104 109
104 112
104 114
104 116
104 117
104 121
104 122
104 129
104 134
104 141
104 142
104 147
104 148
104 149
104 154
104 161
104 162
104 163
104 166
104 167
104 168
104 169
104 170
104 171
104 176
104 179
105 5
105 16
105 24
105 27
105 30
105 31
105 32
105 34
105 37
105 39
105 40
105 44
105 45
105 48
105 50
105 51
105 53
105 57
105 58
105 60
105 62
105 63
105 64
105 65
105 70
105 73
105 77
105 81
105 90
105 91
105 94
105 97
105 101
105 104
105 109
105 112
105 113
105 114
105 115
105 118
105 119
105 122
105 129
105 130
105 131
105 135
105 138
105 139
105 141
105 142
105 144
105 160
105 170
105 176
105 179
106 9
106 12
106 17
106 22
106 28
106 32
106 37
106 38
106 40
106 41
106 43
106 44
106 46
106 57
106 58
106 59
106 60
106 63
106 64
106 66
106 75
106 78
106 92
106 95
106 96
106 97
106 102
106 103
106 104
106 105
106 109
106 112
106 121
106 126
106 128
106 131
106 132
106 135
106 136
106 138
106 139
106 140
106 146
106 155
106 156
106 157
106 161
106 163
106 164
106 165
106 169
106 170
106 176
107 2
107 4
107 7
107 8
107 9
107 10
107 11
107 12
107 14
107 19
107 20
107 21
107 24
107 25
107 27
107 36
107 38
107 44
107 45
107 47
107 51
107 55
107 57
107 60
107 63
107 64
107 66
107 69
107 71
107 74
107 78
107 88
107 94
107 100
107 101
107 102
107 113
107 116
107 120
107 122
107 124
107 125
107 126
107 128
107 129
107 131
107 136
107 139
107 142
107 147
107 160
107 163
107 164
107 167
107 170
107 173
107 176
107 180
108 2
108 3
108 5
108 7
108 11
108 12
108 20
108 21
108 24
108 28
108 29
108 30
108 33
108 34
108 42
108 44
108 45
108 47
108 54
108 57
108 59
108 65
108 69
108 70
108 74
108 78
108 79
108 86
108 89
108 91
108 92
108 96
108 103
108 105
108 107
108 109
108 110
108 114
108 119
108 121
108 126
108 128
108 136
108 137
108 138
108 142
108 143
108 145
108 150
108 152
108 161
108 164
108 165
108 166
108 167
108 170
108 171
108 172
108 176
109 1
109 2
109 4
109 5
109 9
109 11
109 13
109 14
109 19
109 31
109 32
109 35
109 38
109 46
109 49
109 53
109 54
109 55
109 56
109 58
109 59
109 60
109 62
109 69
109 75
109 77
109 78
109 80
109 82
109 83
109 89
109 93
109 96
109 97
109 106
109 115
109 122
109 125
109 135
109 148
109 153
109 154
109 160
109 165
109 166
109 168
109 170
109 172
109 173
109 174
109 175
109 176
109 177
109 179
110 1
110 2
110 11
110 12
110 19
110 22
110 30
110 32
110 33
110 35
110 36
110 37
110 38
110 42
110 43
110 45
110 50
110 74
110 80
110 81
110 89
110 92
110 95
110 97
110 99
110 101
110 103
110 105
110 110
110 111
110 114
110 115
110 120
110 122
110 124
110 126
110 132
110 133
110 134
110 135
110 136
110 137
110 138
110 139
110 140
110 142
110 147
110 148
110 150
110 153
110 154
110 156
110 157
110 158
110 159
110 160
110 161
110 162
110 165
110 166
110 169
110 171
110 173
110 175
110 179
111 2
111 3
111 8
111 11
111 13
111 16
111 21
111 22
111 27
111 33
111 35
111 42
111 43
111 44
111 48
111 50
111 51
111 55
111 56
111 61
111 73
111 78
111 83
111 84
111 92
111 97
111 100
111 101
111 105
111 106
111 108
111 117
111 119
111 123
111 128
111 129
111 130
111 133
111 136
111 139
111 140
111 142
111 146
111 154
111 157
111 163
111 165
111 168
111 172
111 176
111 179
112 1
112 2
112 11
112 19
112 33
112 38
112 42
112 44
112 45
112 49
112 52
112 55
112 56
112 57
112 59
112 61
112 66
112 68
112 71
112 72
112 73
112 75
112 83
112 85
112 89
112 90
112 94
112 102
112 104
112 105
112 108
112 109
112 111
112 114
112 126
112 135
112 138
112 140
112 144
112 145
112 146
112 149
112 151
112 154
112 160
112 163
112 164
112 165
112 170
112 177
112 178
113 1
113 2
113 5
113 12
113 13
113 16
113 20
113 23
113 24
113 27
113 29
113 33
113 34
113 35
113 38
113 39
113 40
113 43
113 45
113 51
113 53
113 55
113 56
113 61
113 66
113 67
113 70
113 73
113 75
113 77
113 85
113 87
113 91
113 94
113 95
113 100
113 101
113 108
113 111
113 116
113 118
113 120
113 121
113 129
113 130
113 134
113 135
113 137
113 141
113 143
113 144
113 146
113 147
113 149
113 150
113 156
113 161
113 167
113 170
113 175
113 179
114 1
114 4
114 5
114 7
114 8
114 17
114 22
114 25
114 27
114 32
114 35
114 43
114 53
114 55
114 59
114 60
114 65
114 73
114 74
114 75
114 82
114 87
114 89
114 92
114 96
114 98
114 105
114 107
114 111
114 112
114 113
114 114
114 115
114 119
114 124
114 125
114 127
114 128
114 130
114 136
114 138
114 139
114 141
114 145
114 148
114 154
114 155
114 156
114 157
114 159
114 173
114 175
114 178
114 179
114 180
115 1
115 3
115 6
115 7
115 10
115 11
115 14
115 15
115 17
115 18
115 19
115 20
115 23
115 34
115 38
115 40
115 45
115 47
115 53
115 55
115 56
115 61
115 66
115 70
115 71
115 73
115 75
115 77
115 78
115 79
115 80
115 81
115 85
115 86
115 88
115 89
115 95
115 97
115 103
115 105
115 106
115 107
115 112
115 113
115 114
115 117
115 120
115 126
115 127
115 128
115 129
115 141
115 143
115 144
115 149
115 151
115 154
115 164
115 167
115 171
115 175
115 176
115 180
116 2
116 3
116 10
116 12
116 14
116 20
116 22
116 23
116 29
116 34
116 35
116 38
116 51
116 53
116 60
116 62
116 67
116 69
116 70
116 71
116 74
116 81
116 82
116 90
116 91
116 93
116 96
116 97
116 104
116 108
116 115
116 117
116 121
116 123
116 125
116 127
116 131
116 133
116 134
116 137
116 138
116 144
116 147
116 148
116 152
116 160
116 161
116 166
116 171
116 172
116 174
116 175
116 176
116 178
116 179
117 2
117 4
117 5
117 8
117 12
117 14
117 19
117 28
117 31
117 32
117 33
117 34
117 35
117 37
117 38
117 39
117 42
117 44
117 52
117 54
117 59
117 60
117 63
117 64
117 65
117 66
117 67
117 69
117 75
117 79
117 80
117 82
117 87
117 88
117 89
117 91
117 98
117 101
117 107
117 111
117 113
117 117
117 120
117 125
117 127
117 130
117 138
117 140
117 142
117 150
117 151
117 156
117 160
117 163
117 171
118 1
118 4
118 6
118 10
118 11
118 12
118 13
118 20
118 23
118 24
118 29
118 37
118 39
118 44
118 46
118 47
118 49
118 55
118 57
118 64
118 79
118 85
118 91
118 95
118 102
118 103
118 107
118 109
118 115
118 118
118 121
118 124
118 127
118 131
118 137
118 139
118 141
118 143
118 149
118 151
118 156
118 158
118 164
118 169
118 173
118 175
118 177
118 180
119 3
119 5
119 6
119 12
119 13
119 14
119 20
119 22
119 25
119 27
119 28
119 33
119 35
119 37
119 43
119 47
119 50
119 54
119 55
119 57
119 60
119 66
119 72
119 73
119 75
119 81
119 83
119 86
119 90
119 91
119 93
119 97
119 99
119 103
119 110
119 111
119 117
119 123
119 124
119 125
119 126
119 127
119 133
119 136
119 152
119 153
119 156
119 158
119 160
119 162
119 165
119 170
119 171
119 174
120 2
120 3
120 4
120 8
120 11
120 12
120 17
120 24
120 28
120 36
120 38
120 41
120 45
120 47
120 50
120 53
120 55
120 57
120 61
120 68
120 71
120 72
120 74
120 76
120 77
120 78
120 86
120 87
120 90
120 93
120 101
120 104
120 105
120 106
120 109
120 112
120 113
120 116
120 119
120 122
120 123
120 124
120 127
120 129
120 131
120 136
120 143
120 147
120 150
120 153
120 154
120 157
120 158
120 163
120 166
120 171
120 172
120 173
120 176
121 1
121 2
121 6
121 15
121 16
121 23
121 26
121 27
121 28
121 29
121 32
121 33
121 34
121 39
121 40
121 41
121 43
121 44
121 46
121 53
121 54
121 60
121 64
121 66
121 67
121 71
121 74
121 75
121 76
121 80
121 83
121 85
121 86
121 87
121 88
121 91
121 92
121 95
121 96
121 97
121 99
121 100
121 102
121 105
121 107
121 111
121 115
121 117
121 118
121 119
121 121
121 123
121 126
121 133
121 134
121 135
121 136
121 141
121 142
121 144
121 147
121 151
121 154
121 157
121 161
121 163
121 168
121 172
121 175
121 178
122 3
122 8
122 9
122 10
122 13
122 16
122 17
122 20
122 26
122 30
122 31
122 36
122 38
122 41
122 44
122 50
122 56
122 66
122 72
122 77
122 79
122 80
122 82
122 84
122 87
122 90
122 92
122 106
122 113
122 116
122 119
122 123
122 127
122 128
122 134
122 137
122 139
122 143
122 152
122 154
122 155
122 156
122 164
122 168
122 171
122 173
122 174
122 175
122 180
123 3
123 6
123 7
123 10
123 11
123 13
123 15
123 21
123 25
123 27
123 31
123 36
123 39
123 44
123 46
123 49
123 50
123 55
123 59
123 60
123 61
123 64
123 67
123 68
123 69
123 72
123 73
123 74
123 81
123 83
123 85
123 86
123 87
123 90
123 91
123 98
123 100
123 103
123 104
123 108
123 111
123 112
123 113
123 119
123 121
123 124
123 128
123 129
123 131
123 132
123 134
123 136
123 146
123 149
123 154
123 156
123 160
123 168
123 171
123 173
123 180
124 4
124 9
124 14
124 15
124 20
124 25
124 26
124 27
124 28
124 29
124 37
124 50
124 52
124 54
124 59
124 60
124 63
124 64
124 71
124 72
124 75
124 77
124 78
124 79
124 83
124 94
124 95
124 100
124 101
124 103
124 104
124 106
124 107
124 115
124 116
124 117
124 118
124 119
124 122
124 125
124 128
124 131
124 132
124 133
124 136
124 137
124 141
124 147
124 148
124 151
124 155
124 157
124 163
124 177
124 178
125 2
125 5
125 7
125 8
125 18
125 22
125 26
125 32
125 33
125 45
125 47
125 58
125 59
125 67
125 68
125 69
125 70
125 72
125 75
125 77
125 79
125 81
125 87
125 90
125 96
125 98
125 99
125 102
125 103
125 109
125 110
125 111
125 120
125 125
125 135
125 137
125 142
125 145
125 147
125 154
125 162
125 164
125 169
125 174
125 179
125 180
126 2
126 15
126 18
126 23
126 25
126 26
126 29
126 30
126 31
126 32
126 34
126 36
126 41
126 51
126 52
126 54
126 56
126 59
126 60
126 62
126 73
126 77
126 85
126 90
126 95
126 98
126 100
126 101
126 106
126 107
126 117
126 119
126 120
126 123
126 128
126 133
126 137
126 138
126 144
126 150
126 151
126 154
126 155
126 158
126 159
126 168
126 170
126 171
126 173
126 177
127 1
127 3
127 5
127 8
127 11
127 13
127 16
127 17
127 18
127 19
127 25
127 28
127 37
127 40
127 49
127 53
127 54
127 60
127 63
127 66
127 72
127 76
127 79
127 80
127 89
127 90
127 91
127 95
127 98
127 101
127 103
127 106
127 107
127 111
127 115
127 119
127 128
127 130
127 132
127 136
127 141
127 143
127 145
127 148
127 149
127 151
127 157
127 160
127 161
127 166
127 167
127 173
127 174
127 175
127 177
128 3
128 11
128 16
128 17
128 22
128 23
128 24
128 25
128 26
128 28
128 30
128 31
128 33
128 38
128 42
128 44
128 49
128 58
128 59
128 61
128 63
128 64
128 70
128 74
128 82
128 85
128 92
128 94
128 95
128 97
128 103
128 105
128 116
128 118
128 119
128 121
128 122
128 128
128 132
128 140
128 143
128 145
128 146
128 147
128 150
128 151
128 154
128 155
128 157
128 159
128 162
128 163
128 169
128 175
128 177
128 178
129 16
129 17
129 19
129 20
129 21
129 24
129 26
129 33
129 34
129 39
129 42
129 43
129 46
129 48
129 54
129 61
129 65
129 66
129 67
129 69
129 71
129 72
129 76
129 77
129 81
129 85
129 88
129 92
129 100
129 109
129 111
129 113
129 120
129 122
129 124
129 126
129 127
129 133
129 134
129 136
129 139
129 141
129 142
129 144
129 148
129 159
129 166
129 167
129 170
129 171
129 178
130 1
130 2
130 3
130 6
130 7
130 8
130 17
130 24
130 32
130 33
130 46
130 47
130 48
130 49
130 51
130 54
130 55
130 61
130 65
130 71
130 72
130 74
130 78
130 80
130 81
130 82
130 86
130 89
130 90
130 99
130 101
130 106
130 110
130 112
130 113
130 116
130 117
130 121
130 127
130 134
130 137
130 139
130 144
130 147
130 153
130 154
130 156
130 158
130 159
130 162
130 164
130 168
130 170
130 173
130 177
130 180
131 2
131 6
131 8
131 12
131 16
131 18
131 23
131 24
131 25
131 26
131 27
131 31
131 35
131 37
131 39
131 41
131 45
131 47
131 50
131 55
131 56
131 67
131 68
131 71
131 74
131 75
131 77
131 79
131 81
131 82
131 83
131 86
131 87
131 94
131 98
131 99
131 100
131 101
131 103
131 106
131 108
131 115
131 116
131 118
131 119
131 122
131 131
131 134
131 136
131 138
131 142
131 143
131 148
131 151
131 152
131 155
131 159
131 161
131 163
131 164
131 165
131 166
131 169
131 172
131 174
131 180
132 2
132 8
132 9
132 16
132 19
132 23
132 25
132 26
132 29
132 32
132 33
132 35
132 39
132 43
132 46
132 47
132 50
132 54
132 57
132 62
132 64
132 70
132 72
132 75
132 76
132 77
132 79
132 81
132 85
132 92
132 94
132 95
132 96
132 97
132 98
132 101
132 105
132 106
132 108
132 112
132 116
132 118
132 119
132 124
132 126
132 129
132 131
132 148
132 151
132 157
132 164
132 168
132 179
132 180
133 2
133 4
133 6
133 10
133 15
133 18
133 19
133 24
133 26
133 29
133 32
133 33
133 34
133 36
133 38
133 40
133 41
133 47
133 48
133 50
133 51
133 52
133 60
133 61
133 62
133 66
133 67
133 69
133 75
133 82
133 87
133 88
133 91
133 94
133 99
133 106
133 110
133 113
133 114
133 117
133 118
133 122
133 123
133 124
133 126
133 131
133 135
133 137
133 140
133 141
133 143
133 147
133 150
133 151
133 158
133 160
133 163
133 165
133 173
133 178
134 7
134 8
134 12
134 23
134 24
134 30
134 31
134 36
134 50
134 51
134 53
134 54
134 59
134 62
134 65
134 68
134 73
134 86
134 89
134 91
134 96
134 101
134 102
134 103
134 104
134 105
134 107
134 108
134 109
134 116
134 118
134 125
134 126
134 132
134 134
134 140
134 147
134 152
134 155
134 156
134 157
134 167
134 170
134 173
134 178
135 1
135 2
135 3
135 8
135 9
135 15
135 16
135 22
135 28
135 30
135 31
135 34
135 35
135 38
135 41
135 42
135 47
135 48
135 56
135 59
135 74
135 75
135 76
135 78
135 80
135 82
135 89
135 92
135 93
135 95
135 98
135 101
135 103
135 104
135 106
135 107
135 108
135 115
135 118
135 120
135 124
135 127
135 128
135 130
135 137
135 145
135 147
135 148
135 151
135 152
135 154
135 155
135 159
135 171
135 175
135 177
135 178
136 15
136 16
136 19
136 20
136 24
136 27
136 31
136 41
136 44
136 48
136 50
136 51
136 52
136 61
136 63
136 69
136 72
136 73
136 76
136 82
136 84
136 87
136 88
136 90
136 91
136 99
136 106
136 107
136 108
136 119
136 121
136 124
136 130
136 131
136 133
136 134
136 136
136 139
136 143
136 151
136 154
136 156
136 157
136 159
136 161
136 162
136 163
136 169
136 170
136 171
136 172
136 179
136 180
137 2
137 5
137 11
137 13
137 15
137 21
137 25
137 28
137 32
137 36
137 39
137 43
137 44
137 45
137 51
137 57
137 58
137 60
137 63
137 65
137 68
137 73
137 80
137 84
137 93
137 95
137 97
137 98
137 100
137 105
137 106
137 107
137 109
137 112
137 115
137 116
137 120
137 127
137 132
137 134
137 135
137 138
137 142
137 143
137 144
137 149
137 153
137 159
137 160
137 161
137 165
137 168
137 170
137 171
138 1
138 3
138 11
138 12
138 19
138 20
138 22
138 23
138 27
138 29
138 30
138 32
138 36
138 40
138 45
138 47
138 48
138 51
138 53
138 54
138 55
138 61
138 62
138 70
138 77
138 79
138 80
138 81
138 83
138 85
138 86
138 88
138 96
138 98
138 99
138 100
138 103
138 105
138 108
138 109
138 111
138 112
138 116
138 119
138 120
138 124
138 125
138 130
138 135
138 141
138 144
138 148
138 156
138 157
138 162
138 165
138 167
138 168
138 171
138 173
138 178
138 180
139 1
139 2
139 9
139 10
139 13
139 20
139 22
139 23
139 27
139 28
139 32
139 34
139 35
139 39
139 41
139 42
139 43
139 45
139 46
139 51
139 63
139 75
139 77
139 85
139 94
139 99
139 101
139 104
139 113
139 114
139 117
139 122
139 128
139 133
139 135
139 137
139 138
139 139
139 144
139 147
139 151
139 157
139 158
139 160
139 165
139 166
139 167
139 176
140 1
140 4
140 6
140 19
140 22
140 27
140 28
140 31
140 32
140 37
140 38
140 43
140 48
140 54
140 56
140 60
140 61
140 62
140 64
140 67
140 71
140 74
140 76
140 80
140 82
140 84
140 85
140 89
140 91
140 93
140 97
140 99
140 103
140 104
140 106
140 107
140 109
140 111
140 114
140 124
140 126
140 130
140 134
140 138
140 139
140 142
140 153
140 157
140 158
140 162
140 163
140 167
140 168
140 175
140 179
141 3
141 4
141 5
141 6
141 7
141 8
141 14
141 16
141 17
141 21
141 22
141 27
141 32
141 34
141 41
141 42
141 47
141 51
141 56
141 60
141 62
141 64
141 70
141 72
141 75
141 82
141 86
141 94
141 105
141 106
141 107
141 120
141 121
141 122
141 124
141 125
141 129
141 134
141 136
141 137
141 139
141 142
141 149
141 152
141 155
141 159
141 166
141 167
141 171
141 173
141 174
141 177
141 178
142 2
142 4
142 5
142 6
142 8
142 9
142 11
142 15
142 16
142 21
142 22
142 23
142 24
142 28
142 29
142 30
142 38
142 45
142 47
142 67
142 69
142 70
142 73
142 75
142 80
142 81
142 85
142 87
142 88
142 89
142 92
142 94
142 95
142 101
142 102
142 107
142 113
142 115
142 119
142 121
142 122
142 128
142 129
142 130
142 132
142 134
142 136
142 151
142 153
142 158
142 162
142 163
142 164
142 166
142 167
142 168
142 171
143 1
143 4
143 12
143 14
143 25
143 27
143 30
143 34
143 35
143 36
143 41
143 45
143 47
143 49
143 50
143 52
143 59
143 60
143 61
143 65
143 72
143 77
143 78
143 79
143 80
143 81
143 83
143 85
143 87
143 97
143 99
143 105
143 109
143 114
143 116
143 117
143 119
143 122
143 123
143 125
143 127
143 129
143 131
143 137
143 140
143 143
143 147
143 148
143 154
143 155
143 156
143 169
143 174
143 175
144 6
144 8
144 9
144 15
144 16
144 17
144 23
144 25
144 26
144 29
144 32
144 34
144 38
144 44
144 48
144 51
144 53
144 60
144 61
144 62
144 65
144 66
144 69
144 70
144 73
144 74
144 75
144 76
144 77
144 78
144 81
144 83
144 85
144 86
144 88
144 100
144 102
144 104
144 107
144 109
144 112
144 115
144 123
144 125
144 127
144 128
144 134
144 138
144 141
144 146
144 148
144 150
144 152
144 156
144 162
144 163
144 164
144 169
144 171
144 176
