160 200 9693
1 1
1 7
1 17
1 23
1 24
1 28
1 29
1 33
1 35
1 37
1 38
1 39
1 43
1 45
1 46
1 47
1 48
1 49
1 50
1 52
1 56
1 58
1 60
1 61
1 62
1 64
1 65
1 66
1 68
1 84
1 89
1 97
1 99
1 106
1 110
1 112
1 116
1 119
1 122
1 124
1 126
1 130
1 132
1 136
1 137
1 139
1 142
1 149
1 151
1 153
1 157
1 160
1 165
1 170
1 181
1 187
1 188
1 189
1 190
1 197
1 200
2 3
2 5
2 8
2 9
2 11
2 13
2 16
2 19
2 21
2 22
2 25
2 33
2 37
2 38
2 39
2 40
2 41
2 45
2 47
2 49
2 53
2 54
2 59
2 66
2 67
2 68
2 69
2 73
2 76
2 77
2 78
2 80
2 89
2 91
2 95
2 100
2 103
2 105
2 111
2 113
2 115
2 116
2 120
2 122
2 125
2 139
2 140
2 147
2 148
2 151
2 152
2 153
2 157
2 158
2 161
2 164
2 167
2 168
2 169
2 177
2 178
2 179
2 180
2 183
2 186
2 192
2 199
3 3
3 18
3 19
3 27
3 28
3 29
3 41
3 48
3 52
3 55
3 60
3 61
3 63
3 64
3 66
3 73
3 74
3 75
3 78
3 82
3 87
3 92
3 95
3 100
3 105
3 106
3 111
3 114
3 116
3 118
3 125
3 126
3 127
3 128
3 134
3 135
3 136
3 144
3 147
3 151
3 158
3 163
3 165
3 166
3 169
3 172
3 174
3 175
3 176
3 177
3 182
3 183
3 188
3 191
3 193
3 194
3 196
4 4
4 6
4 10
4 14
4 15
4 17
4 19
4 21
4 27
4 31
4 34
4 46
4 47
4 50
4 55
4 62
4 67
4 69
4 73
4 77
4 80
4 81
4 92
4 96
4 102
4 103
4 106
4 115
4 117
4 119
4 121
4 124
4 125
4 127
4 128
4 129
4 135
4 136
4 138
4 139
4 141
4 144
4 145
4 146
4 147
4 151
4 152
4 153
4 155
4 156
4 164
4 166
4 174
4 175
4 176
4 180
4 181
4 184
4 192
4 193
5 16
5 20
5 22
5 24
5 25
5 26
5 28
5 30
5 32
5 34
5 37
5 38
5 59
5 61
5 62
5 63
5 65
5 70
5 76
5 77
5 79
5 85
5 86
5 87
5 88
5 90
5 91
5 93
5 107
5 108
5 110
5 111
5 112
5 116
5 117
5 128
5 131
5 133
5 134
5 135
5 137
5 143
5 147
5 148
5 149
5 154
5 156
5 157
5 160
5 161
5 168
5 171
5 173
5 179
5 182
5 183
5 184
5 185
5 186
5 194
5 196
5 199
6 11
6 12
6 14
6 16
6 22
6 27
6 28
6 32
6 34
6 38
6 40
6 45
6 46
6 51
6 54
6 57
6 63
6 72
6 75
6 77
6 85
6 90
6 96
6 101
6 107
6 114
6 115
6 118
6 120
6 122
6 129
6 130
6 131
6 133
6 137
6 138
6 147
6 150
6 151
6 154
6 158
6 159
6 163
6 164
6 169
6 171
6 175
6 176
6 177
6 186
6 191
6 193
7 5
7 7
7 12
7 16
7 22
7 28
7 30
7 35
7 37
7 38
7 41
7 42
7 43
7 44
7 45
7 48
7 49
7 53
7 54
7 61
7 62
7 64
7 65
7 66
7 67
7 68
7 69
7 74
7 75
7 85
7 88
7 93
7 106
7 108
7 113
7 121
7 123
7 124
7 131
7 132
7 134
7 139
7 140
7 141
7 146
7 147
7 148
7 149
7 157
7 161
7 164
7 165
7 168
7 170
7 172
7 175
7 180
7 181
7 182
7 183
7 184
7 185
7 186
7 188
8 13
8 17
8 19
8 20
8 27
8 30
8 31
8 38
8 39
8 40
8 41
8 45
8 46
8 48
8 52
8 60
8 61
8 66
8 70
8 72
8 73
8 75
8 76
8 87
8 88
8 93
8 97
8 98
8 104
8 106
8 109
8 110
8 111
8 114
8 121
8 123
8 124
8 125
8 126
8 127
8 128
8 130
8 132
8 133
8 135
8 136
8 137
8 138
8 141
8 143
8 147
8 154
8 158
8 160
8 166
8 174
8 180
8 182
8 193
8 195
8 197
8 200
9 17
9 18
9 19
9 20
9 26
9 27
9 47
9 49
9 51
9 55
9 59
9 65
9 67
9 69
9 70
9 72
9 76
9 85
9 88
9 94
9 99
9 103
9 104
9 106
9 108
9 114
9 121
9 123
9 125
9 130
9 134
9 145
9 148
9 151
9 152
9 158
9 166
9 170
9 174
9 180
9 192
9 199
10 6
10 8
10 15
10 18
10 25
10 26
10 27
10 30
10 31
10 38
10 48
10 49
10 51
10 52
10 53
10 54
10 58
10 63
10 66
10 67
10 71
10 80
10 82
10 88
10 90
10 95
10 97
10 98
10 104
10 107
10 111
10 117
10 118
10 121
10 123
10 134
10 139
10 140
10 141
10 143
10 146
10 152
10 155
10 156
10 158
10 159
10 164
10 165
10 169
10 170
10 174
10 176
10 178
10 181
10 185
10 189
10 190
10 195
10 197
10 200
11 4
11 5
11 6
11 8
11 12
11 17
11 26
11 28
11 42
11 48
11 50
11 51
11 55
11 58
11 59
11 73
11 74
11 75
11 77
11 79
11 84
11 85
11 88
11 90
11 95
11 98
11 99
11 107
11 112
11 113
11 114
11 115
11 117
11 119
11 121
11 132
11 138
11 140
11 141
11 142
11 144
11 146
11 149
11 154
11 157
11 159
11 160
11 162
11 168
11 174
11 177
11 179
11 180
11 185
11 196
11 197
12 9
12 12
12 14
12 15
12 19
12 25
12 28
12 30
12 33
12 35
12 37
12 40
12 46
12 47
12 48
12 49
12 53
12 57
12 64
12 69
12 72
12 74
12 76
12 77
12 78
12 90
12 92
12 93
12 94
12 95
12 97
12 98
12 100
12 102
12 103
12 109
12 111
12 112
12 115
12 117
12 119
12 124
12 126
12 129
12 134
12 136
12 142
12 147
12 156
12 160
12 161
12 163
12 174
12 177
12 178
12 179
12 183
12 184
12 185
12 186
12 187
12 188
12 193
12 194
13 2
13 4
13 7
13 8
13 9
13 11
13 15
13 16
13 17
13 18
13 21
13 25
13 26
13 27
13 30
13 33
13 37
13 39
13 41
13 48
13 51
13 52
13 54
13 55
13 56
13 58
13 61
13 62
13 66
13 67
13 70
13 77
13 78
13 79
13 88
13 90
13 94
13 96
13 101
13 102
13 103
13 107
13 128
13 131
13 132
13 135
13 138
13 141
13 142
13 143
13 145
13 156
13 157
13 160
13 164
13 166
13 168
13 170
13 171
13 177
13 183
13 192
13 194
13 200
14 1
14 9
14 12
14 16
14 17
14 19
14 22
14 26
14 27
14 31
14 35
14 36
14 39
14 45
14 49
14 51
14 52
14 54
14 55
14 56
14 58
14 61
14 64
14 66
14 69
14 75
14 82
14 86
14 94
14 97
14 100
14 106
14 108
14 109
14 119
14 120
14 121
14 124
14 125
14 126
14 128
14 135
14 137
14 138
14 139
14 140
14 142
14 146
14 148
14 149
14 153
14 154
14 156
14 160
14 164
14 168
14 170
14 175
14 177
14 180
14 184
14 189
14 199
14 200
15 2
15 5
15 7
15 15
15 17
15 22
15 24
15 27
15 31
15 34
15 37
15 38
15 42
15 43
15 47
15 52
15 53
15 55
15 62
15 70
15 72
15 74
15 75
15 77
15 80
15 84
15 87
15 90
15 93
15 95
15 96
15 98
15 99
15 106
15 108
15 109
15 111
15 112
15 113
15 115
15 117
15 118
15 119
15 123
15 125
15 128
15 129
15 130
15 131
15 133
15 134
15 138
15 140
15 148
15 150
15 151
15 153
15 154
15 155
15 159
15 160
15 163
15 169
15 172
15 174
15 180
15 182
15 183
15 193
15 194
15 198
16 2
16 6
16 14
16 15
16 16
16 21
16 22
16 26
16 32
16 33
16 37
16 38
16 44
16 45
16 46
16 49
16 55
16 58
16 69
16 70
16 77
16 78
16 79
16 85
16 86
16 89
16 92
16 93
16 96
16 98
16 105
16 108
16 110
16 111
16 114
16 115
16 123
16 126
16 129
16 131
16 132
16 135
16 141
16 143
16 145
16 146
16 147
16 151
16 156
16 157
16 158
16 160
16 161
16 162
16 163
16 165
16 168
16 170
16 175
16 183
16 188
16 192
16 193
16 194
16 195
16 197
16 198
16 200
17 2
17 4
17 7
17 11
17 13
17 17
17 20
17 21
17 25
17 27
17 30
17 31
17 33
17 37
17 39
17 40
17 51
17 53
17 58
17 60
17 61
17 65
17 66
17 67
17 68
17 71
17 74
17 77
17 79
17 80
17 82
17 84
17 85
17 91
17 92
17 93
17 96
17 98
17 116
17 118
17 120
17 121
17 122
17 126
17 133
17 136
17 145
17 146
17 154
17 156
17 160
17 162
17 167
17 168
17 171
17 173
17 177
17 186
17 189
17 197
17 200
18 1
18 3
18 4
18 7
18 11
18 12
18 16
18 19
18 21
18 23
18 24
18 27
18 29
18 32
18 34
18 36
18 48
18 53
18 54
18 55
18 63
18 65
18 66
18 68
18 72
18 73
18 83
18 87
18 96
18 97
18 102
18 106
18 107
18 111
18 112
18 113
18 118
18 129
18 137
18 138
18 141
18 146
18 148
18 150
18 154
18 158
18 160
18 161
18 166
18 169
18 171
18 176
18 180
18 181
18 185
18 186
18 187
18 191
18 192
18 198
18 200
19 4
19 5
19 7
19 10
19 13
19 16
19 19
19 23
19 25
19 27
19 29
19 30
19 32
19 36
19 39
19 41
19 43
19 45
19 50
19 52
19 53
19 56
19 58
19 59
19 71
19 72
19 74
19 75
19 77
19 83
19 85
19 86
19 87
19 91
19 93
19 95
19 98
19 102
19 104
19 105
19 106
19 107
19 113
19 116
19 117
19 118
19 119
19 127
19 131
19 133
19 138
19 139
19 141
19 142
19 145
19 148
19 149
19 157
19 158
19 174
19 178
19 179
19 183
19 186
19 187
19 191
19 193
19 195
19 197
20 1
20 3
20 5
20 6
20 7
20 11
20 13
20 21
20 24
20 29
20 40
20 41
20 42
20 48
20 52
20 54
20 56
20 60
20 62
20 64
20 69
20 74
20 76
20 77
20 78
20 79
20 80
20 83
20 86
20 89
20 91
20 103
20 104
20 105
20 107
20 115
20 120
20 123
20 125
20 128
20 129
20 133
20 142
20 146
20 150
20 153
20 156
20 157
20 161
20 163
20 167
20 169
20 173
20 176
20 198
20 199
21 4
21 7
21 9
21 10
21 11
21 12
21 16
21 18
21 32
21 35
21 37
21 41
21 42
21 46
21 49
21 51
21 56
21 58
21 60
21 66
21 69
21 70
21 72
21 74
21 75
21 76
21 78
21 79
21 80
21 84
21 86
21 87
21 94
21 100
21 103
21 105
21 106
21 110
21 111
21 114
21 120
21 123
21 126
21 128
21 130
21 134
21 138
21 139
21 148
21 149
21 151
21 157
21 160
21 165
21 167
21 169
21 177
21 180
21 184
21 186
21 193
22 1
22 2
22 3
22 18
22 27
22 30
22 34
22 38
22 42
22 45
22 46
22 47
22 48
22 50
22 52
22 59
22 64
22 69
22 71
22 79
22 81
22 82
22 88
22 94
22 95
22 98
22 99
22 100
22 102
22 103
22 105
22 114
22 115
22 117
22 118
22 119
22 122
22 126
22 129
22 132
22 133
22 134
22 142
22 148
22 151
22 152
22 153
22 154
22 160
22 163
22 172
22 174
22 175
22 176
22 178
22 181
22 183
22 189
22 190
22 195
22 199
22 200
23 3
23 6
23 8
23 15
23 18
23 20
23 26
23 29
23 31
23 32
23 34
23 40
23 44
23 45
23 48
23 49
23 56
23 64
23 69
23 71
23 72
23 76
23 82
23 87
23 90
23 94
23 96
23 100
23 108
23 109
23 115
23 116
23 117
23 123
23 125
23 126
23 127
23 128
23 133
23 134
23 136
23 140
23 142
23 145
23 146
23 147
23 148
23 153
23 156
23 159
23 163
23 164
23 166
23 168
23 170
23 177
23 178
23 181
23 185
23 190
23 197
23 198
24 2
24 6
24 7
24 11
24 13
24 16
24 21
24 22
24 25
24 26
24 33
24 34
24 38
24 42
24 48
24 52
24 53
24 55
24 61
24 62
24 64
24 69
24 77
24 80
24 84
24 86
24 89
24 93
24 94
24 98
24 103
24 106
24 108
24 114
24 119
24 121
24 129
24 132
24 133
24 134
24 135
24 136
24 141
24 144
24 151
24 157
24 158
24 165
24 166
24 167
24 181
24 184
24 188
24 190
24 191
24 193
24 194
24 197
25 1
25 6
25 9
25 11
25 14
25 20
25 29
25 34
25 35
25 38
25 43
25 53
25 63
25 65
25 66
25 67
25 69
25 73
25 76
25 86
25 88
25 95
25 98
25 99
25 106
25 111
25 116
25 117
25 118
25 120
25 122
25 124
25 126
25 130
25 131
25 132
25 134
25 137
25 138
25 147
25 149
25 150
25 151
25 155
25 156
25 158
25 163
25 170
25 171
25 172
25 174
25 177
25 179
25 183
25 187
25 191
25 192
25 196
25 197
25 198
26 5
26 6
26 7
26 12
26 13
26 14
26 16
26 20
26 26
26 27
26 28
26 29
26 30
26 32
26 40
26 44
26 49
26 50
26 56
26 62
26 70
26 76
26 80
26 83
26 85
26 86
26 93
26 96
26 99
26 109
26 114
26 122
26 124
26 126
26 131
26 132
26 133
26 135
26 146
26 148
26 157
26 158
26 161
26 166
26 168
26 174
26 176
26 177
26 178
26 179
26 181
26 184
26 189
26 190
26 197
26 198
26 200
27 12
27 14
27 16
27 18
27 19
27 21
27 23
27 27
27 29
27 32
27 34
27 37
27 38
27 39
27 42
27 50
27 55
27 56
27 59
27 63
27 67
27 77
27 81
27 91
27 92
27 95
27 96
27 98
27 101
27 103
27 105
27 110
27 111
27 118
27 122
27 126
27 130
27 134
27 136
27 137
27 142
27 144
27 147
27 148
27 151
27 152
27 159
27 161
27 164
27 165
27 174
27 177
27 179
27 187
27 189
28 10
28 11
28 12
28 14
28 17
28 18
28 19
28 20
28 24
28 28
28 35
28 39
28 43
28 46
28 49
28 51
28 54
28 55
28 59
28 62
28 64
28 68
28 69
28 76
28 77
28 87
28 88
28 90
28 93
28 102
28 103
28 105
28 109
28 116
28 118
28 120
28 127
28 130
28 135
28 138
28 139
28 140
28 147
28 149
28 151
28 155
28 159
28 160
28 161
28 162
28 164
28 169
28 170
28 173
28 179
28 184
28 186
28 196
28 198
28 200
29 1
29 2
29 4
29 13
29 21
29 23
29 27
29 28
29 37
29 38
29 40
29 41
29 45
29 47
29 51
29 55
29 60
29 63
29 71
29 78
29 82
29 89
29 92
29 93
29 95
29 98
29 102
29 104
29 107
29 111
29 116
29 117
29 124
29 126
29 129
29 141
29 151
29 158
29 167
29 171
29 183
29 185
29 190
29 191
29 192
29 195
30 3
30 4
30 9
30 12
30 23
30 27
30 34
30 36
30 37
30 39
30 40
30 41
30 42
30 46
30 47
30 48
30 50
30 52
30 53
30 55
30 56
30 62
30 63
30 65
30 69
30 74
30 90
30 97
30 98
30 100
30 103
30 115
30 116
30 120
30 130
30 131
30 132
30 133
30 135
30 139
30 152
30 154
30 156
30 159
30 162
30 163
30 164
30 176
30 183
30 186
30 188
30 192
30 193
30 194
31 6
31 11
31 12
31 13
31 17
31 18
31 19
31 23
31 24
31 25
31 28
31 29
31 33
31 35
31 36
31 44
31 47
31 48
31 51
31 52
31 53
31 56
31 58
31 63
31 67
31 70
31 72
31 78
31 82
31 85
31 91
31 93
31 94
31 98
31 99
31 106
31 107
31 108
31 110
31 120
31 122
31 127
31 129
31 130
31 132
31 134
31 137
31 139
31 143
31 146
31 148
31 150
31 157
31 162
31 166
31 168
31 171
31 173
31 174
31 176
31 181
31 189
31 190
31 196
31 198
32 2
32 7
32 12
32 16
32 20
32 22
32 29
32 30
32 33
32 34
32 36
32 50
32 52
32 57
32 61
32 65
32 68
32 69
32 73
32 74
32 76
32 82
32 86
32 90
32 92
32 94
32 95
32 99
32 102
32 103
32 107
32 109
32 115
32 118
32 119
32 120
32 124
32 127
32 130
32 131
32 134
32 143
32 144
32 146
32 148
32 158
32 160
32 163
32 165
32 168
32 169
32 170
32 172
32 176
32 180
32 183
32 184
32 186
32 189
32 192
32 194
32 199
32 200
33 3
33 7
33 9
33 11
33 13
33 14
33 19
33 23
33 24
33 25
33 31
33 40
33 41
33 43
33 51
33 52
33 54
33 57
33 59
33 61
33 69
33 73
33 75
33 81
33 95
33 100
33 102
33 103
33 105
33 107
33 109
33 112
33 118
33 130
33 135
33 138
33 139
33 141
33 143
33 144
33 148
33 149
33 150
33 155
33 157
33 158
33 163
33 166
33 167
33 168
33 169
33 170
33 179
33 183
33 187
33 188
33 191
33 192
33 194
33 195
33 196
33 198
34 1
34 3
34 8
34 12
34 21
34 22
34 25
34 27
34 35
34 39
34 40
34 41
34 43
34 44
34 49
34 55
34 57
34 61
34 62
34 64
34 67
34 71
34 72
34 77
34 81
34 85
34 86
34 90
34 91
34 94
34 95
34 102
34 105
34 107
34 111
34 113
34 114
34 116
34 122
34 123
34 126
34 130
34 137
34 149
34 155
34 162
34 167
34 172
34 173
34 174
34 183
34 191
34 192
34 198
34 199
35 1
35 3
35 7
35 8
35 9
35 11
35 16
35 20
35 23
35 29
35 33
35 34
35 35
35 37
35 38
35 39
35 43
35 44
35 45
35 47
35 49
35 52
35 55
35 56
35 60
35 63
35 65
35 70
35 71
35 75
35 76
35 78
35 81
35 85
35 87
35 90
35 91
35 97
35 107
35 115
35 118
35 119
35 122
35 128
35 135
35 137
35 140
35 142
35 143
35 150
35 151
35 154
35 155
35 157
35 160
35 165
35 178
35 185
35 195
35 199
36 1
36 3
36 18
36 24
36 25
36 29
36 30
36 35
36 38
36 40
36 41
36 43
36 48
36 50
36 55
36 56
36 59
36 64
36 69
36 71
36 73
36 79
36 89
36 99
36 102
36 104
36 107
36 109
36 113
36 114
36 117
36 122
36 123
36 124
36 127
36 128
36 132
36 135
36 137
36 143
36 144
36 148
36 149
36 167
36 173
36 174
36 180
36 187
36 188
36 189
37 5
37 6
37 7
37 12
37 18
37 25
37 26
37 28
37 32
37 36
37 37
37 43
37 46
37 47
37 51
37 52
37 55
37 57
37 64
37 72
37 73
37 76
37 78
37 80
37 81
37 83
37 90
37 93
37 94
37 95
37 96
37 101
37 105
37 107
37 114
37 115
37 118
37 126
37 127
37 130
37 132
37 134
37 135
37 137
37 140
37 141
37 145
37 146
37 149
37 153
37 156
37 159
37 162
37 164
37 165
37 166
37 168
37 173
37 177
37 178
37 183
37 185
37 188
37 193
37 194
37 198
37 200
38 3
38 4
38 5
38 7
38 10
38 12
38 13
38 20
38 21
38 28
38 29
38 40
38 45
38 46
38 47
38 48
38 51
38 52
38 56
38 63
38 64
38 66
38 69
38 72
38 73
38 75
38 86
38 87
38 96
38 97
38 99
38 100
38 103
38 106
38 109
38 111
38 112
38 113
38 114
38 122
38 123
38 124
38 126
38 132
38 134
38 140
38 144
38 147
38 148
38 149
38 151
38 153
38 158
38 160
38 166
38 167
38 169
38 172
38 173
38 174
38 176
38 177
38 183
38 191
38 197
38 198
38 199
39 2
39 5
39 6
39 7
39 8
39 13
39 14
39 18
39 23
39 25
39 27
39 29
39 34
39 35
39 36
39 43
39 46
39 47
39 55
39 60
39 62
39 67
39 69
39 71
39 77
39 78
39 94
39 95
39 97
39 103
39 111
39 112
39 116
39 117
39 122
39 123
39 129
39 130
39 132
39 135
39 136
39 138
39 141
39 146
39 149
39 150
39 152
39 158
39 162
39 172
39 179
39 185
39 191
39 194
39 196
40 6
40 8
40 9
40 15
40 17
40 26
40 28
40 39
40 43
40 45
40 50
40 59
40 60
40 64
40 65
40 67
40 75
40 77
40 88
40 91
40 92
40 94
40 99
40 102
40 104
40 106
40 108
40 123
40 124
40 127
40 129
40 130
40 134
40 135
40 138
40 141
40 142
40 166
40 171
40 172
40 173
40 175
40 180
40 182
40 184
40 187
40 189
40 193
40 196
40 199
41 2
41 4
41 5
41 6
41 11
41 17
41 20
41 23
41 24
41 26
41 31
41 32
41 38
41 43
41 44
41 46
41 50
41 51
41 55
41 56
41 58
41 60
41 61
41 70
41 75
41 77
41 78
41 79
41 82
41 94
41 100
41 102
41 104
41 109
41 118
41 120
41 130
41 132
41 139
41 140
41 142
41 146
41 149
41 154
41 156
41 160
41 166
41 168
41 170
41 175
41 176
41 178
41 180
41 181
41 182
41 184
41 191
41 192
41 193
41 196
42 2
42 10
42 15
42 17
42 28
42 34
42 37
42 42
42 43
42 45
42 46
42 53
42 57
42 60
42 65
42 67
42 73
42 75
42 76
42 82
42 90
42 91
42 92
42 93
42 95
42 98
42 101
42 102
42 109
42 112
42 115
42 120
42 132
42 133
42 139
42 141
42 144
42 151
42 152
42 153
42 154
42 160
42 162
42 163
42 164
42 166
42 167
42 169
42 174
42 179
42 180
42 182
42 188
42 191
42 195
42 197
43 1
43 7
43 9
43 10
43 11
43 15
43 27
43 36
43 47
43 58
43 61
43 65
43 68
43 73
43 75
43 78
43 79
43 80
43 83
43 84
43 85
43 86
43 87
43 89
43 90
43 93
43 100
43 101
43 102
43 104
43 106
43 109
43 110
43 112
43 119
43 121
43 122
43 126
43 129
43 131
43 134
43 139
43 141
43 144
43 147
43 148
43 152
43 155
43 160
43 161
43 164
43 173
43 174
43 176
43 180
43 186
43 188
43 190
43 199
44 7
44 9
44 12
44 16
44 17
44 19
44 21
44 26
44 27
44 28
44 29
44 32
44 35
44 37
44 46
44 52
44 56
44 57
44 65
44 68
44 69
44 72
44 83
44 84
44 92
44 93
44 97
44 101
44 106
44 111
44 114
44 117
44 120
44 130
44 134
44 135
44 139
44 140
44 141
44 142
44 148
44 149
44 150
44 153
44 155
44 161
44 165
44 167
44 169
44 170
44 175
44 178
44 180
44 186
44 187
44 190
44 195
44 197
44 198
44 199
45 9
45 10
45 11
45 13
45 14
45 19
45 23
45 24
45 25
45 28
45 29
45 33
45 35
45 38
45 44
45 46
45 48
45 49
45 50
45 54
45 75
45 76
45 77
45 83
45 91
45 92
45 94
45 102
45 106
45 110
45 112
45 115
45 117
45 120
45 122
45 123
45 129
45 131
45 136
45 138
45 140
45 146
45 148
45 151
45 152
45 156
45 158
45 160
45 165
45 167
45 173
45 175
45 178
45 180
45 182
45 186
45 190
45 191
45 196
45 197
45 199
45 200
46 3
46 5
46 6
46 8
46 9
46 13
46 14
46 20
46 21
46 23
46 28
46 34
46 39
46 42
46 44
46 47
46 50
46 51
46 56
46 60
46 73
46 75
46 79
46 80
46 81
46 82
46 83
46 88
46 92
46 103
46 105
46 108
46 109
46 110
46 111
46 113
46 114
46 118
46 121
46 123
46 126
46 128
46 138
46 143
46 145
46 147
46 151
46 155
46 167
46 170
46 172
46 173
46 176
46 179
46 180
46 184
46 188
46 191
46 194
46 195
46 197
46 200
47 8
47 17
47 22
47 26
47 27
47 36
47 37
47 38
47 43
47 44
47 45
47 49
47 53
47 56
47 63
47 65
47 68
47 69
47 70
47 72
47 73
47 78
47 80
47 81
47 84
47 86
47 87
47 88
47 90
47 93
47 95
47 103
47 107
47 113
47 118
47 121
47 122
47 123
47 125
47 127
47 128
47 131
47 135
47 141
47 142
47 147
47 155
47 161
47 162
47 164
47 168
47 170
47 171
47 173
47 175
47 176
47 179
47 181
47 185
47 187
47 191
47 192
47 194
48 5
48 7
48 14
48 15
48 21
48 24
48 28
48 29
48 32
48 33
48 35
48 36
48 42
48 44
48 49
48 50
48 56
48 60
48 61
48 67
48 68
48 69
48 70
48 74
48 77
48 82
48 89
48 91
48 92
48 94
48 95
48 96
48 99
48 101
48 102
48 103
48 105
48 106
48 107
48 108
48 111
48 115
48 119
48 120
48 121
48 124
48 126
48 128
48 129
48 130
48 132
48 135
48 136
48 137
48 147
48 151
48 157
48 158
48 163
48 165
48 168
48 170
48 171
48 176
48 183
48 184
48 188
48 192
48 196
48 197
48 198
49 1
49 3
49 4
49 5
49 6
49 9
49 12
49 14
49 15
49 16
49 17
49 20
49 24
49 30
49 33
49 35
49 38
49 39
49 42
49 45
49 46
49 51
49 54
49 65
49 73
49 75
49 77
49 79
49 81
49 84
49 88
49 90
49 91
49 95
49 98
49 101
49 103
49 106
49 107
49 112
49 116
49 117
49 118
49 119
49 123
49 127
49 128
49 130
49 136
49 138
49 143
49 145
49 147
49 150
49 158
49 163
49 166
49 168
49 171
49 178
49 179
49 186
49 188
49 192
49 196
49 199
50 2
50 6
50 8
50 10
50 13
50 17
50 19
50 23
50 29
50 30
50 31
50 35
50 38
50 39
50 40
50 43
50 44
50 47
50 49
50 50
50 54
50 65
50 68
50 75
50 76
50 77
50 84
50 94
50 96
50 99
50 114
50 118
50 120
50 123
50 127
50 131
50 139
50 140
50 141
50 142
50 144
50 149
50 152
50 153
50 157
50 158
50 162
50 163
50 164
50 165
50 172
50 174
50 180
50 182
50 184
50 189
50 194
50 197
50 199
50 200
51 1
51 4
51 11
51 19
51 32
51 33
51 35
51 39
51 49
51 51
51 54
51 55
51 65
51 66
51 70
51 73
51 84
51 88
51 96
51 97
51 99
51 101
51 102
51 106
51 108
51 110
51 115
51 127
51 132
51 133
51 136
51 137
51 140
51 141
51 144
51 145
51 146
51 148
51 150
51 153
51 154
51 160
51 162
51 164
51 181
51 186
51 187
51 189
51 191
51 192
51 197
52 2
52 6
52 7
52 15
52 19
52 29
52 30
52 34
52 36
52 39
52 40
52 42
52 44
52 47
52 48
52 49
52 61
52 65
52 66
52 78
52 90
52 91
52 92
52 93
52 94
52 95
52 97
52 100
52 101
52 103
52 104
52 105
52 107
52 109
52 115
52 121
52 122
52 131
52 134
52 138
52 139
52 146
52 147
52 148
52 153
52 154
52 171
52 181
52 187
52 195
52 197
52 198
53 1
53 7
53 9
53 22
53 23
53 30
53 32
53 36
53 37
53 41
53 45
53 47
53 48
53 51
53 52
53 53
53 58
53 60
53 67
53 70
53 76
53 81
53 82
53 85
53 87
53 89
53 90
53 95
53 98
53 101
53 106
53 113
53 114
53 118
53 120
53 121
53 123
53 129
53 130
53 132
53 139
53 144
53 146
53 151
53 153
53 154
53 157
53 158
53 161
53 163
53 167
53 170
53 172
53 178
53 186
53 191
53 192
53 194
53 195
53 196
53 199
53 200
54 2
54 5
54 7
54 12
54 13
54 22
54 23
54 25
54 28
54 31
54 35
54 36
54 39
54 42
54 45
54 49
54 51
54 52
54 53
54 54
54 59
54 63
54 72
54 74
54 76
54 81
54 83
54 85
54 95
54 96
54 98
54 103
54 105
54 106
54 108
54 113
54 114
54 116
54 119
54 122
54 124
54 125
54 138
54 145
54 147
54 152
54 156
54 157
54 159
54 163
54 167
54 168
54 169
54 170
54 176
54 178
54 193
54 197
54 199
54 200
55 1
55 6
55 7
55 10
55 12
55 13
55 16
55 17
55 23
55 33
55 35
55 37
55 42
55 46
55 48
55 50
55 51
55 52
55 54
55 60
55 61
55 65
55 74
55 75
55 80
55 81
55 83
55 85
55 86
55 88
55 89
55 91
55 94
55 99
55 105
55 109
55 111
55 112
55 113
55 121
55 126
55 135
55 136
55 137
55 141
55 147
55 151
55 154
55 156
55 157
55 160
55 162
55 164
55 167
55 170
55 171
55 175
55 180
55 183
55 185
55 190
55 195
56 1
56 3
56 4
56 6
56 9
56 13
56 15
56 22
56 25
56 27
56 30
56 32
56 37
56 39
56 41
56 45
56 46
56 50
56 58
56 59
56 62
56 63
56 68
56 72
56 75
56 76
56 77
56 78
56 84
56 85
56 86
56 88
56 92
56 95
56 102
56 105
56 106
56 107
56 110
56 117
56 133
56 137
56 139
56 143
56 145
56 147
56 150
56 151
56 154
56 155
56 159
56 162
56 163
56 171
56 172
56 174
56 180
56 181
56 188
56 189
56 191
56 193
56 194
56 199
57 1
57 9
57 14
57 15
57 19
57 28
57 31
57 40
57 42
57 49
57 50
57 52
57 54
57 55
57 58
57 61
57 64
57 66
57 70
57 73
57 74
57 75
57 82
57 84
57 85
57 86
57 87
57 89
57 90
57 95
57 100
57 103
57 105
57 111
57 113
57 117
57 118
57 124
57 137
57 138
57 146
57 149
57 151
57 156
57 158
57 163
57 171
57 173
57 174
57 182
57 185
57 187
57 189
57 190
57 191
57 193
57 194
57 196
57 198
57 199
58 1
58 2
58 6
58 8
58 20
58 21
58 27
58 30
58 31
58 38
58 44
58 55
58 58
58 60
58 61
58 66
58 67
58 71
58 85
58 94
58 95
58 98
58 101
58 104
58 106
58 110
58 118
58 128
58 131
58 149
58 159
58 162
58 163
58 169
58 172
58 177
58 179
58 183
58 184
58 185
58 191
58 196
59 4
59 6
59 11
59 15
59 16
59 18
59 25
59 28
59 29
59 34
59 36
59 39
59 44
59 45
59 48
59 49
59 51
59 53
59 56
59 58
59 59
59 62
59 63
59 69
59 80
59 82
59 85
59 86
59 89
59 92
59 93
59 96
59 97
59 99
59 100
59 104
59 106
59 109
59 115
59 117
59 129
59 131
59 135
59 137
59 139
59 140
59 141
59 143
59 144
59 146
59 152
59 158
59 160
59 163
59 164
59 167
59 168
59 171
59 173
59 175
59 177
59 183
59 184
59 185
59 187
59 188
59 189
60 3
60 5
60 7
60 10
60 11
60 12
60 21
60 22
60 23
60 27
60 32
60 33
60 38
60 44
60 47
60 48
60 49
60 52
60 53
60 55
60 58
60 63
60 72
60 76
60 77
60 85
60 89
60 91
60 93
60 99
60 107
60 109
60 110
60 113
60 126
60 132
60 133
60 136
60 138
60 140
60 146
60 149
60 150
60 156
60 164
60 167
60 169
60 175
60 178
60 180
60 181
60 182
60 190
60 196
60 197
60 200
61 3
61 4
61 6
61 10
61 14
61 17
61 18
61 24
61 25
61 26
61 27
61 28
61 29
61 30
61 37
61 38
61 39
61 42
61 43
61 44
61 46
61 47
61 49
61 51
61 52
61 54
61 55
61 59
61 70
61 72
61 74
61 77
61 80
61 81
61 84
61 85
61 86
61 87
61 88
61 90
61 92
61 97
61 100
61 108
61 111
61 112
61 114
61 121
61 126
61 132
61 135
61 136
61 139
61 141
61 142
61 143
61 144
61 148
61 149
61 156
61 158
61 159
61 160
61 164
61 171
61 173
61 174
61 178
61 180
61 186
61 188
61 189
61 191
61 193
61 199
62 5
62 9
62 12
62 13
62 19
62 20
62 23
62 30
62 31
62 39
62 45
62 48
62 50
62 51
62 52
62 54
62 55
62 61
62 65
62 66
62 68
62 70
62 75
62 77
62 82
62 84
62 85
62 89
62 90
62 92
62 96
62 97
62 104
62 105
62 109
62 110
62 115
62 120
62 130
62 138
62 149
62 154
62 155
62 159
62 160
62 161
62 166
62 168
62 172
62 173
62 174
62 176
62 177
62 180
62 183
62 186
62 187
62 190
62 191
62 193
62 199
63 1
63 5
63 9
63 11
63 12
63 13
63 14
63 15
63 17
63 18
63 19
63 23
63 24
63 27
63 31
63 32
63 35
63 36
63 43
63 45
63 50
63 58
63 59
63 60
63 62
63 65
63 75
63 81
63 82
63 87
63 90
63 91
63 93
63 94
63 97
63 99
63 102
63 103
63 105
63 111
63 115
63 118
63 119
63 122
63 123
63 129
63 130
63 134
63 141
63 143
63 145
63 148
63 150
63 153
63 155
63 156
63 158
63 169
63 182
63 187
63 189
63 195
63 197
64 5
64 7
64 16
64 19
64 23
64 29
64 30
64 31
64 38
64 43
64 46
64 51
64 52
64 57
64 59
64 63
64 64
64 71
64 73
64 78
64 81
64 86
64 91
64 99
64 105
64 130
64 133
64 134
64 135
64 137
64 139
64 141
64 146
64 159
64 165
64 175
64 186
64 188
65 1
65 2
65 3
65 5
65 11
65 20
65 25
65 29
65 33
65 39
65 42
65 47
65 50
65 51
65 55
65 56
65 58
65 60
65 64
65 65
65 66
65 67
65 68
65 75
65 76
65 81
65 86
65 87
65 95
65 101
65 106
65 108
65 110
65 118
65 119
65 124
65 125
65 129
65 131
65 134
65 135
65 137
65 140
65 143
65 145
65 150
65 152
65 154
65 166
65 170
65 171
65 173
65 175
65 177
65 178
65 185
65 188
65 199
66 4
66 7
66 13
66 14
66 15
66 19
66 23
66 32
66 33
66 37
66 46
66 47
66 51
66 52
66 53
66 55
66 64
66 65
66 66
66 76
66 78
66 79
66 80
66 86
66 93
66 95
66 97
66 98
66 99
66 103
66 104
66 107
66 109
66 116
66 117
66 122
66 123
66 131
66 137
66 141
66 144
66 147
66 152
66 154
66 160
66 161
66 163
66 170
66 171
66 175
66 178
66 181
66 182
66 183
66 189
66 190
66 192
66 196
66 200
67 3
67 6
67 7
67 14
67 15
67 22
67 23
67 29
67 36
67 39
67 42
67 49
67 52
67 54
67 56
67 57
67 59
67 60
67 72
67 78
67 80
67 81
67 84
67 86
67 87
67 89
67 90
67 91
67 94
67 96
67 104
67 105
67 114
67 116
67 117
67 118
67 119
67 122
67 126
67 127
67 131
67 134
67 135
67 137
67 140
67 142
67 143
67 144
67 148
67 150
67 152
67 157
67 163
67 166
67 174
67 176
67 178
67 179
67 181
67 183
67 184
67 189
67 190
67 191
67 199
68 2
68 5
68 7
68 8
68 10
68 17
68 18
68 20
68 21
68 27
68 28
68 29
68 35
68 38
68 39
68 42
68 46
68 50
68 52
68 56
68 58
68 60
68 67
68 71
68 72
68 74
68 75
68 79
68 80
68 86
68 88
68 94
68 95
68 100
68 102
68 103
68 106
68 107
68 109
68 115
68 117
68 122
68 123
68 130
68 133
68 134
68 137
68 140
68 141
68 142
68 144
68 147
68 154
68 161
68 165
68 169
68 172
68 175
68 178
68 182
68 189
68 192
68 193
68 194
68 196
68 200
69 4
69 7
69 14
69 15
69 16
69 17
69 18
69 21
69 23
69 24
69 26
69 27
69 28
69 29
69 32
69 35
69 38
69 52
69 57
69 61
69 64
69 66
69 68
69 69
69 81
69 83
69 86
69 90
69 94
69 96
69 97
69 100
69 101
69 102
69 105
69 106
69 107
69 109
69 112
69 119
69 120
69 127
69 131
69 132
69 134
69 137
69 138
69 140
69 145
69 147
69 148
69 149
69 152
69 154
69 157
69 161
69 165
69 167
69 169
69 172
69 175
69 178
69 180
69 187
69 188
69 190
69 192
69 194
69 195
70 7
70 9
70 10
70 15
70 16
70 17
70 20
70 21
70 22
70 28
70 31
70 32
70 34
70 35
70 36
70 38
70 40
70 42
70 46
70 47
70 53
70 57
70 59
70 66
70 67
70 68
70 82
70 83
70 85
70 87
70 91
70 92
70 93
70 95
70 96
70 97
70 98
70 106
70 110
70 111
70 112
70 122
70 124
70 126
70 127
70 130
70 135
70 138
70 146
70 154
70 155
70 156
70 160
70 162
70 170
70 171
70 175
70 179
70 182
70 196
71 4
71 6
71 9
71 13
71 17
71 21
71 31
71 37
71 38
71 40
71 43
71 47
71 48
71 49
71 52
71 54
71 58
71 61
71 63
71 66
71 67
71 69
71 73
71 74
71 88
71 91
71 92
71 93
71 94
71 97
71 99
71 102
71 105
71 107
71 110
71 119
71 120
71 121
71 129
71 131
71 133
71 134
71 136
71 137
71 140
71 141
71 143
71 147
71 150
71 151
71 154
71 156
71 159
71 161
71 163
71 165
71 166
71 167
71 168
71 171
71 172
71 176
71 180
71 183
71 191
71 194
71 198
72 2
72 4
72 5
72 8
72 9
72 11
72 14
72 19
72 20
72 21
72 25
72 26
72 33
72 34
72 36
72 37
72 42
72 43
72 45
72 49
72 50
72 53
72 55
72 56
72 62
72 67
72 68
72 69
72 75
72 76
72 82
72 84
72 88
72 94
72 95
72 98
72 101
72 104
72 105
72 106
72 107
72 119
72 123
72 137
72 140
72 145
72 147
72 154
72 156
72 157
72 166
72 168
72 170
72 171
72 173
72 176
72 177
72 181
72 188
72 189
72 198
72 199
73 1
73 5
73 6
73 7
73 8
73 10
73 12
73 16
73 23
73 24
73 33
73 37
73 41
73 43
73 45
73 47
73 48
73 51
73 53
73 54
73 56
73 79
73 86
73 93
73 94
73 98
73 99
73 100
73 105
73 113
73 114
73 115
73 116
73 120
73 123
73 124
73 125
73 128
73 135
73 138
73 143
73 145
73 148
73 151
73 153
73 164
73 172
73 173
73 179
73 183
73 184
73 188
73 190
73 195
73 197
73 198
74 3
74 4
74 6
74 8
74 10
74 11
74 14
74 21
74 27
74 28
74 31
74 37
74 39
74 40
74 41
74 42
74 45
74 46
74 47
74 54
74 56
74 58
74 61
74 65
74 66
74 70
74 74
74 77
74 84
74 87
74 88
74 90
74 91
74 94
74 98
74 100
74 104
74 116
74 119
74 125
74 132
74 146
74 148
74 158
74 160
74 162
74 163
74 165
74 170
74 173
74 174
74 176
74 185
74 187
74 191
74 197
75 1
75 7
75 10
75 15
75 17
75 19
75 23
75 38
75 39
75 48
75 52
75 62
75 70
75 73
75 75
75 80
75 83
75 94
75 95
75 101
75 102
75 103
75 108
75 109
75 113
75 132
75 133
75 136
75 138
75 139
75 145
75 148
75 150
75 160
75 172
75 177
75 178
75 184
75 186
75 187
75 193
75 194
75 195
75 196
75 197
75 199
76 4
76 10
76 11
76 19
76 25
76 26
76 27
76 31
76 34
76 36
76 37
76 39
76 40
76 42
76 45
76 52
76 55
76 58
76 59
76 60
76 65
76 70
76 71
76 76
76 79
76 81
76 83
76 84
76 92
76 94
76 95
76 97
76 99
76 105
76 114
76 115
76 116
76 123
76 125
76 129
76 134
76 135
76 136
76 138
76 141
76 143
76 146
76 150
76 152
76 157
76 159
76 164
76 167
76 170
76 171
76 172
76 181
76 182
76 185
76 186
76 190
76 192
76 194
76 196
76 197
76 199
76 200
77 4
77 11
77 12
77 14
77 15
77 19
77 21
77 25
77 26
77 27
77 28
77 32
77 33
77 35
77 37
77 38
77 46
77 48
77 49
77 50
77 51
77 52
77 53
77 56
77 58
77 60
77 62
77 69
77 73
77 74
77 76
77 82
77 83
77 84
77 89
77 91
77 101
77 106
77 109
77 116
77 118
77 124
77 128
77 129
77 130
77 131
77 136
77 140
77 144
77 145
77 146
77 148
77 149
77 152
77 156
77 161
77 162
77 166
77 168
77 174
77 181
77 184
77 185
77 191
77 193
78 3
78 5
78 10
78 14
78 15
78 17
78 18
78 21
78 28
78 30
78 36
78 41
78 43
78 46
78 48
78 52
78 54
78 56
78 59
78 64
78 66
78 67
78 68
78 69
78 70
78 71
78 73
78 77
78 81
78 82
78 83
78 84
78 85
78 90
78 96
78 97
78 98
78 103
78 113
78 115
78 119
78 126
78 129
78 133
78 137
78 139
78 144
78 145
78 146
78 148
78 150
78 151
78 160
78 161
78 164
78 168
78 179
78 182
78 184
78 185
78 193
78 195
78 197
79 1
79 2
79 3
79 4
79 5
79 10
79 12
79 14
79 15
79 16
79 19
79 20
79 25
79 29
79 31
79 35
79 36
79 39
79 42
79 49
79 57
79 66
79 67
79 68
79 71
79 74
79 75
79 79
79 85
79 89
79 91
79 92
79 94
79 100
79 102
79 104
79 106
79 107
79 110
79 113
79 116
79 119
79 120
79 126
79 129
79 132
79 133
79 134
79 137
79 139
79 141
79 142
79 144
79 150
79 154
79 156
79 162
79 166
79 168
79 170
79 171
79 172
79 176
79 178
79 179
79 181
79 187
79 188
79 189
79 197
79 198
79 199
80 3
80 5
80 12
80 13
80 15
80 16
80 17
80 22
80 26
80 28
80 33
80 36
80 37
80 38
80 40
80 41
80 43
80 46
80 55
80 59
80 62
80 66
80 70
80 71
80 72
80 74
80 75
80 76
80 81
80 84
80 86
80 99
80 100
80 102
80 103
80 107
80 109
80 111
80 115
80 116
80 119
80 121
80 123
80 125
80 126
80 130
80 132
80 134
80 142
80 143
80 149
80 151
80 153
80 161
80 163
80 170
80 171
80 174
80 175
80 180
80 181
80 182
80 184
80 193
80 194
80 200
81 9
81 13
81 14
81 15
81 16
81 19
81 21
81 25
81 26
81 33
81 38
81 41
81 42
81 43
81 44
81 51
81 53
81 54
81 57
81 58
81 61
81 64
81 65
81 73
81 74
81 77
81 78
81 83
81 87
81 90
81 94
81 106
81 109
81 118
81 119
81 121
81 123
81 124
81 127
81 134
81 135
81 139
81 140
81 145
81 147
81 151
81 154
81 158
81 162
81 166
81 167
81 168
81 169
81 172
81 176
81 179
81 180
81 181
81 184
81 185
81 187
81 188
81 189
81 193
81 196
81 198
81 199
82 2
82 3
82 14
82 17
82 21
82 24
82 25
82 29
82 35
82 38
82 49
82 50
82 51
82 52
82 54
82 57
82 61
82 62
82 64
82 66
82 67
82 73
82 81
82 86
82 88
82 91
82 93
82 98
82 99
82 103
82 104
82 105
82 107
82 108
82 113
82 114
82 115
82 118
82 120
82 124
82 125
82 139
82 140
82 141
82 143
82 146
82 149
82 155
82 168
82 171
82 173
82 174
82 176
82 181
82 185
82 190
82 193
83 5
83 10
83 11
83 13
83 15
83 16
83 20
83 23
83 25
83 29
83 36
83 37
83 38
83 39
83 42
83 43
83 45
83 46
83 57
83 63
83 65
83 69
83 74
83 77
83 79
83 82
83 92
83 93
83 97
83 98
83 101
83 103
83 106
83 112
83 115
83 120
83 130
83 135
83 137
83 138
83 139
83 140
83 155
83 161
83 164
83 165
83 166
83 170
83 173
83 180
83 185
83 188
83 195
83 197
84 2
84 3
84 14
84 18
84 20
84 21
84 22
84 24
84 31
84 36
84 45
84 47
84 48
84 49
84 50
84 59
84 61
84 63
84 68
84 71
84 72
84 75
84 85
84 86
84 89
84 92
84 93
84 97
84 99
84 103
84 113
84 115
84 117
84 123
84 124
84 127
84 128
84 130
84 139
84 140
84 142
84 145
84 146
84 147
84 159
84 160
84 164
84 166
84 171
84 173
84 175
84 177
84 184
84 189
84 191
84 194
84 195
84 197
85 8
85 9
85 10
85 14
85 16
85 19
85 21
85 23
85 32
85 33
85 36
85 37
85 42
85 43
85 55
85 64
85 65
85 70
85 71
85 77
85 80
85 87
85 96
85 97
85 101
85 103
85 104
85 106
85 107
85 108
85 109
85 111
85 114
85 115
85 119
85 121
85 124
85 125
85 126
85 133
85 137
85 139
85 142
85 152
85 153
85 157
85 167
85 168
85 171
85 174
85 178
85 179
85 180
85 182
85 184
85 187
85 189
85 194
85 199
86 1
86 4
86 5
86 10
86 15
86 20
86 22
86 28
86 29
86 34
86 35
86 36
86 37
86 42
86 44
86 48
86 54
86 55
86 56
86 63
86 66
86 67
86 69
86 70
86 72
86 73
86 76
86 81
86 82
86 90
86 91
86 95
86 96
86 99
86 101
86 103
86 108
86 111
86 114
86 120
86 125
86 126
86 128
86 130
86 133
86 135
86 140
86 142
86 147
86 153
86 154
86 156
86 157
86 162
86 168
86 170
86 181
86 183
86 188
86 200
87 3
87 5
87 10
87 13
87 21
87 24
87 31
87 33
87 43
87 49
87 50
87 51
87 52
87 54
87 56
87 59
87 60
87 62
87 67
87 69
87 77
87 82
87 84
87 89
87 93
87 94
87 96
87 100
87 101
87 107
87 117
87 121
87 125
87 127
87 134
87 142
87 143
87 148
87 149
87 153
87 156
87 159
87 160
87 162
87 164
87 166
87 174
87 175
87 178
87 180
87 182
87 183
87 184
87 186
87 190
87 191
87 199
88 2
88 7
88 8
88 14
88 15
88 17
88 19
88 21
88 23
88 24
88 26
88 27
88 29
88 32
88 42
88 44
88 46
88 50
88 51
88 53
88 54
88 65
88 66
88 69
88 81
88 89
88 90
88 91
88 94
88 95
88 96
88 97
88 99
88 100
88 101
88 114
88 116
88 121
88 122
88 123
88 131
88 136
88 137
88 142
88 144
88 145
88 148
88 150
88 151
88 155
88 156
88 157
88 158
88 160
88 163
88 166
88 179
88 183
88 186
88 189
88 196
88 197
89 1
89 2
89 3
89 12
89 13
89 24
89 26
89 28
89 34
89 36
89 38
89 40
89 41
89 44
89 45
89 47
89 48
89 53
89 54
89 55
89 56
89 60
89 65
89 67
89 68
89 70
89 74
89 79
89 82
89 89
89 91
89 99
89 102
89 107
89 108
89 113
89 115
89 117
89 119
89 121
89 122
89 126
89 129
89 130
89 131
89 138
89 140
89 146
89 147
89 154
89 156
89 158
89 159
89 169
89 172
89 178
89 186
89 187
89 195
89 196
89 197
89 198
90 2
90 8
90 17
90 20
90 22
90 23
90 27
90 28
90 33
90 34
90 39
90 42
90 44
90 45
90 49
90 51
90 54
90 56
90 57
90 59
90 61
90 62
90 64
90 66
90 68
90 73
90 79
90 81
90 88
90 90
90 91
90 93
90 94
90 96
90 97
90 99
90 100
90 103
90 105
90 106
90 109
90 111
90 113
90 115
90 116
90 119
90 124
90 135
90 137
90 138
90 147
90 156
90 157
90 162
90 163
90 168
90 173
90 176
90 180
90 184
90 186
90 192
90 198
91 3
91 4
91 7
91 10
91 12
91 13
91 14
91 17
91 18
91 19
91 21
91 23
91 26
91 28
91 30
91 34
91 35
91 36
91 37
91 50
91 52
91 53
91 56
91 57
91 58
91 62
91 65
91 68
91 69
91 72
91 74
91 78
91 85
91 86
91 87
91 94
91 95
91 98
91 101
91 105
91 108
91 113
91 114
91 118
91 126
91 130
91 134
91 135
91 146
91 148
91 149
91 153
91 154
91 163
91 167
91 170
91 173
91 175
91 178
91 183
91 185
91 188
91 193
91 194
91 196
91 197
92 8
92 9
92 13
92 15
92 16
92 18
92 20
92 25
92 26
92 28
92 31
92 34
92 35
92 37
92 40
92 43
92 47
92 50
92 54
92 60
92 64
92 65
92 71
92 74
92 77
92 79
92 81
92 85
92 87
92 88
92 89
92 93
92 95
92 98
92 112
92 113
92 114
92 116
92 117
92 125
92 128
92 130
92 131
92 132
92 135
92 137
92 140
92 143
92 149
92 153
92 154
92 155
92 156
92 159
92 161
92 166
92 168
92 170
92 172
92 173
92 182
92 183
92 185
92 188
92 189
92 191
92 197
92 198
92 199
93 3
93 5
93 9
93 10
93 11
93 14
93 21
93 22
93 30
93 32
93 34
93 35
93 38
93 40
93 45
93 48
93 55
93 60
93 63
93 64
93 67
93 71
93 72
93 74
93 75
93 77
93 83
93 85
93 88
93 91
93 92
93 93
93 100
93 102
93 106
93 108
93 109
93 112
93 114
93 117
93 120
93 121
93 123
93 124
93 125
93 128
93 131
93 133
93 136
93 137
93 139
93 140
93 142
93 147
93 150
93 151
93 156
93 158
93 160
93 162
93 164
93 165
93 167
93 172
93 174
93 182
93 183
93 189
93 192
93 194
93 196
93 199
94 1
94 2
94 5
94 7
94 10
94 17
94 19
94 22
94 26
94 27
94 33
94 35
94 36
94 38
94 42
94 44
94 48
94 49
94 54
94 65
94 71
94 73
94 75
94 76
94 89
94 91
94 92
94 93
94 99
94 107
94 108
94 110
94 111
94 113
94 117
94 118
94 122
94 123
94 126
94 128
94 130
94 132
94 136
94 137
94 143
94 145
94 146
94 157
94 158
94 160
94 161
94 163
94 165
94 169
94 171
94 172
94 173
94 175
94 178
94 180
94 196
95 10
95 13
95 14
95 19
95 21
95 28
95 29
95 32
95 48
95 50
95 53
95 60
95 61
95 71
95 74
95 77
95 79
95 82
95 85
95 91
95 92
95 95
95 98
95 104
95 109
95 112
95 113
95 122
95 125
95 126
95 127
95 131
95 132
95 138
95 141
95 142
95 145
95 151
95 153
95 156
95 159
95 160
95 161
95 164
95 165
95 167
95 168
95 171
95 182
95 183
95 188
95 191
95 194
95 195
95 196
96 1
96 3
96 5
96 7
96 16
96 20
96 31
96 35
96 37
96 39
96 40
96 45
96 55
96 56
96 58
96 63
96 64
96 66
96 70
96 71
96 76
96 79
96 80
96 86
96 89
96 90
96 91
96 92
96 95
96 97
96 102
96 108
96 116
96 118
96 123
96 125
96 133
96 145
96 150
96 166
96 170
96 174
96 179
96 184
96 188
96 191
96 197
96 200
97 1
97 4
97 5
97 10
97 24
97 27
97 29
97 35
97 37
97 38
97 43
97 44
97 47
97 48
97 51
97 52
97 55
97 58
97 59
97 60
97 66
97 67
97 69
97 73
97 74
97 75
97 76
97 78
97 80
97 81
97 83
97 85
97 89
97 97
97 99
97 105
97 109
97 112
97 115
97 116
97 117
97 119
97 120
97 122
97 129
97 130
97 131
97 145
97 147
97 148
97 149
97 157
97 158
97 169
97 175
97 176
97 178
97 179
97 182
97 188
97 190
97 195
97 199
97 200
98 1
98 2
98 7
98 10
98 11
98 17
98 21
98 22
98 23
98 27
98 29
98 37
98 41
98 47
98 48
98 53
98 56
98 57
98 61
98 68
98 72
98 76
98 77
98 81
98 86
98 89
98 92
98 94
98 95
98 100
98 104
98 107
98 108
98 114
98 118
98 119
98 123
98 126
98 128
98 129
98 131
98 132
98 134
98 142
98 144
98 145
98 152
98 159
98 164
98 166
98 167
98 170
98 172
98 173
98 174
98 176
98 178
98 181
98 182
98 190
98 191
98 192
98 193
98 196
99 1
99 2
99 4
99 10
99 11
99 12
99 20
99 28
99 40
99 44
99 55
99 63
99 69
99 72
99 76
99 81
99 82
99 86
99 87
99 88
99 89
99 91
99 98
99 100
99 101
99 106
99 110
99 113
99 115
99 116
99 119
99 122
99 123
99 126
99 128
99 129
99 133
99 134
99 138
99 141
99 142
99 144
99 148
99 151
99 154
99 158
99 161
99 164
99 167
99 176
99 179
99 185
99 186
99 189
99 191
100 1
100 3
100 6
100 7
100 8
100 12
100 16
100 19
100 23
100 24
100 25
100 27
100 29
100 30
100 31
100 32
100 36
100 39
100 47
100 49
100 50
100 51
100 53
100 57
100 62
100 63
100 67
100 69
100 71
100 72
100 79
100 84
100 86
100 90
100 93
100 94
100 95
100 100
100 102
100 106
100 109
100 110
100 114
100 117
100 123
100 124
100 134
100 136
100 137
100 140
100 143
100 144
100 149
100 152
100 155
100 159
100 164
100 167
100 172
100 176
100 180
100 182
100 186
100 187
100 188
100 193
100 194
100 198
101 2
101 3
101 5
101 7
101 8
101 10
101 12
101 14
101 15
101 16
101 20
101 22
101 23
101 24
101 25
101 26
101 28
101 36
101 41
101 48
101 54
101 56
101 60
101 61
101 63
101 70
101 71
101 73
101 80
101 82
101 85
101 88
101 89
101 93
101 95
101 100
101 101
101 105
101 106
101 115
101 120
101 121
101 125
101 127
101 133
101 135
101 136
101 139
101 148
101 154
101 155
101 157
101 164
101 167
101 168
101 172
101 175
101 178
101 179
101 182
101 187
101 195
101 196
101 197
101 199
102 1
102 3
102 6
102 13
102 15
102 16
102 19
102 31
102 32
102 35
102 37
102 38
102 39
102 40
102 41
102 43
102 52
102 53
102 54
102 65
102 74
102 86
102 94
102 95
102 96
102 104
102 106
102 109
102 110
102 112
102 119
102 121
102 124
102 125
102 127
102 128
102 133
102 140
102 141
102 144
102 145
102 146
102 151
102 161
102 162
102 166
102 169
102 179
102 180
102 186
102 191
102 192
102 193
102 194
102 195
102 197
103 1
103 3
103 8
103 11
103 12
103 13
103 14
103 15
103 17
103 18
103 19
103 20
103 22
103 24
103 30
103 33
103 35
103 43
103 44
103 45
103 46
103 57
103 61
103 67
103 70
103 75
103 77
103 89
103 93
103 96
103 102
103 104
103 106
103 107
103 113
103 114
103 115
103 118
103 119
103 122
103 127
103 132
103 133
103 134
103 137
103 138
103 140
103 141
103 145
103 148
103 149
103 151
103 156
103 158
103 160
103 181
103 183
103 185
103 187
103 190
103 196
103 198
104 1
104 2
104 5
104 7
104 9
104 10
104 12
104 14
104 15
104 16
104 18
104 26
104 30
104 31
104 32
104 34
104 36
104 37
104 46
104 47
104 48
104 49
104 53
104 60
104 62
104 66
104 67
104 69
104 71
104 74
104 77
104 81
104 82
104 83
104 87
104 92
104 99
104 108
104 111
104 112
104 114
104 121
104 129
104 131
104 133
104 135
104 139
104 140
104 143
104 144
104 146
104 149
104 152
104 154
104 155
104 160
104 162
104 179
104 190
104 194
104 199
105 2
105 16
105 17
105 18
105 21
105 26
105 27
105 28
105 34
105 40
105 44
105 45
105 48
105 55
105 57
105 58
105 63
105 64
105 68
105 71
105 74
105 76
105 84
105 87
105 90
105 93
105 96
105 98
105 100
105 102
105 106
105 107
105 110
105 113
105 117
105 120
105 121
105 122
105 123
105 127
105 129
105 132
105 133
105 135
105 145
105 149
105 150
105 153
105 158
105 163
105 165
105 170
105 172
105 178
105 179
105 181
105 183
105 184
105 188
105 189
105 190
105 193
105 196
106 5
106 6
106 9
106 11
106 12
106 13
106 22
106 26
106 29
106 30
106 34
106 35
106 45
106 49
106 51
106 53
106 56
106 57
106 58
106 59
106 60
106 61
106 71
106 74
106 76
106 77
106 81
106 85
106 88
106 95
106 97
106 99
106 104
106 107
106 108
106 109
106 110
106 114
106 115
106 116
106 118
106 119
106 121
106 124
106 129
106 130
106 131
106 135
106 138
106 140
106 141
106 144
106 145
106 148
106 152
106 158
106 159
106 160
106 162
106 164
106 165
106 168
106 170
106 174
106 176
106 179
106 180
106 184
106 186
106 187
106 194
106 195
106 196
107 1
107 5
107 7
107 11
107 12
107 13
107 18
107 21
107 22
107 25
107 28
107 29
107 30
107 34
107 36
107 39
107 40
107 48
107 52
107 54
107 56
107 58
107 59
107 62
107 64
107 66
107 68
107 70
107 75
107 85
107 87
107 89
107 94
107 101
107 103
107 104
107 109
107 110
107 111
107 114
107 116
107 117
107 119
107 120
107 130
107 141
107 146
107 147
107 156
107 157
107 158
107 159
107 160
107 163
107 166
107 167
107 170
107 172
107 179
107 189
107 190
107 195
107 196
107 198
108 4
108 6
108 11
108 12
108 17
108 18
108 19
108 20
108 22
108 25
108 30
108 31
108 34
108 36
108 37
108 40
108 46
108 49
108 50
108 51
108 53
108 56
108 68
108 73
108 74
108 76
108 80
108 83
108 90
108 94
108 96
108 97
108 99
108 109
108 110
108 111
108 112
108 113
108 114
108 116
108 122
108 128
108 134
108 137
108 141
108 146
108 153
108 154
108 160
108 164
108 165
108 167
108 168
108 171
108 172
108 176
108 178
108 179
108 186
108 187
108 190
108 193
109 5
109 14
109 17
109 21
109 25
109 27
109 34
109 35
109 37
109 50
109 51
109 55
109 57
109 63
109 64
109 75
109 92
109 94
109 95
109 96
109 97
109 102
109 105
109 106
109 107
109 113
109 114
109 118
109 121
109 129
109 130
109 134
109 138
109 143
109 144
109 151
109 153
109 156
109 157
109 158
109 164
109 169
109 172
109 179
109 183
109 184
109 187
109 191
109 195
109 197
109 199
110 6
110 8
110 11
110 17
110 20
110 21
110 23
110 29
110 30
110 38
110 42
110 45
110 51
110 56
110 57
110 58
110 59
110 74
110 76
110 79
110 80
110 82
110 86
110 87
110 88
110 90
110 91
110 92
110 97
110 103
110 104
110 105
110 109
110 112
110 121
110 122
110 124
110 125
110 126
110 136
110 139
110 146
110 147
110 148
110 156
110 157
110 159
110 161
110 174
110 178
110 183
110 189
110 195
110 197
110 199
111 2
111 5
111 7
111 18
111 19
111 20
111 22
111 23
111 25
111 28
111 32
111 33
111 34
111 39
111 41
111 42
111 43
111 48
111 49
111 53
111 54
111 57
111 62
111 64
111 69
111 75
111 77
111 79
111 80
111 81
111 98
111 99
111 107
111 109
111 112
111 113
111 122
111 128
111 130
111 137
111 139
111 142
111 144
111 145
111 148
111 152
111 153
111 156
111 157
111 159
111 164
111 166
111 168
111 170
111 173
111 177
111 178
111 179
111 180
111 188
111 189
111 190
111 192
111 193
111 197
111 198
111 200
112 1
112 9
112 10
112 12
112 13
112 18
112 20
112 29
112 33
112 35
112 37
112 39
112 40
112 44
112 47
112 49
112 53
112 56
112 57
112 61
112 68
112 70
112 72
112 74
112 92
112 94
112 100
112 101
112 103
112 105
112 108
112 110
112 113
112 116
112 120
112 126
112 128
112 130
112 133
112 136
112 137
112 139
112 143
112 150
112 151
112 153
112 154
112 155
112 159
112 161
112 162
112 163
112 171
112 175
112 176
112 177
112 182
112 184
112 185
112 187
112 188
112 190
112 191
112 194
112 195
112 198
112 200
113 2
113 5
113 8
113 14
113 18
113 21
113 25
113 29
113 30
113 31
113 33
113 34
113 40
113 44
113 47
113 50
113 53
113 56
113 60
113 62
113 63
113 64
113 69
113 78
113 83
113 84
113 94
113 100
113 103
113 104
113 106
113 108
113 109
113 112
113 113
113 115
113 116
113 120
113 124
113 129
113 133
113 136
113 139
113 146
113 148
113 150
113 152
113 155
113 166
113 169
113 175
113 187
113 188
113 189
113 190
113 200
114 1
114 6
114 7
114 12
114 21
114 30
114 33
114 35
114 37
114 40
114 43
114 46
114 49
114 54
114 60
114 65
114 66
114 69
114 70
114 72
114 75
114 80
114 83
114 87
114 89
114 90
114 93
114 102
114 105
114 107
114 111
114 112
114 114
114 117
114 118
114 119
114 124
114 125
114 128
114 131
114 137
114 138
114 140
114 141
114 142
114 146
114 148
114 151
114 153
114 154
114 155
114 161
114 165
114 169
114 170
114 171
114 172
114 175
114 176
114 180
114 186
114 189
114 190
114 193
114 197
115 4
115 5
115 12
115 24
115 28
115 29
115 30
115 33
115 34
115 39
115 40
115 46
115 47
115 54
115 55
115 56
115 59
115 63
115 66
115 70
115 74
115 75
115 76
115 77
115 80
115 82
115 83
115 86
115 87
115 91
115 92
115 94
115 95
115 98
115 101
115 105
115 107
115 111
115 112
115 116
115 117
115 120
115 125
115 130
115 132
115 139
115 141
115 145
115 152
115 156
115 158
115 160
115 163
115 165
115 170
115 172
115 175
115 177
115 185
115 186
115 189
115 190
115 191
115 194
115 200
116 5
116 7
116 16
116 21
116 30
116 32
116 33
116 34
116 35
116 49
116 50
116 51
116 52
116 56
116 60
116 63
116 64
116 67
116 74
116 75
116 77
116 82
116 87
116 89
116 90
116 93
116 94
116 97
116 105
116 108
116 110
116 112
116 121
116 126
116 129
116 134
116 141
116 153
116 154
116 156
116 157
116 159
116 164
116 168
116 171
116 172
116 175
116 176
116 181
116 182
116 183
116 184
116 186
116 190
116 194
116 195
116 196
116 199
117 4
117 8
117 15
117 32
117 38
117 39
117 42
117 43
117 49
117 50
117 51
117 52
117 53
117 55
117 56
117 60
117 61
117 64
117 67
117 70
117 74
117 78
117 84
117 87
117 91
117 96
117 99
117 110
117 111
117 114
117 117
117 123
117 126
117 130
117 132
117 140
117 143
117 160
117 161
117 165
117 166
117 167
117 168
117 170
117 171
117 173
117 176
117 178
117 186
117 191
117 193
117 197
117 200
118 4
118 5
118 10
118 17
118 18
118 22
118 29
118 33
118 34
118 39
118 41
118 42
118 43
118 45
118 46
118 53
118 57
118 59
118 61
118 65
118 69
118 70
118 78
118 81
118 85
118 96
118 97
118 99
118 108
118 109
118 110
118 115
118 118
118 121
118 123
118 127
118 128
118 132
118 133
118 135
118 138
118 148
118 150
118 157
118 158
118 163
118 173
118 180
118 186
118 191
118 196
118 198
118 200
119 1
119 4
119 5
119 7
119 10
119 11
119 12
119 14
119 15
119 17
119 19
119 21
119 24
119 26
119 27
119 29
119 30
119 31
119 35
119 37
119 41
119 47
119 49
119 50
119 52
119 53
119 56
119 62
119 69
119 70
119 79
119 83
119 84
119 85
119 90
119 92
119 94
119 105
119 106
119 107
119 110
119 111
119 112
119 118
119 120
119 121
119 125
119 131
119 132
119 139
119 144
119 145
119 147
119 148
119 149
119 152
119 158
119 159
119 167
119 169
119 170
119 171
119 174
119 181
119 195
119 197
119 199
119 200
120 2
120 3
120 12
120 14
120 17
120 18
120 28
120 33
120 37
120 46
120 48
120 49
120 50
120 59
120 62
120 66
120 67
120 68
120 70
120 73
120 74
120 79
120 82
120 92
120 98
120 99
120 101
120 109
120 111
120 115
120 117
120 127
120 131
120 132
120 135
120 139
120 143
120 150
120 151
120 154
120 155
120 156
120 157
120 161
120 163
120 166
120 169
120 178
120 185
120 186
120 187
120 191
120 192
120 193
120 200
121 3
121 4
121 8
121 10
121 13
121 14
121 19
121 29
121 30
121 31
121 36
121 40
121 42
121 46
121 50
121 51
121 59
121 60
121 61
121 63
121 65
121 67
121 68
121 69
121 71
121 72
121 74
121 81
121 83
121 84
121 89
121 90
121 91
121 93
121 95
121 106
121 110
121 112
121 115
121 118
121 122
121 127
121 137
121 138
121 140
121 141
121 143
121 144
121 145
121 146
121 147
121 149
121 150
121 158
121 159
121 164
121 165
121 170
121 177
121 184
121 187
121 188
121 191
121 193
121 197
122 1
122 4
122 6
122 10
122 12
122 13
122 15
122 16
122 18
122 20
122 21
122 22
122 24
122 29
122 31
122 40
122 41
122 45
122 48
122 52
122 56
122 58
122 61
122 66
122 69
122 70
122 71
122 74
122 80
122 81
122 84
122 89
122 96
122 97
122 99
122 103
122 106
122 107
122 113
122 119
122 122
122 123
122 124
122 128
122 129
122 130
122 131
122 133
122 137
122 138
122 140
122 142
122 143
122 147
122 149
122 151
122 155
122 157
122 164
122 165
122 167
122 168
122 170
122 173
122 174
122 176
122 179
122 180
122 186
122 187
122 193
122 199
122 200
123 1
123 5
123 8
123 16
123 17
123 19
123 21
123 23
123 24
123 25
123 26
123 32
123 34
123 42
123 47
123 48
123 52
123 56
123 60
123 61
123 69
123 75
123 80
123 81
123 85
123 86
123 95
123 98
123 102
123 103
123 111
123 112
123 126
123 131
123 133
123 134
123 138
123 144
123 147
123 151
123 158
123 160
123 163
123 167
123 168
123 170
123 173
123 176
123 178
123 179
123 180
123 181
123 187
123 190
123 195
123 200
124 9
124 11
124 17
124 18
124 24
124 34
124 36
124 40
124 43
124 44
124 48
124 52
124 56
124 57
124 60
124 63
124 65
124 68
124 73
124 74
124 75
124 78
124 79
124 82
124 84
124 87
124 100
124 105
124 107
124 109
124 110
124 115
124 118
124 127
124 130
124 131
124 132
124 133
124 138
124 141
124 144
124 145
124 148
124 152
124 154
124 155
124 165
124 166
124 171
124 172
124 174
124 177
124 182
124 185
124 188
124 196
124 198
124 199
124 200
125 1
125 8
125 11
125 13
125 16
125 20
125 42
125 43
125 44
125 45
125 46
125 47
125 51
125 56
125 57
125 58
125 65
125 74
125 76
125 86
125 88
125 91
125 92
125 95
125 96
125 97
125 101
125 102
125 104
125 105
125 107
125 109
125 114
125 115
125 119
125 121
125 122
125 124
125 128
125 130
125 137
125 139
125 140
125 141
125 145
125 147
125 150
125 151
125 153
125 168
125 170
125 176
125 182
125 189
125 191
125 194
126 2
126 6
126 8
126 14
126 16
126 17
126 22
126 28
126 35
126 41
126 42
126 43
126 45
126 51
126 52
126 54
126 55
126 56
126 59
126 60
126 63
126 64
126 66
126 67
126 69
126 70
126 72
126 75
126 76
126 88
126 91
126 96
126 99
126 103
126 108
126 110
126 111
126 113
126 120
126 129
126 131
126 132
126 137
126 138
126 139
126 140
126 149
126 151
126 156
126 157
126 158
126 160
126 162
126 163
126 166
126 171
126 174
126 175
126 176
126 182
126 183
126 184
126 189
126 193
126 195
127 1
127 2
127 3
127 7
127 11
127 13
127 18
127 22
127 27
127 28
127 29
127 30
127 38
127 41
127 42
127 44
127 45
127 48
127 50
127 55
127 56
127 57
127 59
127 61
127 68
127 70
127 73
127 74
127 77
127 82
127 83
127 84
127 85
127 88
127 92
127 94
127 96
127 97
127 101
127 104
127 105
127 108
127 109
127 113
127 117
127 119
127 120
127 124
127 126
127 127
127 129
127 136
127 144
127 145
127 149
127 154
127 162
127 164
127 165
127 168
127 169
127 170
127 174
127 178
127 181
127 189
127 191
127 192
127 195
127 199
128 6
128 7
128 8
128 9
128 10
128 11
128 14
128 22
128 24
128 26
128 33
128 34
128 36
128 37
128 38
128 44
128 54
128 59
128 60
128 72
128 73
128 77
128 79
128 81
128 83
128 84
128 86
128 91
128 92
128 95
128 97
128 99
128 100
128 102
128 103
128 104
128 107
128 108
128 111
128 114
128 116
128 119
128 123
128 128
128 136
128 145
128 154
128 158
128 164
128 166
128 170
128 183
128 186
128 188
128 191
128 198
128 199
128 200
129 5
129 7
129 9
129 10
129 13
129 16
129 17
129 18
129 20
129 21
129 22
129 26
129 30
129 31
129 32
129 36
129 38
129 40
129 43
129 53
129 57
129 58
129 63
129 64
129 66
129 69
129 74
129 77
129 79
129 84
129 85
129 86
129 87
129 91
129 92
129 93
129 94
129 95
129 96
129 98
129 102
129 107
129 111
129 113
129 114
129 115
129 119
129 121
129 123
129 128
129 131
129 132
129 133
129 136
129 138
129 139
129 144
129 147
129 148
129 149
129 151
129 152
129 153
129 154
129 155
129 157
129 160
129 164
129 165
129 168
129 174
129 176
129 177
129 178
129 180
129 185
129 189
129 190
129 191
129 193
129 194
129 195
129 196
129 199
130 1
130 4
130 6
130 7
130 11
130 16
130 18
130 19
130 26
130 27
130 30
130 32
130 33
130 35
130 37
130 40
130 41
130 42
130 44
130 45
130 46
130 54
130 58
130 61
130 67
130 74
130 75
130 76
130 77
130 78
130 79
130 80
130 81
130 83
130 85
130 90
130 92
130 97
130 102
130 108
130 113
130 117
130 121
130 126
130 130
130 131
130 133
130 134
130 135
130 144
130 152
130 153
130 166
130 170
130 172
130 185
130 188
130 192
130 194
130 195
130 196
130 198
131 2
131 4
131 5
131 7
131 8
131 16
131 23
131 26
131 30
131 31
131 34
131 38
131 39
131 42
131 45
131 46
131 47
131 51
131 53
131 54
131 55
131 56
131 57
131 60
131 63
131 64
131 66
131 67
131 69
131 79
131 82
131 83
131 84
131 85
131 87
131 89
131 91
131 96
131 97
131 101
131 110
131 111
131 112
131 115
131 117
131 118
131 121
131 134
131 138
131 146
131 152
131 153
131 154
131 155
131 158
131 159
131 161
131 162
131 166
131 167
131 172
131 178
131 180
131 181
131 185
131 190
131 191
131 192
132 2
132 5
132 6
132 9
132 14
132 22
132 23
132 25
132 27
132 29
132 33
132 40
132 43
132 45
132 51
132 58
132 59
132 61
132 64
132 66
132 67
132 77
132 78
132 82
132 87
132 89
132 90
132 93
132 94
132 95
132 97
132 99
132 100
132 104
132 108
132 109
132 111
132 112
132 118
132 125
132 129
132 136
132 141
132 149
132 150
132 153
132 154
132 156
132 159
132 164
132 166
132 169
132 173
132 176
132 177
132 182
132 189
132 191
132 193
132 196
133 5
133 7
133 8
133 14
133 16
133 17
133 21
133 23
133 25
133 33
133 34
133 37
133 38
133 41
133 43
133 44
133 46
133 50
133 52
133 57
133 62
133 67
133 73
133 76
133 79
133 80
133 84
133 87
133 89
133 93
133 94
133 96
133 97
133 98
133 101
133 104
133 106
133 108
133 118
133 120
133 124
133 125
133 126
133 134
133 139
133 144
133 145
133 148
133 152
133 162
133 166
133 169
133 170
133 171
133 173
133 174
133 177
133 180
133 182
133 183
133 184
133 186
133 188
133 191
133 194
133 197
133 198
133 199
133 200
134 6
134 10
134 17
134 18
134 19
134 23
134 26
134 32
134 33
134 36
134 43
134 46
134 48
134 51
134 52
134 53
134 55
134 62
134 63
134 66
134 69
134 70
134 80
134 84
134 90
134 96
134 100
134 103
134 106
134 108
134 112
134 120
134 129
134 131
134 133
134 138
134 139
134 142
134 144
134 149
134 152
134 156
134 157
134 159
134 162
134 164
134 167
134 170
134 176
134 180
134 182
134 184
134 185
134 186
134 188
134 189
134 194
135 1
135 2
135 4
135 9
135 11
135 14
135 19
135 21
135 25
135 30
135 31
135 33
135 35
135 36
135 37
135 38
135 42
135 43
135 44
135 46
135 57
135 59
135 63
135 65
135 74
135 80
135 82
135 85
135 90
135 93
135 94
135 96
135 97
135 101
135 102
135 103
135 104
135 106
135 108
135 109
135 113
135 114
135 123
135 127
135 130
135 132
135 134
135 138
135 145
135 150
135 152
135 154
135 156
135 158
135 159
135 160
135 166
135 170
135 178
135 179
135 184
135 185
135 187
135 194
135 200
136 3
136 6
136 7
136 12
136 25
136 28
136 35
136 39
136 40
136 41
136 42
136 46
136 49
136 50
136 56
136 58
136 59
136 65
136 66
136 67
136 69
136 71
136 72
136 73
136 74
136 76
136 86
136 88
136 91
136 93
136 96
136 97
136 102
136 103
136 106
136 107
136 113
136 116
136 118
136 120
136 121
136 126
136 139
136 145
136 146
136 148
136 155
136 156
136 157
136 158
136 159
136 160
136 161
136 165
136 167
136 168
136 169
136 171
136 174
136 182
136 186
136 191
136 193
136 194
136 195
136 197
136 198
137 4
137 8
137 9
137 10
137 15
137 21
137 23
137 25
137 26
137 30
137 47
137 48
137 54
137 56
137 59
137 65
137 67
137 68
137 72
137 74
137 78
137 84
137 87
137 88
137 89
137 90
137 91
137 98
137 106
137 108
137 110
137 112
137 115
137 118
137 119
137 121
137 122
137 124
137 126
137 131
137 139
137 142
137 147
137 149
137 156
137 162
137 166
137 167
137 168
137 172
137 174
137 178
137 183
137 184
137 185
137 186
137 195
137 199
137 200
138 1
138 2
138 3
138 7
138 12
138 13
138 20
138 26
138 28
138 31
138 35
138 41
138 46
138 47
138 49
138 52
138 53
138 55
138 57
138 59
138 60
138 65
138 67
138 69
138 73
138 74
138 78
138 80
138 83
138 88
138 90
138 96
138 97
138 108
138 116
138 125
138 139
138 140
138 142
138 146
138 147
138 153
138 159
138 164
138 165
138 174
138 177
138 178
138 182
138 188
138 190
138 193
138 195
138 196
138 200
139 1
139 2
139 4
139 6
139 8
139 11
139 13
139 25
139 26
139 28
139 32
139 33
139 38
139 39
139 42
139 45
139 52
139 58
139 60
139 61
139 62
139 63
139 69
139 70
139 71
139 73
139 75
139 83
139 85
139 90
139 94
139 95
139 98
139 103
139 105
139 106
139 107
139 113
139 114
139 118
139 119
139 125
139 126
139 131
139 145
139 146
139 147
139 149
139 150
139 151
139 157
139 164
139 173
139 179
139 181
139 183
139 184
139 185
139 186
139 187
139 190
139 198
139 199
140 5
140 11
140 13
140 16
140 21
140 23
140 25
140 31
140 39
140 41
140 43
140 45
140 46
140 69
140 75
140 76
140 78
140 83
140 87
140 89
140 92
140 93
140 94
140 96
140 100
140 103
140 105
140 107
140 108
140 110
140 113
140 116
140 118
140 126
140 127
140 128
140 130
140 135
140 137
140 139
140 141
140 142
140 152
140 153
140 158
140 161
140 164
140 166
140 171
140 172
140 183
140 192
140 195
140 198
141 4
141 8
141 12
141 16
141 22
141 33
141 35
141 37
141 39
141 44
141 45
141 46
141 47
141 49
141 53
141 54
141 56
141 63
141 65
141 74
141 75
141 76
141 77
141 78
141 79
141 82
141 83
141 88
141 90
141 96
141 98
141 104
141 105
141 106
141 109
141 110
141 112
141 123
141 126
141 130
141 132
141 137
141 138
141 148
141 152
141 153
141 154
141 158
141 165
141 166
141 180
141 183
141 192
141 196
142 1
142 5
142 8
142 9
142 14
142 21
142 26
142 29
142 39
142 40
142 41
142 43
142 47
142 48
142 50
142 54
142 61
142 69
142 74
142 75
142 81
142 88
142 93
142 94
142 95
142 96
142 101
142 108
142 109
142 111
142 115
142 116
142 118
142 122
142 124
142 126
142 133
142 134
142 136
142 140
142 141
142 144
142 147
142 154
142 157
142 158
142 162
142 167
142 168
142 169
142 171
142 172
142 176
142 179
142 185
142 186
142 198
143 2
143 3
143 5
143 6
143 7
143 10
143 15
143 16
143 17
143 20
143 23
143 24
143 28
143 29
143 33
143 34
143 45
143 48
143 55
143 58
143 62
143 65
143 66
143 69
143 71
143 74
143 81
143 86
143 94
143 96
143 103
143 104
143 106
143 108
143 115
143 117
143 123
143 127
143 133
143 137
143 138
143 139
143 140
143 141
143 143
143 145
143 146
143 147
143 149
143 150
143 151
143 153
143 154
143 157
143 159
143 161
143 164
143 165
143 168
143 170
143 174
143 177
143 181
143 183
143 184
143 187
143 188
143 192
143 196
143 198
143 200
144 8
144 10
144 11
144 12
144 16
144 18
144 19
144 30
144 34
144 36
144 37
144 42
144 45
144 46
144 54
144 59
144 61
144 63
144 65
144 67
144 68
144 73
144 75
144 76
144 84
144 86
144 87
144 95
144 96
144 97
144 100
144 106
144 111
144 113
144 118
144 122
144 127
144 128
144 131
144 142
144 149
144 153
144 158
144 164
144 165
144 166
144 168
144 170
144 171
144 173
144 181
144 182
144 185
144 199
145 5
145 8
145 9
145 10
145 14
145 16
145 20
145 21
145 24
145 26
145 30
145 34
145 37
145 39
145 41
145 45
145 46
145 53
145 60
145 61
145 62
145 64
145 67
145 68
145 69
145 80
145 84
145 86
145 87
145 90
145 92
145 94
145 97
145 101
145 104
145 109
145 113
145 115
145 116
145 119
145 123
145 133
145 135
145 137
145 139
145 141
145 143
145 144
145 148
145 155
145 158
145 160
145 164
145 167
145 169
145 174
145 178
145 179
145 184
145 186
145 187
145 190
145 196
145 198
145 199
145 200
146 5
146 6
146 10
146 11
146 14
146 18
146 20
146 23
146 24
146 28
146 30
146 37
146 40
146 50
146 56
146 65
146 82
146 85
146 88
146 92
146 94
146 96
146 100
146 104
146 115
146 118
146 121
146 131
146 134
146 135
146 137
146 139
146 146
146 148
146 151
146 155
146 160
146 161
146 169
146 170
146 172
146 173
146 175
146 177
146 186
146 192
146 193
146 198
147 1
147 4
147 6
147 7
147 11
147 12
147 13
147 17
147 19
147 21
147 27
147 30
147 31
147 32
147 36
147 41
147 42
147 45
147 50
147 53
147 56
147 60
147 61
147 62
147 63
147 65
147 67
147 70
147 73
147 80
147 81
147 84
147 87
147 90
147 94
147 98
147 102
147 108
147 109
147 117
147 118
147 119
147 121
147 123
147 125
147 128
147 131
147 135
147 136
147 137
147 140
147 145
147 150
147 154
147 156
147 159
147 160
147 161
147 163
147 169
147 170
147 173
147 174
147 178
147 180
147 182
147 183
147 186
147 190
147 191
147 193
147 195
147 196
147 197
147 200
148 5
148 6
148 7
148 13
148 16
148 18
148 21
148 23
148 26
148 27
148 28
148 30
148 34
148 43
148 51
148 54
148 61
148 65
148 69
148 71
148 73
148 77
148 86
148 90
148 100
148 104
148 105
148 109
148 111
148 114
148 116
148 121
148 122
148 123
148 127
148 128
148 135
148 140
148 142
148 144
148 147
148 153
148 155
148 157
148 162
148 163
148 166
148 171
148 174
148 177
148 178
148 180
148 188
148 189
148 197
148 200
149 8
149 13
149 15
149 24
149 27
149 31
149 33
149 34
149 42
149 44
149 46
149 49
149 52
149 64
149 70
149 74
149 82
149 84
149 91
149 93
149 97
149 98
149 101
149 103
149 114
149 115
149 118
149 120
149 129
149 130
149 132
149 135
149 140
149 141
149 143
149 145
149 148
149 149
149 150
149 154
149 155
149 156
149 158
149 159
149 160
149 164
149 165
149 166
149 169
149 174
149 176
149 184
149 187
149 189
149 190
149 193
149 197
149 199
150 1
150 2
150 3
150 8
150 13
150 16
150 19
150 23
150 31
150 36
150 41
150 44
150 45
150 46
150 50
150 59
150 67
150 69
150 73
150 76
150 83
150 90
150 92
150 102
150 104
150 108
150 109
150 115
150 120
150 126
150 127
150 131
150 136
150 137
150 138
150 140
150 142
150 144
150 148
150 149
150 157
150 160
150 163
150 164
150 165
150 166
150 171
150 172
150 181
150 188
150 190
150 192
150 196
150 199
151 7
151 9
151 12
151 13
151 23
151 37
151 39
151 43
151 47
151 48
151 52
151 53
151 54
151 58
151 61
151 62
151 63
151 65
151 67
151 71
151 75
151 76
151 77
151 80
151 81
151 83
151 84
151 88
151 92
151 93
151 96
151 100
151 102
151 104
151 108
151 113
151 118
151 120
151 125
151 127
151 129
151 137
151 139
151 140
151 142
151 143
151 152
151 154
151 169
151 173
151 174
151 178
151 180
151 182
151 190
151 197
152 6
152 9
152 15
152 24
152 27
152 34
152 36
152 42
152 44
152 47
152 51
152 52
152 53
152 56
152 59
152 65
152 70
152 71
152 81
152 82
152 104
152 113
152 132
152 133
152 140
152 142
152 143
152 145
152 153
152 155
152 164
152 178
152 181
152 182
152 185
152 188
152 191
152 195
152 196
152 200
153 7
153 8
153 16
153 17
153 19
153 21
153 23
153 29
153 38
153 50
153 51
153 53
153 54
153 64
153 67
153 68
153 70
153 71
153 72
153 75
153 81
153 91
153 92
153 95
153 96
153 97
153 100
153 102
153 104
153 109
153 110
153 113
153 119
153 121
153 122
153 128
153 130
153 132
153 133
153 136
153 137
153 141
153 142
153 143
153 146
153 147
153 148
153 151
153 152
153 153
153 156
153 158
153 176
153 178
153 179
153 181
153 196
153 200
154 11
154 12
154 18
154 19
154 20
154 21
154 24
154 27
154 28
154 33
154 35
154 40
154 45
154 46
154 48
154 49
154 70
154 72
154 84
154 87
154 91
154 94
154 95
154 101
154 102
154 107
154 109
154 110
154 113
154 114
154 120
154 122
154 123
154 130
154 131
154 136
154 139
154 140
154 149
154 153
154 156
154 157
154 159
154 161
154 164
154 168
154 169
154 171
154 172
154 179
154 182
154 184
154 186
154 192
154 194
155 8
155 13
155 14
155 15
155 17
155 24
155 27
155 28
155 30
155 32
155 34
155 37
155 39
155 41
155 42
155 43
155 48
155 49
155 50
155 51
155 67
155 68
155 70
155 71
155 72
155 75
155 77
155 84
155 92
155 93
155 96
155 98
155 99
155 102
155 104
155 106
155 107
155 111
155 112
155 115
155 121
155 122
155 124
155 130
155 133
155 139
155 140
155 142
155 143
155 145
155 148
155 150
155 152
155 155
155 156
155 163
155 167
155 171
155 172
155 179
155 180
155 181
155 184
155 186
155 188
155 192
155 199
155 200
156 1
156 2
156 10
156 14
156 16
156 18
156 19
156 21
156 24
156 25
156 34
156 39
156 41
156 48
156 49
156 50
156 52
156 54
156 55
156 58
156 70
156 77
156 83
156 84
156 88
156 89
156 90
156 96
156 103
156 110
156 114
156 118
156 120
156 121
156 122
156 123
156 129
156 131
156 134
156 135
156 141
156 146
156 149
156 150
156 151
156 152
156 156
156 157
156 158
156 160
156 165
156 167
156 171
156 172
156 174
156 175
156 176
156 178
156 181
156 186
156 187
156 198
156 199
157 1
157 3
157 8
157 11
157 14
157 15
157 16
157 18
157 19
157 21
157 31
157 32
157 35
157 38
157 43
157 45
157 47
157 48
157 51
157 55
157 59
157 60
157 62
157 63
157 65
157 72
157 74
157 78
157 81
157 82
157 84
157 88
157 95
157 96
157 99
157 105
157 107
157 111
157 112
157 113
157 119
157 120
157 124
157 129
157 130
157 136
157 140
157 144
157 145
157 150
157 152
157 153
157 155
157 165
157 167
157 171
157 173
157 174
157 176
157 186
157 187
157 188
157 191
157 197
158 11
158 12
158 13
158 17
158 18
158 24
158 25
158 26
158 28
158 29
158 35
158 38
158 40
158 47
158 48
158 54
158 55
158 59
158 61
158 62
158 70
158 72
158 73
158 79
158 80
158 84
158 85
158 89
158 93
158 96
158 98
158 100
158 102
158 104
158 107
158 109
158 110
158 114
158 115
158 118
158 121
158 123
158 124
158 128
158 130
158 131
158 135
158 136
158 139
158 141
158 143
158 144
158 146
158 148
158 151
158 153
158 156
158 160
158 162
158 165
158 166
158 170
158 173
158 174
158 175
158 179
158 186
158 188
158 190
158 194
158 199
159 3
159 4
159 8
159 11
159 15
159 19
159 23
159 25
159 27
159 29
159 35
159 39
159 40
159 42
159 46
159 47
159 54
159 60
159 62
159 70
159 72
159 74
159 78
159 83
159 86
159 87
159 89
159 91
159 95
159 100
159 112
159 117
159 125
159 129
159 130
159 131
159 133
159 135
159 137
159 139
159 153
159 161
159 163
159 166
159 167
159 169
159 185
159 186
159 188
159 199
160 1
160 5
160 7
160 10
160 12
160 13
160 14
160 17
160 19
160 30
160 31
160 45
160 48
160 52
160 54
160 56
160 61
160 68
160 71
160 73
160 74
160 84
160 85
160 86
160 89
160 93
160 95
160 96
160 110
160 119
160 124
160 125
160 126
160 129
160 133
160 137
160 138
160 145
160 146
160 149
160 150
160 152
160 153
160 158
160 162
160 169
160 179
160 186
160 187
160 196
160 198
