32 40 797
1 1
1 2
1 4
1 6
1 7
1 9
1 10
1 11
1 12
1 13
1 15
1 16
1 18
1 19
1 21
1 24
1 25
1 26
1 28
1 29
1 30
1 36
1 37
1 39
1 40
2 3
2 8
2 10
2 11
2 14
2 16
2 17
2 21
2 22
2 25
2 26
2 28
2 30
2 32
2 33
2 35
2 37
2 39
3 1
3 3
3 4
3 7
3 8
3 10
3 11
3 14
3 15
3 16
3 18
3 19
3 22
3 23
3 24
3 25
3 26
3 28
3 30
3 31
3 33
3 35
3 36
3 37
3 39
3 40
4 1
4 2
4 3
4 7
4 8
4 12
4 13
4 14
4 15
4 16
4 18
4 19
4 20
4 21
4 22
4 23
4 25
4 26
4 29
4 31
4 32
4 33
4 34
4 36
4 37
4 39
4 40
5 2
5 3
5 4
5 6
5 7
5 8
5 9
5 11
5 12
5 13
5 18
5 19
5 21
5 22
5 23
5 24
5 26
5 28
5 29
5 32
5 35
5 36
5 37
5 38
5 40
6 1
6 3
6 4
6 6
6 7
6 10
6 11
6 12
6 13
6 14
6 15
6 16
6 17
6 18
6 20
6 21
6 23
6 24
6 25
6 26
6 27
6 28
6 30
6 31
6 32
6 35
6 38
6 39
6 40
7 2
7 3
7 4
7 5
7 7
7 9
7 11
7 12
7 16
7 17
7 18
7 20
7 23
7 24
7 29
7 30
7 37
7 40
8 1
8 2
8 4
8 5
8 6
8 7
8 8
8 9
8 11
8 12
8 13
8 19
8 20
8 21
8 22
8 24
8 25
8 26
8 31
8 32
8 34
8 35
8 36
8 39
8 40
9 3
9 5
9 7
9 12
9 14
9 15
9 17
9 18
9 19
9 22
9 24
9 25
9 26
9 27
9 33
9 34
9 35
9 38
9 39
10 3
10 4
10 6
10 7
10 8
10 9
10 11
10 12
10 14
10 17
10 20
10 21
10 22
10 25
10 26
10 29
10 31
10 32
10 33
10 34
10 35
10 36
10 37
10 39
10 40
11 1
11 3
11 4
11 5
11 6
11 10
11 11
11 12
11 13
11 14
11 16
11 18
11 19
11 21
11 22
11 24
11 25
11 28
11 29
11 30
11 33
11 35
11 36
11 37
11 38
11 40
12 2
12 5
12 6
12 7
12 8
12 9
12 11
12 13
12 14
12 16
12 17
12 19
12 20
12 21
12 26
12 27
12 28
12 29
12 30
12 31
12 34
12 35
12 36
12 37
12 38
12 40
13 1
13 2
13 5
13 6
13 8
13 10
13 11
13 12
13 13
13 14
13 15
13 16
13 17
13 18
13 19
13 20
13 24
13 25
13 26
13 28
13 29
13 30
13 32
13 36
13 37
13 38
13 39
13 40
14 2
14 4
14 7
14 9
14 10
14 11
14 13
14 15
14 16
14 17
14 19
14 20
14 21
14 25
14 26
14 29
14 30
14 31
14 32
14 33
14 34
14 36
14 37
14 39
14 40
15 1
15 2
15 3
15 5
15 7
15 9
15 11
15 12
15 13
15 14
15 17
15 20
15 22
15 23
15 24
15 26
15 30
15 32
15 33
15 34
15 36
15 38
15 39
16 1
16 2
16 4
16 5
16 6
16 7
16 9
16 10
16 12
16 13
16 14
16 15
16 17
16 19
16 22
16 23
16 24
16 26
16 27
16 28
16 29
16 30
16 31
16 32
16 33
16 34
16 35
16 36
16 37
16 39
17 3
17 4
17 5
17 6
17 9
17 10
17 11
17 13
17 15
17 16
17 17
17 18
17 19
17 21
17 22
17 24
17 27
17 29
17 31
17 32
17 33
17 34
17 35
17 37
17 38
17 40
18 1
18 2
18 3
18 4
18 5
18 6
18 7
18 8
18 9
18 10
18 11
18 12
18 13
18 14
18 15
18 16
18 17
18 18
18 19
18 22
18 24
18 25
18 27
18 28
18 29
18 30
18 32
18 33
18 34
18 35
18 36
18 38
18 39
19 1
19 3
19 5
19 6
19 7
19 8
19 9
19 10
19 11
19 13
19 16
19 19
19 20
19 22
19 23
19 26
19 27
19 28
19 30
19 31
19 32
19 33
19 34
19 35
19 36
19 37
19 40
20 1
20 2
20 5
20 6
20 7
20 8
20 10
20 13
20 17
20 18
20 19
20 20
20 21
20 22
20 24
20 27
20 29
20 30
20 32
20 34
20 38
20 39
20 40
21 3
21 4
21 7
21 8
21 9
21 10
21 11
21 12
21 13
21 15
21 19
21 20
21 21
21 22
21 26
21 27
21 28
21 33
21 34
21 35
21 36
21 37
21 38
21 39
21 40
22 1
22 4
22 5
22 7
22 9
22 11
22 12
22 13
22 15
22 16
22 19
22 20
22 22
22 23
22 25
22 28
22 31
22 32
22 33
22 34
22 35
22 38
23 2
23 3
23 4
23 6
23 9
23 10
23 11
23 12
23 13
23 15
23 16
23 22
23 23
23 26
23 29
23 30
23 32
23 34
23 36
23 37
23 40
24 1
24 3
24 6
24 7
24 8
24 10
24 13
24 14
24 16
24 17
24 18
24 19
24 20
24 22
24 23
24 25
24 26
24 27
24 29
24 30
24 34
24 35
24 37
24 38
25 1
25 3
25 4
25 6
25 12
25 13
25 14
25 15
25 17
25 19
25 20
25 21
25 22
25 23
25 24
25 25
25 26
25 28
25 29
25 32
25 34
25 36
25 37
25 38
25 39
25 40
26 2
26 4
26 5
26 6
26 7
26 8
26 9
26 10
26 11
26 14
26 15
26 16
26 19
26 24
26 25
26 26
26 27
26 28
26 29
26 31
26 33
26 36
26 37
26 39
26 40
27 2
27 3
27 5
27 7
27 9
27 10
27 11
27 13
27 14
27 15
27 18
27 22
27 25
27 26
27 27
27 28
27 31
27 32
27 33
27 34
27 36
27 37
27 38
27 39
27 40
28 2
28 4
28 7
28 8
28 9
28 10
28 12
28 13
28 16
28 17
28 20
28 22
28 23
28 24
28 26
28 27
28 28
28 31
28 33
28 35
28 36
28 37
28 39
28 40
29 1
29 3
29 4
29 6
29 7
29 8
29 10
29 11
29 12
29 14
29 17
29 19
29 20
29 21
29 22
29 23
29 25
29 26
29 27
29 29
29 30
29 31
29 33
29 34
29 35
29 37
29 38
29 40
30 1
30 2
30 3
30 4
30 6
30 8
30 9
30 12
30 13
30 14
30 17
30 19
30 20
30 21
30 23
30 24
30 26
30 27
30 29
30 30
30 31
30 33
30 34
30 35
30 37
30 38
30 39
31 1
31 3
31 4
31 6
31 7
31 9
31 15
31 16
31 18
31 19
31 20
31 21
31 22
31 23
31 24
31 25
31 26
31 28
31 30
31 32
31 36
31 38
32 1
32 4
32 5
32 6
32 7
32 8
32 9
32 10
32 11
32 12
32 13
32 17
32 21
32 24
32 26
32 27
32 28
32 30
32 31
32 32
32 34
32 35
32 36
32 39
