32 40 372
1 2
1 3
1 5
1 7
1 11
1 12
1 13
1 14
1 23
1 25
1 30
1 34
1 37
1 39
2 4
2 6
2 7
2 9
2 18
2 19
2 20
2 22
2 28
2 31
2 32
2 38
2 40
3 1
3 5
3 7
3 8
3 9
3 11
3 12
3 14
3 16
3 21
3 25
3 29
3 31
3 36
4 3
4 5
4 6
4 11
4 15
4 25
4 28
4 30
4 34
4 38
5 5
5 7
5 8
5 15
5 16
5 24
5 28
5 29
5 33
5 34
5 35
5 36
5 40
6 5
6 12
6 13
6 14
6 16
6 19
6 20
6 21
6 25
6 29
6 40
7 2
7 6
7 7
7 9
7 11
7 16
7 20
7 25
7 27
7 28
7 36
7 39
7 40
8 9
8 14
8 21
8 25
8 26
8 29
8 31
8 37
8 40
9 1
9 4
9 5
9 7
9 10
9 17
9 24
9 29
9 31
10 1
10 3
10 7
10 9
10 17
10 19
10 21
10 27
10 32
10 35
10 36
10 40
11 1
11 3
11 7
11 8
11 9
11 11
11 13
11 14
11 15
11 18
11 20
11 35
11 38
11 40
12 2
12 12
12 16
12 26
12 28
12 32
12 35
12 37
13 5
13 7
13 9
13 12
13 16
13 20
13 21
13 25
13 27
13 28
13 38
14 7
14 11
14 12
14 14
14 16
14 17
14 22
14 23
14 24
14 25
14 27
14 35
14 38
15 1
15 4
15 7
15 8
15 9
15 12
15 14
15 15
15 21
15 23
15 26
15 28
15 30
15 37
16 1
16 4
16 9
16 15
16 19
16 22
16 35
16 40
17 1
17 3
17 7
17 10
17 14
17 15
17 18
17 26
17 28
17 33
17 35
17 40
18 5
18 6
18 10
18 16
18 20
18 27
18 29
18 34
18 36
19 12
19 18
19 19
19 24
19 26
19 27
19 29
19 32
19 35
19 39
20 5
20 6
20 8
20 9
20 11
20 20
20 21
20 23
20 25
20 27
20 28
20 30
20 33
20 36
20 37
20 38
20 39
21 2
21 4
21 8
21 12
21 15
21 23
21 25
21 27
21 30
22 1
22 8
22 9
22 11
22 16
22 18
22 25
22 28
22 30
22 33
22 37
22 39
23 6
23 12
23 15
23 20
23 25
23 26
23 27
23 31
23 34
23 38
23 39
24 4
24 5
24 10
24 15
24 18
24 21
24 22
24 25
24 31
24 33
24 34
24 38
24 39
25 1
25 3
25 6
25 7
25 11
25 12
25 13
25 20
25 30
25 35
25 37
26 4
26 13
26 18
26 22
26 23
26 35
26 40
27 1
27 5
27 8
27 13
27 19
27 22
27 23
27 25
27 26
27 30
27 32
27 33
27 34
27 35
27 37
27 40
28 1
28 4
28 7
28 8
28 11
28 14
28 15
28 20
28 23
28 24
28 31
28 32
28 40
29 4
29 7
29 11
29 12
29 19
29 36
30 6
30 15
30 16
30 17
30 19
30 21
30 22
30 28
30 29
30 30
30 36
31 2
31 7
31 8
31 14
31 15
31 16
31 18
31 21
31 25
31 31
31 32
31 34
31 38
31 40
32 8
32 9
32 10
32 13
32 19
32 24
32 26
32 27
32 28
32 32
32 36
32 37
32 38
32 39
32 40
