112 140 9299
1 1
1 4
1 6
1 7
1 8
1 9
1 12
1 13
1 14
1 15
1 16
1 20
1 21
1 22
1 24
1 30
1 31
1 34
1 36
1 37
1 38
1 39
1 40
1 41
1 42
1 43
1 44
1 45
1 46
1 47
1 48
1 50
1 51
1 54
1 55
1 57
1 58
1 59
1 60
1 61
1 62
1 63
1 65
1 66
1 68
1 70
1 71
1 73
1 74
1 75
1 76
1 77
1 79
1 80
1 81
1 82
1 83
1 84
1 85
1 86
1 88
1 89
1 90
1 91
1 94
1 96
1 97
1 98
1 99
1 101
1 104
1 105
1 106
1 107
1 110
1 113
1 114
1 116
1 117
1 118
1 119
1 120
1 121
1 122
1 125
1 126
1 128
1 129
1 134
1 135
1 136
1 137
1 138
1 140
2 1
2 2
2 3
2 5
2 6
2 7
2 8
2 9
2 11
2 14
2 16
2 17
2 18
2 20
2 21
2 22
2 24
2 26
2 27
2 29
2 30
2 31
2 32
2 34
2 35
2 36
2 38
2 40
2 41
2 42
2 43
2 44
2 45
2 47
2 49
2 50
2 51
2 52
2 53
2 55
2 57
2 58
2 59
2 60
2 61
2 62
2 63
2 65
2 66
2 67
2 70
2 72
2 74
2 75
2 77
2 78
2 81
2 82
2 84
2 85
2 86
2 87
2 89
2 90
2 91
2 93
2 95
2 99
2 100
2 101
2 102
2 103
2 106
2 108
2 109
2 111
2 113
2 115
2 116
2 119
2 122
2 123
2 124
2 125
2 127
2 128
2 129
2 130
2 132
2 133
2 134
2 135
2 137
2 138
2 139
2 140
3 1
3 2
3 3
3 5
3 6
3 7
3 8
3 9
3 11
3 13
3 14
3 15
3 16
3 18
3 20
3 21
3 22
3 23
3 24
3 25
3 27
3 28
3 29
3 31
3 32
3 33
3 34
3 37
3 38
3 39
3 40
3 41
3 42
3 45
3 46
3 49
3 50
3 53
3 54
3 59
3 62
3 65
3 66
3 69
3 70
3 72
3 73
3 74
3 75
3 76
3 79
3 80
3 81
3 83
3 84
3 85
3 86
3 88
3 91
3 92
3 94
3 95
3 96
3 98
3 102
3 103
3 104
3 106
3 107
3 111
3 112
3 113
3 115
3 117
3 118
3 119
3 121
3 123
3 126
3 129
3 132
3 133
3 134
3 136
3 140
4 3
4 4
4 5
4 6
4 7
4 8
4 9
4 11
4 12
4 13
4 17
4 18
4 19
4 20
4 21
4 22
4 23
4 24
4 27
4 28
4 29
4 30
4 32
4 33
4 34
4 35
4 36
4 37
4 38
4 39
4 42
4 43
4 44
4 45
4 46
4 47
4 48
4 50
4 51
4 52
4 53
4 54
4 55
4 59
4 60
4 62
4 64
4 65
4 66
4 67
4 68
4 69
4 70
4 73
4 74
4 75
4 76
4 78
4 83
4 84
4 85
4 89
4 90
4 91
4 92
4 93
4 94
4 95
4 96
4 97
4 98
4 99
4 100
4 101
4 105
4 106
4 107
4 108
4 109
4 110
4 112
4 115
4 116
4 117
4 118
4 119
4 120
4 122
4 123
4 124
4 125
4 126
4 127
4 128
4 131
4 132
4 133
4 135
4 136
4 138
4 140
5 1
5 7
5 8
5 9
5 11
5 12
5 13
5 15
5 16
5 18
5 21
5 23
5 26
5 27
5 29
5 30
5 31
5 33
5 37
5 38
5 39
5 40
5 41
5 42
5 44
5 45
5 50
5 52
5 53
5 54
5 56
5 58
5 59
5 61
5 62
5 63
5 64
5 67
5 68
5 71
5 72
5 74
5 77
5 81
5 83
5 84
5 89
5 91
5 92
5 93
5 95
5 96
5 97
5 100
5 102
5 108
5 111
5 112
5 114
5 115
5 116
5 117
5 118
5 119
5 120
5 121
5 122
5 123
5 124
5 125
5 126
5 129
5 130
5 131
5 133
5 134
5 136
5 137
5 138
5 139
5 140
6 1
6 2
6 3
6 5
6 6
6 8
6 9
6 10
6 11
6 12
6 15
6 16
6 17
6 18
6 20
6 21
6 23
6 25
6 26
6 27
6 28
6 30
6 31
6 33
6 34
6 40
6 42
6 43
6 44
6 45
6 48
6 51
6 53
6 54
6 55
6 56
6 57
6 58
6 59
6 60
6 61
6 62
6 66
6 70
6 71
6 72
6 73
6 74
6 77
6 78
6 79
6 82
6 88
6 89
6 90
6 91
6 95
6 96
6 98
6 105
6 106
6 107
6 110
6 116
6 118
6 121
6 122
6 123
6 124
6 125
6 126
6 127
6 128
6 132
6 133
6 134
6 135
6 140
7 1
7 2
7 4
7 7
7 8
7 9
7 14
7 15
7 17
7 18
7 21
7 23
7 26
7 28
7 32
7 33
7 34
7 35
7 36
7 39
7 40
7 41
7 43
7 44
7 46
7 47
7 48
7 50
7 52
7 54
7 58
7 61
7 62
7 63
7 64
7 65
7 66
7 71
7 72
7 73
7 75
7 77
7 78
7 79
7 81
7 82
7 83
7 86
7 91
7 92
7 95
7 96
7 97
7 100
7 101
7 103
7 104
7 105
7 106
7 107
7 109
7 111
7 115
7 116
7 117
7 119
7 120
7 121
7 122
7 124
7 125
7 126
7 127
7 131
7 132
7 134
7 135
7 137
7 138
7 140
8 2
8 3
8 8
8 11
8 14
8 15
8 17
8 18
8 19
8 20
8 22
8 24
8 26
8 27
8 28
8 30
8 31
8 32
8 37
8 38
8 41
8 42
8 43
8 44
8 45
8 46
8 47
8 49
8 50
8 51
8 52
8 54
8 57
8 59
8 60
8 63
8 64
8 65
8 66
8 68
8 69
8 70
8 71
8 72
8 73
8 74
8 78
8 80
8 82
8 84
8 85
8 86
8 88
8 89
8 90
8 91
8 92
8 93
8 96
8 98
8 99
8 100
8 101
8 103
8 105
8 107
8 108
8 109
8 110
8 111
8 113
8 114
8 115
8 116
8 118
8 120
8 122
8 123
8 125
8 126
8 127
8 128
8 129
8 130
8 131
8 132
8 135
8 136
8 138
8 139
8 140
9 1
9 2
9 3
9 6
9 8
9 10
9 11
9 12
9 14
9 18
9 20
9 21
9 23
9 25
9 27
9 31
9 32
9 36
9 37
9 41
9 42
9 44
9 46
9 47
9 54
9 58
9 59
9 60
9 61
9 63
9 64
9 65
9 67
9 71
9 73
9 74
9 75
9 79
9 80
9 87
9 88
9 89
9 90
9 91
9 93
9 94
9 95
9 96
9 99
9 100
9 101
9 102
9 103
9 104
9 105
9 106
9 108
9 110
9 113
9 115
9 118
9 119
9 121
9 123
9 124
9 128
9 130
9 131
9 132
9 134
9 136
9 137
9 138
9 139
9 140
10 1
10 3
10 4
10 6
10 9
10 11
10 12
10 13
10 15
10 16
10 17
10 20
10 22
10 24
10 25
10 26
10 29
10 31
10 32
10 33
10 34
10 35
10 36
10 39
10 40
10 41
10 42
10 43
10 44
10 45
10 47
10 48
10 49
10 50
10 51
10 53
10 54
10 55
10 56
10 58
10 59
10 60
10 62
10 66
10 68
10 69
10 73
10 76
10 78
10 80
10 81
10 82
10 83
10 84
10 86
10 87
10 90
10 91
10 93
10 94
10 95
10 96
10 97
10 100
10 101
10 102
10 104
10 107
10 109
10 110
10 111
10 114
10 115
10 116
10 126
10 127
10 130
10 132
10 134
10 135
10 140
11 2
11 3
11 5
11 6
11 7
11 11
11 13
11 15
11 18
11 20
11 21
11 22
11 23
11 26
11 29
11 30
11 31
11 32
11 33
11 34
11 35
11 37
11 40
11 44
11 45
11 46
11 47
11 50
11 51
11 53
11 54
11 57
11 59
11 61
11 62
11 63
11 65
11 68
11 69
11 71
11 72
11 73
11 74
11 76
11 80
11 82
11 84
11 85
11 86
11 88
11 89
11 91
11 92
11 93
11 94
11 96
11 97
11 98
11 99
11 100
11 101
11 102
11 103
11 104
11 105
11 107
11 108
11 111
11 114
11 116
11 118
11 119
11 121
11 122
11 123
11 124
11 126
11 129
11 130
11 131
11 132
11 133
11 137
11 138
11 139
11 140
12 2
12 5
12 6
12 7
12 8
12 9
12 11
12 12
12 13
12 16
12 17
12 19
12 20
12 25
12 26
12 27
12 29
12 32
12 34
12 36
12 38
12 40
12 43
12 44
12 46
12 47
12 48
12 49
12 50
12 51
12 54
12 55
12 56
12 57
12 58
12 65
12 67
12 70
12 75
12 78
12 81
12 82
12 83
12 86
12 90
12 93
12 97
12 98
12 99
12 102
12 104
12 108
12 112
12 113
12 115
12 118
12 119
12 120
12 125
12 128
12 129
12 130
12 132
12 134
12 135
12 139
12 140
13 4
13 5
13 6
13 7
13 13
13 14
13 15
13 16
13 17
13 18
13 19
13 20
13 21
13 23
13 24
13 25
13 28
13 30
13 32
13 33
13 34
13 38
13 39
13 41
13 42
13 44
13 46
13 47
13 49
13 52
13 54
13 56
13 57
13 59
13 60
13 61
13 62
13 63
13 64
13 65
13 66
13 67
13 68
13 70
13 71
13 74
13 75
13 76
13 77
13 82
13 84
13 85
13 86
13 87
13 88
13 90
13 91
13 93
13 94
13 95
13 97
13 102
13 107
13 108
13 109
13 110
13 111
13 113
13 114
13 115
13 116
13 117
13 118
13 120
13 121
13 123
13 124
13 126
13 128
13 129
13 131
13 134
13 135
13 136
13 137
13 138
13 139
14 1
14 2
14 3
14 5
14 6
14 7
14 8
14 9
14 10
14 15
14 17
14 18
14 20
14 21
14 22
14 23
14 24
14 25
14 26
14 27
14 30
14 31
14 32
14 35
14 37
14 39
14 40
14 41
14 42
14 43
14 44
14 47
14 50
14 53
14 55
14 56
14 57
14 58
14 60
14 62
14 64
14 65
14 66
14 67
14 68
14 72
14 73
14 77
14 78
14 80
14 81
14 82
14 86
14 89
14 92
14 93
14 96
14 99
14 100
14 102
14 104
14 107
14 108
14 109
14 113
14 114
14 115
14 117
14 118
14 120
14 121
14 122
14 126
14 127
14 133
14 135
14 136
14 137
15 3
15 4
15 5
15 6
15 7
15 8
15 9
15 11
15 12
15 13
15 15
15 16
15 17
15 18
15 22
15 25
15 26
15 28
15 30
15 32
15 33
15 34
15 35
15 36
15 39
15 40
15 43
15 46
15 47
15 48
15 54
15 55
15 57
15 59
15 61
15 62
15 63
15 65
15 67
15 68
15 69
15 70
15 72
15 73
15 74
15 76
15 78
15 79
15 80
15 83
15 84
15 85
15 89
15 90
15 92
15 94
15 98
15 99
15 100
15 101
15 107
15 108
15 109
15 111
15 112
15 114
15 115
15 116
15 119
15 121
15 123
15 128
15 129
15 132
15 133
15 134
15 135
15 136
15 139
15 140
16 1
16 2
16 4
16 6
16 9
16 11
16 12
16 13
16 14
16 17
16 19
16 20
16 21
16 25
16 27
16 29
16 32
16 34
16 35
16 38
16 43
16 44
16 45
16 47
16 48
16 49
16 50
16 52
16 53
16 54
16 56
16 58
16 61
16 62
16 66
16 67
16 69
16 73
16 76
16 79
16 84
16 85
16 87
16 89
16 91
16 92
16 93
16 94
16 95
16 98
16 99
16 101
16 102
16 103
16 104
16 105
16 108
16 110
16 111
16 117
16 118
16 119
16 123
16 124
16 125
16 126
16 127
16 129
16 130
16 131
16 132
16 134
16 135
16 136
16 137
16 138
16 139
16 140
17 1
17 2
17 3
17 4
17 5
17 6
17 9
17 11
17 12
17 14
17 15
17 17
17 19
17 21
17 22
17 23
17 25
17 28
17 29
17 31
17 33
17 35
17 38
17 40
17 43
17 45
17 46
17 48
17 49
17 50
17 52
17 54
17 56
17 58
17 59
17 60
17 63
17 64
17 68
17 70
17 75
17 76
17 77
17 79
17 80
17 82
17 83
17 84
17 87
17 89
17 93
17 94
17 95
17 96
17 97
17 98
17 99
17 100
17 101
17 102
17 104
17 108
17 109
17 110
17 113
17 114
17 115
17 118
17 119
17 120
17 122
17 123
17 124
17 125
17 126
17 127
17 128
17 131
17 132
17 135
17 136
17 137
17 140
18 1
18 2
18 3
18 4
18 5
18 6
18 7
18 8
18 9
18 10
18 15
18 17
18 20
18 24
18 25
18 26
18 28
18 33
18 34
18 36
18 37
18 38
18 39
18 40
18 41
18 43
18 45
18 47
18 48
18 49
18 53
18 54
18 56
18 57
18 58
18 60
18 61
18 62
18 64
18 65
18 66
18 69
18 70
18 71
18 72
18 75
18 77
18 81
18 83
18 86
18 87
18 88
18 92
18 95
18 96
18 97
18 100
18 101
18 102
18 103
18 104
18 105
18 108
18 109
18 110
18 111
18 112
18 113
18 114
18 115
18 116
18 118
18 119
18 121
18 122
18 123
18 124
18 127
18 129
18 133
18 134
18 137
18 139
19 1
19 2
19 5
19 6
19 7
19 8
19 9
19 11
19 16
19 17
19 18
19 19
19 21
19 24
19 26
19 27
19 29
19 33
19 34
19 35
19 36
19 37
19 38
19 40
19 42
19 43
19 44
19 45
19 46
19 47
19 48
19 49
19 54
19 55
19 57
19 59
19 60
19 61
19 63
19 65
19 66
19 68
19 72
19 73
19 74
19 78
19 79
19 80
19 81
19 82
19 83
19 84
19 85
19 86
19 87
19 90
19 93
19 94
19 96
19 98
19 100
19 101
19 102
19 103
19 105
19 108
19 110
19 111
19 112
19 114
19 118
19 121
19 123
19 126
19 127
19 129
19 131
19 134
19 136
19 138
19 139
20 1
20 4
20 5
20 7
20 8
20 13
20 14
20 15
20 16
20 18
20 19
20 20
20 23
20 25
20 26
20 27
20 29
20 30
20 32
20 33
20 35
20 36
20 37
20 38
20 39
20 44
20 47
20 48
20 49
20 51
20 52
20 53
20 56
20 58
20 59
20 62
20 63
20 64
20 65
20 67
20 69
20 70
20 73
20 76
20 77
20 78
20 79
20 81
20 83
20 85
20 86
20 88
20 89
20 90
20 91
20 92
20 94
20 96
20 97
20 99
20 100
20 101
20 103
20 104
20 105
20 107
20 108
20 110
20 111
20 116
20 118
20 124
20 126
20 127
20 128
20 131
20 132
20 134
20 135
20 140
21 1
21 2
21 4
21 5
21 6
21 9
21 10
21 11
21 13
21 14
21 15
21 16
21 18
21 19
21 20
21 21
21 23
21 25
21 26
21 27
21 30
21 33
21 34
21 35
21 36
21 38
21 39
21 41
21 43
21 44
21 45
21 46
21 50
21 53
21 54
21 55
21 56
21 57
21 59
21 61
21 62
21 64
21 66
21 67
21 69
21 71
21 72
21 73
21 74
21 75
21 77
21 78
21 79
21 80
21 82
21 83
21 86
21 87
21 88
21 89
21 90
21 91
21 92
21 94
21 96
21 97
21 100
21 103
21 106
21 108
21 109
21 110
21 111
21 114
21 115
21 116
21 118
21 119
21 120
21 121
21 122
21 124
21 127
21 132
21 133
21 134
21 135
21 138
21 139
22 2
22 3
22 4
22 5
22 6
22 9
22 10
22 14
22 16
22 18
22 19
22 20
22 23
22 24
22 25
22 26
22 27
22 28
22 29
22 30
22 31
22 34
22 36
22 37
22 39
22 40
22 42
22 43
22 44
22 45
22 46
22 48
22 50
22 52
22 54
22 55
22 58
22 62
22 64
22 66
22 67
22 68
22 70
22 72
22 73
22 74
22 75
22 77
22 79
22 81
22 83
22 85
22 87
22 90
22 91
22 93
22 94
22 96
22 97
22 99
22 100
22 101
22 102
22 106
22 107
22 108
22 114
22 115
22 116
22 117
22 118
22 119
22 120
22 122
22 125
22 129
22 130
22 131
22 134
22 135
22 136
22 137
22 138
22 139
23 1
23 7
23 8
23 10
23 13
23 14
23 15
23 16
23 17
23 18
23 20
23 21
23 22
23 25
23 27
23 29
23 30
23 31
23 32
23 33
23 35
23 37
23 38
23 39
23 41
23 45
23 46
23 48
23 49
23 50
23 51
23 54
23 56
23 57
23 58
23 60
23 61
23 62
23 63
23 64
23 66
23 67
23 70
23 71
23 72
23 77
23 78
23 79
23 81
23 83
23 84
23 86
23 88
23 90
23 92
23 97
23 102
23 104
23 108
23 109
23 110
23 113
23 115
23 116
23 118
23 119
23 121
23 122
23 123
23 124
23 126
23 132
23 133
23 134
23 136
23 137
23 138
23 139
23 140
24 3
24 4
24 6
24 7
24 11
24 13
24 14
24 15
24 17
24 18
24 20
24 22
24 24
24 25
24 27
24 29
24 30
24 31
24 33
24 34
24 35
24 36
24 37
24 40
24 41
24 42
24 43
24 45
24 47
24 48
24 49
24 50
24 54
24 55
24 56
24 57
24 59
24 62
24 63
24 64
24 65
24 66
24 68
24 69
24 72
24 76
24 79
24 83
24 84
24 85
24 88
24 89
24 91
24 92
24 94
24 95
24 96
24 98
24 99
24 100
24 101
24 102
24 104
24 105
24 108
24 110
24 112
24 114
24 116
24 118
24 119
24 120
24 121
24 123
24 126
24 127
24 128
24 131
24 133
24 134
24 135
24 136
24 139
24 140
25 4
25 5
25 9
25 10
25 11
25 12
25 13
25 14
25 15
25 16
25 17
25 18
25 22
25 24
25 25
25 26
25 27
25 30
25 32
25 35
25 36
25 39
25 40
25 42
25 43
25 44
25 45
25 48
25 50
25 51
25 55
25 56
25 59
25 60
25 62
25 64
25 65
25 66
25 67
25 70
25 71
25 73
25 74
25 75
25 76
25 77
25 78
25 79
25 80
25 81
25 83
25 84
25 85
25 86
25 87
25 88
25 91
25 94
25 95
25 96
25 97
25 99
25 102
25 103
25 105
25 108
25 110
25 111
25 112
25 113
25 115
25 117
25 118
25 119
25 121
25 122
25 123
25 124
25 127
25 128
25 130
25 131
25 133
25 134
25 135
25 138
26 2
26 3
26 4
26 6
26 8
26 9
26 10
26 11
26 12
26 15
26 16
26 17
26 18
26 19
26 21
26 22
26 23
26 24
26 26
26 27
26 28
26 30
26 33
26 36
26 38
26 39
26 40
26 45
26 47
26 51
26 52
26 53
26 55
26 56
26 57
26 58
26 59
26 60
26 62
26 63
26 64
26 65
26 66
26 67
26 68
26 69
26 71
26 72
26 74
26 75
26 76
26 77
26 78
26 79
26 81
26 82
26 86
26 90
26 91
26 94
26 95
26 99
26 101
26 103
26 104
26 105
26 106
26 107
26 111
26 112
26 113
26 116
26 118
26 120
26 122
26 123
26 124
26 125
26 126
26 130
26 131
26 133
26 134
26 138
26 140
27 2
27 3
27 5
27 6
27 10
27 11
27 12
27 13
27 15
27 17
27 18
27 19
27 20
27 21
27 22
27 24
27 25
27 26
27 27
27 29
27 30
27 31
27 32
27 35
27 36
27 39
27 40
27 41
27 42
27 43
27 45
27 46
27 48
27 50
27 51
27 52
27 55
27 56
27 57
27 58
27 60
27 61
27 63
27 64
27 67
27 73
27 74
27 75
27 76
27 79
27 80
27 81
27 83
27 84
27 85
27 87
27 88
27 91
27 92
27 93
27 94
27 95
27 100
27 101
27 102
27 103
27 104
27 106
27 108
27 109
27 110
27 112
27 113
27 116
27 117
27 118
27 120
27 126
27 127
27 129
27 131
27 132
27 137
27 138
28 1
28 2
28 3
28 4
28 5
28 6
28 8
28 13
28 16
28 21
28 23
28 24
28 25
28 26
28 27
28 28
28 29
28 31
28 32
28 34
28 35
28 36
28 37
28 38
28 41
28 42
28 43
28 45
28 47
28 48
28 49
28 50
28 51
28 52
28 53
28 55
28 56
28 60
28 61
28 62
28 65
28 67
28 68
28 69
28 70
28 72
28 73
28 74
28 75
28 76
28 77
28 78
28 79
28 80
28 81
28 83
28 84
28 85
28 90
28 96
28 99
28 100
28 101
28 102
28 104
28 106
28 107
28 108
28 109
28 110
28 112
28 113
28 115
28 116
28 118
28 119
28 120
28 122
28 124
28 127
28 128
28 129
28 132
28 133
28 134
28 135
28 136
28 138
29 1
29 2
29 4
29 8
29 9
29 10
29 11
29 13
29 15
29 19
29 21
29 22
29 23
29 28
29 29
29 31
29 32
29 33
29 37
29 39
29 40
29 41
29 45
29 48
29 49
29 50
29 51
29 52
29 54
29 55
29 58
29 60
29 62
29 64
29 65
29 67
29 68
29 69
29 70
29 72
29 73
29 75
29 76
29 77
29 79
29 81
29 84
29 88
29 90
29 93
29 97
29 98
29 100
29 101
29 102
29 103
29 104
29 105
29 107
29 108
29 109
29 110
29 111
29 112
29 114
29 122
29 123
29 124
29 126
29 129
29 130
29 136
29 139
29 140
30 1
30 3
30 4
30 5
30 7
30 8
30 9
30 10
30 12
30 14
30 15
30 17
30 23
30 26
30 28
30 29
30 31
30 35
30 36
30 37
30 39
30 40
30 41
30 42
30 44
30 45
30 46
30 48
30 50
30 52
30 53
30 54
30 55
30 56
30 57
30 58
30 59
30 62
30 64
30 67
30 68
30 69
30 70
30 71
30 72
30 74
30 75
30 76
30 77
30 78
30 79
30 80
30 81
30 84
30 85
30 86
30 88
30 92
30 93
30 94
30 95
30 97
30 98
30 99
30 100
30 106
30 107
30 108
30 109
30 110
30 112
30 113
30 114
30 116
30 120
30 123
30 124
30 125
30 126
30 129
30 131
30 132
30 134
30 135
30 136
30 140
31 2
31 4
31 5
31 6
31 7
31 8
31 9
31 11
31 12
31 13
31 14
31 15
31 16
31 17
31 18
31 19
31 20
31 21
31 22
31 23
31 24
31 25
31 26
31 29
31 33
31 35
31 37
31 38
31 39
31 40
31 41
31 42
31 45
31 46
31 47
31 48
31 49
31 50
31 51
31 52
31 53
31 54
31 55
31 56
31 57
31 59
31 64
31 66
31 67
31 68
31 70
31 71
31 72
31 74
31 77
31 78
31 79
31 80
31 82
31 83
31 84
31 85
31 87
31 89
31 90
31 91
31 93
31 94
31 96
31 102
31 103
31 104
31 106
31 111
31 112
31 114
31 116
31 119
31 120
31 121
31 122
31 123
31 124
31 125
31 126
31 128
31 129
31 132
31 133
31 134
31 135
31 136
31 137
31 138
31 139
31 140
32 2
32 3
32 5
32 7
32 8
32 9
32 10
32 12
32 13
32 17
32 18
32 19
32 20
32 21
32 22
32 23
32 24
32 27
32 31
32 33
32 34
32 36
32 46
32 47
32 50
32 53
32 54
32 55
32 56
32 58
32 59
32 60
32 62
32 63
32 64
32 65
32 69
32 71
32 72
32 74
32 77
32 80
32 81
32 83
32 84
32 86
32 87
32 88
32 89
32 93
32 94
32 95
32 96
32 98
32 101
32 102
32 103
32 104
32 105
32 107
32 110
32 111
32 117
32 119
32 120
32 121
32 122
32 123
32 125
32 126
32 127
32 128
32 130
32 132
32 133
32 136
32 137
32 138
32 139
32 140
33 1
33 3
33 4
33 6
33 8
33 9
33 10
33 12
33 13
33 14
33 16
33 17
33 19
33 20
33 23
33 25
33 27
33 28
33 30
33 31
33 33
33 34
33 35
33 36
33 37
33 39
33 40
33 43
33 44
33 45
33 46
33 50
33 54
33 55
33 56
33 58
33 59
33 60
33 62
33 63
33 64
33 65
33 66
33 67
33 68
33 69
33 70
33 71
33 73
33 75
33 78
33 79
33 80
33 81
33 82
33 83
33 84
33 85
33 86
33 89
33 91
33 92
33 93
33 95
33 96
33 97
33 98
33 99
33 100
33 101
33 102
33 106
33 107
33 108
33 110
33 111
33 113
33 115
33 117
33 118
33 120
33 121
33 124
33 125
33 126
33 130
33 131
33 132
33 135
33 137
34 1
34 2
34 4
34 7
34 10
34 11
34 12
34 16
34 19
34 20
34 21
34 22
34 23
34 26
34 29
34 30
34 31
34 33
34 34
34 35
34 36
34 37
34 38
34 39
34 42
34 43
34 46
34 47
34 49
34 50
34 51
34 54
34 57
34 58
34 59
34 60
34 62
34 66
34 67
34 68
34 69
34 72
34 73
34 74
34 75
34 76
34 77
34 78
34 79
34 82
34 83
34 84
34 86
34 87
34 88
34 90
34 92
34 93
34 97
34 98
34 100
34 101
34 102
34 103
34 106
34 107
34 108
34 109
34 110
34 113
34 114
34 115
34 116
34 118
34 119
34 120
34 121
34 122
34 125
34 128
34 129
34 132
34 134
34 135
34 137
34 138
34 139
34 140
35 1
35 3
35 6
35 7
35 8
35 12
35 13
35 14
35 16
35 17
35 18
35 19
35 20
35 21
35 22
35 23
35 25
35 26
35 27
35 28
35 29
35 31
35 32
35 33
35 34
35 42
35 43
35 46
35 50
35 51
35 52
35 53
35 56
35 57
35 58
35 59
35 60
35 62
35 63
35 65
35 66
35 67
35 69
35 70
35 72
35 74
35 75
35 77
35 78
35 79
35 80
35 81
35 82
35 83
35 85
35 86
35 87
35 88
35 89
35 90
35 91
35 92
35 94
35 95
35 96
35 99
35 101
35 102
35 104
35 105
35 106
35 107
35 109
35 111
35 113
35 115
35 116
35 117
35 118
35 123
35 126
35 127
35 129
35 130
35 131
35 133
35 136
35 137
35 138
35 139
35 140
36 1
36 3
36 4
36 5
36 6
36 8
36 10
36 11
36 12
36 13
36 14
36 15
36 16
36 18
36 20
36 22
36 23
36 24
36 27
36 28
36 29
36 30
36 31
36 34
36 36
36 38
36 39
36 40
36 41
36 43
36 45
36 46
36 47
36 48
36 49
36 50
36 51
36 53
36 54
36 55
36 56
36 57
36 60
36 62
36 63
36 64
36 65
36 66
36 69
36 70
36 71
36 73
36 75
36 76
36 79
36 80
36 81
36 82
36 83
36 84
36 85
36 86
36 87
36 88
36 90
36 92
36 94
36 99
36 100
36 101
36 102
36 104
36 105
36 106
36 107
36 108
36 111
36 112
36 116
36 117
36 118
36 120
36 121
36 123
36 127
36 128
36 129
36 130
36 132
36 135
36 137
36 138
36 139
36 140
37 1
37 2
37 3
37 4
37 8
37 9
37 12
37 13
37 14
37 16
37 19
37 25
37 26
37 27
37 28
37 32
37 33
37 34
37 38
37 39
37 40
37 42
37 45
37 46
37 47
37 50
37 51
37 53
37 55
37 60
37 62
37 63
37 66
37 69
37 70
37 71
37 72
37 75
37 77
37 78
37 79
37 80
37 81
37 82
37 83
37 85
37 86
37 88
37 89
37 91
37 92
37 95
37 96
37 97
37 98
37 99
37 100
37 101
37 102
37 107
37 108
37 109
37 110
37 111
37 112
37 113
37 114
37 116
37 117
37 118
37 119
37 120
37 122
37 124
37 125
37 126
37 127
37 128
37 129
37 133
37 134
37 135
37 136
37 137
37 139
37 140
38 3
38 4
38 5
38 8
38 10
38 11
38 14
38 15
38 16
38 18
38 19
38 20
38 22
38 26
38 27
38 30
38 31
38 36
38 38
38 42
38 43
38 44
38 47
38 48
38 49
38 50
38 51
38 55
38 57
38 58
38 59
38 60
38 63
38 64
38 66
38 67
38 68
38 75
38 76
38 78
38 80
38 81
38 82
38 84
38 85
38 88
38 89
38 90
38 91
38 92
38 97
38 98
38 99
38 100
38 101
38 105
38 106
38 107
38 108
38 110
38 117
38 118
38 122
38 124
38 125
38 127
38 130
38 131
38 133
38 134
38 137
38 140
39 1
39 2
39 5
39 9
39 11
39 12
39 13
39 16
39 18
39 20
39 22
39 24
39 25
39 26
39 28
39 29
39 32
39 34
39 35
39 36
39 37
39 39
39 40
39 42
39 44
39 46
39 47
39 48
39 49
39 50
39 51
39 53
39 55
39 56
39 57
39 58
39 60
39 61
39 62
39 63
39 65
39 67
39 69
39 70
39 71
39 76
39 77
39 78
39 82
39 85
39 86
39 87
39 88
39 89
39 90
39 91
39 92
39 95
39 96
39 98
39 99
39 100
39 101
39 102
39 108
39 110
39 111
39 113
39 114
39 115
39 116
39 117
39 119
39 121
39 122
39 123
39 124
39 125
39 127
39 128
39 129
39 130
39 133
39 134
39 135
39 139
39 140
40 3
40 4
40 6
40 7
40 8
40 11
40 14
40 15
40 17
40 19
40 23
40 24
40 25
40 26
40 27
40 28
40 30
40 32
40 33
40 34
40 35
40 39
40 40
40 45
40 46
40 47
40 48
40 49
40 52
40 56
40 57
40 59
40 60
40 62
40 64
40 66
40 67
40 68
40 69
40 71
40 72
40 73
40 74
40 75
40 76
40 79
40 80
40 82
40 83
40 85
40 86
40 88
40 89
40 90
40 91
40 94
40 95
40 96
40 97
40 100
40 103
40 104
40 106
40 107
40 108
40 109
40 110
40 111
40 116
40 118
40 119
40 121
40 122
40 123
40 126
40 129
40 130
40 131
40 133
40 136
40 140
41 1
41 3
41 5
41 7
41 8
41 11
41 12
41 13
41 14
41 15
41 16
41 17
41 18
41 19
41 21
41 23
41 24
41 27
41 29
41 30
41 31
41 34
41 35
41 39
41 40
41 42
41 45
41 47
41 48
41 49
41 50
41 59
41 62
41 63
41 64
41 65
41 66
41 68
41 69
41 70
41 73
41 74
41 77
41 80
41 82
41 83
41 85
41 87
41 89
41 91
41 92
41 97
41 98
41 99
41 101
41 104
41 106
41 108
41 109
41 110
41 112
41 113
41 114
41 115
41 116
41 121
41 122
41 125
41 126
41 130
41 134
41 135
41 136
41 139
42 2
42 5
42 6
42 7
42 9
42 10
42 11
42 12
42 16
42 17
42 18
42 19
42 22
42 24
42 25
42 26
42 27
42 30
42 32
42 33
42 35
42 38
42 40
42 42
42 44
42 45
42 47
42 49
42 50
42 51
42 52
42 54
42 55
42 56
42 57
42 58
42 59
42 60
42 61
42 63
42 65
42 67
42 69
42 70
42 71
42 73
42 75
42 78
42 81
42 83
42 84
42 85
42 87
42 92
42 96
42 97
42 99
42 100
42 102
42 103
42 106
42 107
42 108
42 109
42 110
42 112
42 113
42 114
42 115
42 116
42 117
42 122
42 123
42 124
42 125
42 126
42 127
42 129
42 131
42 133
42 135
42 136
42 139
43 1
43 3
43 4
43 6
43 9
43 10
43 13
43 14
43 15
43 18
43 19
43 20
43 21
43 22
43 23
43 25
43 27
43 28
43 30
43 31
43 34
43 36
43 37
43 41
43 42
43 44
43 46
43 47
43 50
43 53
43 54
43 55
43 58
43 60
43 63
43 66
43 67
43 68
43 70
43 71
43 72
43 73
43 74
43 75
43 77
43 78
43 80
43 82
43 85
43 86
43 87
43 88
43 89
43 90
43 91
43 92
43 93
43 95
43 99
43 100
43 102
43 103
43 105
43 107
43 110
43 111
43 118
43 121
43 122
43 123
43 124
43 125
43 126
43 127
43 130
43 131
43 132
43 133
43 134
43 135
43 136
43 137
43 139
44 1
44 2
44 4
44 5
44 6
44 10
44 11
44 12
44 14
44 16
44 21
44 22
44 24
44 25
44 26
44 27
44 29
44 30
44 32
44 33
44 34
44 35
44 36
44 37
44 40
44 41
44 42
44 44
44 45
44 47
44 49
44 50
44 54
44 56
44 57
44 59
44 61
44 62
44 64
44 65
44 66
44 70
44 72
44 73
44 77
44 79
44 81
44 82
44 83
44 84
44 86
44 90
44 91
44 92
44 93
44 94
44 95
44 96
44 100
44 101
44 102
44 104
44 105
44 108
44 111
44 112
44 117
44 119
44 122
44 124
44 125
44 127
44 128
44 129
44 131
44 134
44 135
44 136
44 137
44 138
45 2
45 3
45 7
45 8
45 9
45 10
45 11
45 15
45 16
45 18
45 20
45 21
45 22
45 24
45 26
45 27
45 29
45 30
45 33
45 35
45 36
45 37
45 38
45 41
45 42
45 43
45 46
45 48
45 49
45 50
45 52
45 53
45 54
45 56
45 57
45 58
45 59
45 60
45 61
45 63
45 65
45 68
45 72
45 74
45 75
45 76
45 77
45 79
45 80
45 81
45 82
45 83
45 84
45 85
45 86
45 87
45 89
45 90
45 91
45 93
45 94
45 95
45 97
45 100
45 101
45 102
45 103
45 104
45 105
45 106
45 107
45 108
45 109
45 110
45 112
45 113
45 114
45 116
45 117
45 123
45 124
45 125
45 131
45 132
45 133
45 135
45 136
45 138
45 140
46 1
46 2
46 5
46 6
46 7
46 12
46 13
46 14
46 15
46 17
46 18
46 19
46 21
46 22
46 26
46 27
46 28
46 29
46 30
46 31
46 32
46 34
46 35
46 38
46 40
46 41
46 42
46 45
46 46
46 47
46 48
46 51
46 53
46 54
46 56
46 58
46 59
46 60
46 62
46 63
46 66
46 68
46 69
46 70
46 71
46 73
46 74
46 76
46 77
46 78
46 79
46 80
46 82
46 83
46 85
46 88
46 89
46 90
46 91
46 92
46 93
46 95
46 98
46 99
46 101
46 103
46 104
46 105
46 106
46 107
46 108
46 109
46 111
46 112
46 114
46 115
46 117
46 118
46 119
46 120
46 122
46 124
46 126
46 127
46 128
46 129
46 130
46 131
46 132
46 135
46 136
46 137
46 138
46 140
47 1
47 3
47 4
47 5
47 6
47 9
47 12
47 13
47 14
47 15
47 16
47 18
47 19
47 23
47 28
47 29
47 30
47 31
47 32
47 33
47 35
47 37
47 38
47 41
47 44
47 45
47 51
47 52
47 53
47 54
47 63
47 64
47 65
47 66
47 67
47 72
47 73
47 75
47 76
47 77
47 79
47 81
47 83
47 84
47 86
47 88
47 89
47 91
47 92
47 94
47 99
47 101
47 103
47 104
47 105
47 106
47 107
47 110
47 111
47 113
47 114
47 117
47 120
47 121
47 122
47 123
47 124
47 125
47 127
47 128
47 129
47 131
47 132
47 133
47 134
47 135
47 136
47 137
47 138
47 140
48 1
48 3
48 5
48 6
48 8
48 11
48 13
48 15
48 16
48 18
48 19
48 22
48 25
48 26
48 27
48 29
48 30
48 33
48 37
48 38
48 40
48 41
48 43
48 45
48 46
48 47
48 49
48 50
48 51
48 53
48 54
48 55
48 56
48 57
48 59
48 60
48 62
48 63
48 64
48 65
48 66
48 67
48 70
48 72
48 74
48 76
48 77
48 78
48 80
48 81
48 82
48 83
48 85
48 86
48 89
48 91
48 94
48 96
48 97
48 98
48 103
48 104
48 105
48 106
48 108
48 109
48 110
48 112
48 113
48 114
48 117
48 118
48 121
48 122
48 123
48 124
48 125
48 127
48 130
48 131
48 132
48 133
48 134
48 136
48 138
48 139
48 140
49 1
49 2
49 3
49 7
49 8
49 10
49 13
49 14
49 15
49 16
49 19
49 20
49 22
49 26
49 27
49 28
49 31
49 34
49 38
49 39
49 42
49 43
49 46
49 48
49 49
49 51
49 52
49 54
49 55
49 56
49 57
49 58
49 60
49 61
49 63
49 64
49 66
49 67
49 68
49 69
49 70
49 73
49 76
49 78
49 81
49 82
49 84
49 85
49 86
49 87
49 88
49 89
49 90
49 93
49 97
49 99
49 107
49 110
49 111
49 114
49 116
49 118
49 119
49 121
49 124
49 125
49 127
49 128
49 130
49 131
49 133
49 135
49 136
49 137
49 138
50 4
50 8
50 9
50 10
50 11
50 12
50 13
50 14
50 15
50 17
50 23
50 25
50 26
50 27
50 31
50 32
50 33
50 34
50 35
50 36
50 37
50 38
50 39
50 42
50 43
50 44
50 45
50 46
50 48
50 49
50 50
50 51
50 53
50 55
50 58
50 59
50 61
50 62
50 64
50 66
50 70
50 71
50 72
50 73
50 74
50 78
50 80
50 81
50 82
50 84
50 87
50 89
50 95
50 97
50 98
50 100
50 101
50 104
50 106
50 107
50 110
50 111
50 113
50 114
50 115
50 117
50 119
50 120
50 121
50 122
50 123
50 126
50 128
50 130
50 132
50 137
50 138
50 139
51 1
51 2
51 3
51 4
51 10
51 11
51 12
51 14
51 16
51 18
51 19
51 21
51 25
51 26
51 27
51 29
51 30
51 36
51 37
51 38
51 39
51 42
51 45
51 46
51 47
51 48
51 49
51 50
51 52
51 53
51 54
51 57
51 59
51 60
51 61
51 62
51 63
51 64
51 65
51 67
51 68
51 71
51 72
51 73
51 74
51 75
51 76
51 77
51 78
51 79
51 86
51 87
51 89
51 93
51 95
51 96
51 97
51 98
51 99
51 100
51 101
51 103
51 104
51 105
51 107
51 108
51 109
51 110
51 112
51 113
51 114
51 115
51 117
51 121
51 123
51 124
51 126
51 127
51 129
51 130
51 131
51 132
51 134
51 137
51 138
51 139
51 140
52 1
52 2
52 3
52 4
52 5
52 6
52 9
52 12
52 14
52 16
52 17
52 18
52 19
52 22
52 23
52 26
52 27
52 28
52 29
52 30
52 33
52 35
52 38
52 39
52 40
52 41
52 42
52 43
52 46
52 49
52 51
52 52
52 55
52 56
52 59
52 63
52 66
52 67
52 70
52 71
52 72
52 73
52 74
52 75
52 79
52 80
52 81
52 83
52 86
52 89
52 90
52 91
52 92
52 95
52 99
52 100
52 101
52 103
52 106
52 108
52 112
52 113
52 114
52 120
52 122
52 123
52 124
52 125
52 127
52 128
52 129
52 130
52 132
52 133
52 135
52 136
52 137
52 140
53 3
53 4
53 5
53 6
53 9
53 10
53 11
53 14
53 16
53 18
53 19
53 21
53 22
53 24
53 25
53 27
53 28
53 29
53 30
53 31
53 32
53 34
53 37
53 39
53 40
53 41
53 42
53 43
53 44
53 45
53 46
53 47
53 48
53 49
53 52
53 55
53 56
53 57
53 59
53 61
53 62
53 63
53 64
53 66
53 67
53 69
53 70
53 71
53 73
53 74
53 76
53 77
53 78
53 79
53 80
53 81
53 85
53 88
53 89
53 90
53 94
53 96
53 99
53 100
53 107
53 113
53 115
53 116
53 117
53 118
53 119
53 120
53 123
53 124
53 125
53 127
53 128
53 129
53 130
53 131
53 133
53 135
53 137
53 138
53 140
54 1
54 2
54 4
54 5
54 6
54 7
54 8
54 9
54 11
54 12
54 13
54 14
54 15
54 17
54 18
54 24
54 26
54 28
54 29
54 30
54 32
54 35
54 36
54 37
54 40
54 42
54 43
54 44
54 45
54 46
54 48
54 50
54 51
54 53
54 54
54 55
54 59
54 63
54 64
54 68
54 71
54 72
54 74
54 77
54 79
54 80
54 83
54 84
54 85
54 86
54 87
54 88
54 91
54 92
54 93
54 94
54 95
54 97
54 99
54 101
54 103
54 107
54 108
54 109
54 112
54 114
54 115
54 116
54 117
54 118
54 119
54 120
54 122
54 126
54 127
54 128
54 130
54 132
54 134
54 136
54 137
55 6
55 8
55 9
55 10
55 13
55 14
55 16
55 17
55 19
55 20
55 25
55 27
55 28
55 30
55 32
55 33
55 34
55 35
55 37
55 38
55 39
55 40
55 43
55 44
55 46
55 48
55 50
55 51
55 53
55 54
55 57
55 58
55 59
55 61
55 64
55 65
55 66
55 67
55 69
55 71
55 73
55 74
55 75
55 77
55 78
55 79
55 80
55 81
55 83
55 84
55 86
55 89
55 90
55 91
55 92
55 95
55 98
55 101
55 102
55 103
55 106
55 111
55 112
55 115
55 116
55 120
55 123
55 125
55 127
55 128
55 131
55 132
55 133
55 134
55 135
55 140
56 1
56 2
56 4
56 7
56 10
56 11
56 13
56 14
56 16
56 18
56 19
56 21
56 24
56 26
56 29
56 32
56 35
56 36
56 40
56 42
56 43
56 44
56 45
56 49
56 51
56 52
56 54
56 55
56 59
56 60
56 61
56 62
56 63
56 65
56 67
56 69
56 72
56 75
56 76
56 79
56 80
56 84
56 85
56 86
56 88
56 89
56 90
56 94
56 95
56 96
56 97
56 98
56 99
56 101
56 103
56 104
56 105
56 106
56 107
56 108
56 109
56 113
56 114
56 117
56 118
56 119
56 120
56 121
56 122
56 124
56 127
56 128
56 134
56 135
56 136
56 138
56 139
56 140
57 1
57 2
57 3
57 4
57 5
57 7
57 8
57 10
57 11
57 12
57 14
57 16
57 18
57 20
57 21
57 23
57 24
57 26
57 27
57 34
57 36
57 37
57 39
57 40
57 45
57 47
57 49
57 51
57 52
57 55
57 57
57 58
57 61
57 62
57 64
57 65
57 71
57 74
57 75
57 79
57 80
57 81
57 82
57 84
57 86
57 87
57 88
57 89
57 91
57 92
57 94
57 95
57 99
57 100
57 101
57 103
57 104
57 105
57 107
57 108
57 112
57 113
57 114
57 118
57 120
57 121
57 122
57 123
57 125
57 127
57 130
57 133
57 135
57 136
57 139
58 1
58 2
58 5
58 6
58 7
58 10
58 12
58 13
58 14
58 15
58 18
58 20
58 22
58 23
58 24
58 26
58 28
58 29
58 30
58 31
58 32
58 35
58 36
58 38
58 39
58 41
58 44
58 47
58 51
58 52
58 53
58 54
58 56
58 57
58 58
58 59
58 62
58 63
58 64
58 66
58 68
58 72
58 73
58 74
58 75
58 76
58 77
58 78
58 80
58 81
58 82
58 84
58 85
58 86
58 87
58 90
58 91
58 94
58 95
58 96
58 97
58 98
58 99
58 100
58 102
58 103
58 104
58 105
58 106
58 107
58 108
58 109
58 116
58 118
58 119
58 120
58 122
58 123
58 125
58 126
58 127
58 130
58 133
58 134
58 135
58 137
58 138
58 140
59 1
59 4
59 5
59 6
59 9
59 10
59 11
59 13
59 14
59 15
59 16
59 17
59 18
59 19
59 20
59 21
59 22
59 23
59 24
59 25
59 27
59 29
59 31
59 32
59 33
59 35
59 36
59 37
59 39
59 40
59 41
59 42
59 43
59 50
59 52
59 54
59 55
59 57
59 59
59 61
59 62
59 64
59 68
59 72
59 74
59 75
59 76
59 79
59 80
59 83
59 84
59 89
59 91
59 94
59 95
59 96
59 97
59 98
59 99
59 101
59 102
59 103
59 105
59 109
59 110
59 111
59 112
59 113
59 114
59 115
59 116
59 118
59 119
59 120
59 121
59 122
59 124
59 125
59 126
59 128
59 129
59 132
59 136
59 137
59 139
59 140
60 1
60 2
60 4
60 5
60 6
60 7
60 12
60 13
60 14
60 15
60 17
60 18
60 19
60 22
60 23
60 24
60 25
60 27
60 28
60 29
60 30
60 33
60 34
60 35
60 36
60 40
60 44
60 46
60 47
60 48
60 49
60 51
60 52
60 53
60 54
60 56
60 57
60 60
60 62
60 63
60 66
60 68
60 70
60 72
60 79
60 80
60 81
60 83
60 86
60 88
60 90
60 92
60 94
60 96
60 98
60 101
60 103
60 104
60 107
60 109
60 111
60 112
60 113
60 116
60 119
60 120
60 122
60 125
60 126
60 128
60 133
60 136
60 138
60 139
60 140
61 1
61 2
61 3
61 4
61 5
61 6
61 7
61 8
61 9
61 10
61 12
61 14
61 15
61 17
61 18
61 19
61 22
61 28
61 29
61 30
61 35
61 36
61 37
61 38
61 39
61 42
61 43
61 44
61 45
61 46
61 47
61 48
61 50
61 51
61 52
61 57
61 59
61 61
61 62
61 63
61 64
61 66
61 67
61 72
61 73
61 75
61 76
61 78
61 79
61 80
61 81
61 82
61 83
61 84
61 86
61 87
61 90
61 91
61 92
61 93
61 94
61 98
61 99
61 101
61 102
61 103
61 107
61 108
61 111
61 116
61 117
61 118
61 119
61 121
61 122
61 123
61 124
61 125
61 126
61 127
61 129
61 130
61 132
61 133
61 134
61 137
62 1
62 3
62 4
62 5
62 6
62 7
62 9
62 14
62 15
62 17
62 18
62 19
62 21
62 22
62 23
62 24
62 26
62 28
62 29
62 30
62 34
62 35
62 36
62 37
62 39
62 42
62 43
62 44
62 45
62 47
62 48
62 50
62 53
62 55
62 57
62 61
62 62
62 64
62 65
62 67
62 68
62 69
62 70
62 72
62 76
62 77
62 79
62 80
62 81
62 83
62 84
62 85
62 86
62 87
62 88
62 90
62 91
62 92
62 93
62 94
62 95
62 96
62 97
62 98
62 100
62 102
62 103
62 105
62 106
62 107
62 108
62 109
62 110
62 112
62 114
62 117
62 121
62 123
62 124
62 126
62 127
62 128
62 131
62 134
62 135
62 136
62 137
62 138
62 139
62 140
63 3
63 4
63 6
63 7
63 8
63 10
63 11
63 12
63 17
63 19
63 20
63 22
63 24
63 29
63 30
63 31
63 32
63 33
63 35
63 36
63 38
63 40
63 41
63 42
63 43
63 44
63 45
63 46
63 47
63 48
63 51
63 52
63 53
63 54
63 55
63 56
63 58
63 59
63 62
63 63
63 68
63 69
63 70
63 73
63 74
63 77
63 80
63 82
63 83
63 85
63 87
63 88
63 89
63 90
63 93
63 97
63 100
63 101
63 102
63 103
63 105
63 106
63 107
63 111
63 112
63 114
63 115
63 116
63 117
63 118
63 119
63 120
63 121
63 122
63 123
63 126
63 127
63 128
63 130
63 131
63 132
63 133
63 135
63 137
64 2
64 6
64 9
64 10
64 11
64 13
64 16
64 18
64 19
64 20
64 22
64 24
64 25
64 26
64 29
64 31
64 32
64 33
64 34
64 35
64 36
64 40
64 41
64 44
64 46
64 47
64 50
64 51
64 52
64 55
64 56
64 58
64 59
64 60
64 61
64 62
64 63
64 64
64 65
64 66
64 67
64 68
64 73
64 74
64 75
64 76
64 78
64 80
64 85
64 87
64 88
64 89
64 90
64 93
64 94
64 96
64 97
64 98
64 100
64 101
64 102
64 103
64 105
64 107
64 109
64 110
64 112
64 114
64 116
64 117
64 118
64 120
64 121
64 122
64 123
64 125
64 127
64 129
64 131
64 132
64 134
64 136
64 137
64 138
65 3
65 4
65 6
65 7
65 9
65 11
65 12
65 13
65 16
65 18
65 21
65 22
65 23
65 25
65 26
65 27
65 28
65 29
65 30
65 31
65 32
65 33
65 34
65 36
65 39
65 40
65 41
65 43
65 46
65 47
65 48
65 49
65 50
65 53
65 54
65 55
65 57
65 58
65 59
65 60
65 63
65 65
65 66
65 68
65 72
65 73
65 74
65 75
65 76
65 77
65 83
65 86
65 87
65 88
65 89
65 91
65 92
65 93
65 94
65 97
65 100
65 102
65 103
65 104
65 109
65 110
65 114
65 115
65 116
65 117
65 122
65 123
65 124
65 126
65 128
65 132
65 133
65 134
65 135
65 136
65 139
66 4
66 6
66 7
66 8
66 9
66 11
66 12
66 13
66 15
66 16
66 17
66 19
66 21
66 27
66 30
66 32
66 34
66 36
66 37
66 40
66 41
66 43
66 44
66 46
66 47
66 48
66 49
66 51
66 53
66 54
66 55
66 56
66 57
66 58
66 59
66 60
66 62
66 64
66 65
66 68
66 69
66 71
66 72
66 73
66 75
66 76
66 77
66 80
66 81
66 83
66 85
66 86
66 87
66 88
66 89
66 90
66 93
66 94
66 95
66 96
66 97
66 98
66 99
66 101
66 102
66 104
66 109
66 112
66 113
66 114
66 115
66 117
66 118
66 119
66 120
66 121
66 123
66 124
66 127
66 129
66 131
66 132
66 135
66 137
66 139
66 140
67 1
67 2
67 3
67 4
67 9
67 10
67 11
67 12
67 13
67 14
67 15
67 17
67 19
67 20
67 21
67 22
67 23
67 24
67 25
67 27
67 28
67 29
67 31
67 32
67 33
67 34
67 35
67 36
67 37
67 38
67 43
67 44
67 46
67 47
67 48
67 51
67 52
67 53
67 54
67 55
67 56
67 57
67 58
67 59
67 60
67 61
67 62
67 64
67 65
67 69
67 70
67 71
67 73
67 74
67 75
67 76
67 77
67 78
67 81
67 83
67 84
67 85
67 86
67 87
67 88
67 91
67 93
67 94
67 95
67 98
67 101
67 104
67 105
67 106
67 108
67 110
67 112
67 113
67 116
67 117
67 118
67 120
67 122
67 124
67 125
67 126
67 128
67 129
67 131
67 135
67 140
68 2
68 7
68 8
68 9
68 11
68 12
68 14
68 18
68 19
68 23
68 24
68 25
68 26
68 29
68 31
68 33
68 34
68 36
68 38
68 42
68 47
68 48
68 49
68 51
68 52
68 53
68 54
68 57
68 64
68 65
68 67
68 68
68 69
68 70
68 71
68 72
68 73
68 76
68 77
68 82
68 83
68 84
68 86
68 89
68 90
68 91
68 93
68 94
68 97
68 98
68 100
68 101
68 102
68 104
68 108
68 109
68 110
68 111
68 112
68 113
68 117
68 118
68 119
68 120
68 121
68 122
68 125
68 127
68 128
68 129
68 135
68 139
68 140
69 1
69 2
69 3
69 5
69 11
69 12
69 13
69 18
69 19
69 20
69 24
69 25
69 27
69 28
69 30
69 32
69 33
69 35
69 36
69 37
69 38
69 39
69 40
69 41
69 43
69 44
69 45
69 49
69 50
69 54
69 57
69 60
69 62
69 63
69 64
69 65
69 66
69 68
69 69
69 72
69 73
69 75
69 76
69 77
69 79
69 80
69 82
69 83
69 85
69 86
69 87
69 88
69 92
69 93
69 94
69 95
69 96
69 97
69 98
69 100
69 102
69 103
69 105
69 107
69 108
69 110
69 111
69 112
69 114
69 116
69 119
69 121
69 122
69 125
69 128
69 129
69 131
69 135
69 136
69 138
70 1
70 2
70 3
70 5
70 9
70 11
70 13
70 16
70 19
70 21
70 23
70 29
70 31
70 32
70 33
70 36
70 37
70 39
70 41
70 45
70 47
70 48
70 49
70 51
70 59
70 61
70 62
70 64
70 65
70 66
70 67
70 68
70 70
70 71
70 73
70 74
70 75
70 78
70 80
70 82
70 83
70 84
70 85
70 86
70 88
70 90
70 91
70 92
70 94
70 95
70 96
70 97
70 99
70 100
70 102
70 103
70 104
70 105
70 107
70 108
70 109
70 111
70 112
70 113
70 114
70 116
70 117
70 118
70 119
70 120
70 121
70 122
70 123
70 126
70 127
70 128
70 130
70 132
70 137
70 138
70 140
71 1
71 2
71 3
71 6
71 8
71 9
71 10
71 11
71 13
71 15
71 17
71 19
71 20
71 22
71 23
71 24
71 27
71 28
71 29
71 31
71 33
71 34
71 36
71 39
71 41
71 43
71 44
71 45
71 46
71 47
71 49
71 50
71 51
71 52
71 56
71 58
71 61
71 62
71 63
71 64
71 66
71 69
71 70
71 73
71 74
71 75
71 77
71 79
71 81
71 82
71 83
71 84
71 85
71 86
71 87
71 88
71 90
71 91
71 93
71 94
71 100
71 101
71 103
71 104
71 107
71 108
71 109
71 110
71 112
71 113
71 115
71 116
71 118
71 122
71 125
71 126
71 128
71 129
71 131
71 132
71 133
71 134
71 136
71 138
71 139
71 140
72 1
72 2
72 3
72 4
72 5
72 9
72 12
72 13
72 14
72 16
72 17
72 18
72 19
72 21
72 22
72 23
72 25
72 27
72 28
72 29
72 30
72 31
72 32
72 33
72 34
72 35
72 36
72 38
72 40
72 42
72 43
72 44
72 45
72 46
72 48
72 49
72 50
72 51
72 52
72 53
72 54
72 55
72 59
72 60
72 61
72 63
72 64
72 66
72 69
72 70
72 71
72 72
72 73
72 76
72 78
72 80
72 81
72 82
72 83
72 84
72 85
72 87
72 88
72 89
72 90
72 91
72 92
72 93
72 94
72 95
72 96
72 97
72 98
72 102
72 103
72 104
72 105
72 106
72 108
72 109
72 114
72 115
72 117
72 118
72 120
72 122
72 124
72 129
72 130
72 131
72 132
72 133
72 134
72 135
72 136
72 137
72 138
72 139
72 140
73 2
73 4
73 5
73 6
73 8
73 9
73 10
73 11
73 12
73 13
73 14
73 15
73 16
73 17
73 18
73 19
73 23
73 24
73 25
73 26
73 27
73 30
73 31
73 32
73 34
73 35
73 36
73 39
73 40
73 43
73 44
73 46
73 47
73 48
73 49
73 51
73 52
73 53
73 54
73 57
73 58
73 59
73 61
73 62
73 63
73 64
73 65
73 68
73 69
73 72
73 73
73 74
73 76
73 79
73 82
73 84
73 85
73 86
73 87
73 88
73 89
73 92
73 93
73 95
73 96
73 97
73 98
73 99
73 103
73 105
73 106
73 108
73 110
73 113
73 114
73 116
73 120
73 121
73 122
73 126
73 127
73 128
73 130
73 132
73 133
73 136
73 137
73 138
73 139
74 1
74 2
74 3
74 7
74 8
74 9
74 10
74 11
74 13
74 14
74 17
74 18
74 19
74 20
74 21
74 26
74 27
74 28
74 31
74 34
74 36
74 38
74 39
74 41
74 42
74 44
74 47
74 49
74 50
74 51
74 52
74 53
74 61
74 64
74 65
74 67
74 70
74 71
74 73
74 74
74 76
74 77
74 81
74 83
74 84
74 88
74 89
74 91
74 92
74 95
74 96
74 98
74 99
74 101
74 103
74 104
74 105
74 107
74 108
74 109
74 110
74 113
74 114
74 116
74 117
74 120
74 124
74 125
74 126
74 127
74 128
74 130
74 131
74 133
74 134
74 137
74 138
74 140
75 1
75 3
75 7
75 8
75 10
75 12
75 13
75 14
75 16
75 17
75 18
75 19
75 20
75 21
75 23
75 24
75 28
75 29
75 30
75 33
75 34
75 41
75 44
75 46
75 48
75 50
75 51
75 53
75 56
75 57
75 60
75 61
75 63
75 65
75 68
75 69
75 73
75 74
75 76
75 78
75 79
75 85
75 86
75 87
75 88
75 89
75 91
75 97
75 98
75 99
75 102
75 103
75 104
75 105
75 106
75 108
75 109
75 110
75 112
75 113
75 114
75 117
75 118
75 120
75 124
75 125
75 128
75 129
75 131
75 135
75 136
75 138
75 140
76 2
76 3
76 4
76 5
76 7
76 9
76 10
76 11
76 12
76 14
76 15
76 17
76 18
76 21
76 22
76 27
76 28
76 29
76 31
76 33
76 35
76 37
76 38
76 41
76 42
76 44
76 46
76 47
76 48
76 49
76 50
76 51
76 52
76 53
76 54
76 57
76 58
76 59
76 60
76 61
76 62
76 63
76 64
76 65
76 67
76 68
76 69
76 70
76 71
76 72
76 73
76 78
76 79
76 82
76 89
76 90
76 91
76 96
76 98
76 99
76 100
76 104
76 106
76 107
76 108
76 112
76 113
76 116
76 119
76 121
76 123
76 125
76 127
76 128
76 129
76 131
76 132
76 135
76 136
76 137
76 138
76 139
76 140
77 2
77 3
77 4
77 5
77 6
77 10
77 12
77 13
77 15
77 16
77 17
77 18
77 20
77 21
77 22
77 26
77 29
77 30
77 35
77 36
77 38
77 40
77 44
77 45
77 47
77 49
77 51
77 52
77 55
77 56
77 57
77 59
77 63
77 64
77 67
77 68
77 69
77 71
77 72
77 74
77 76
77 77
77 78
77 79
77 81
77 82
77 83
77 85
77 87
77 88
77 89
77 91
77 92
77 93
77 94
77 95
77 96
77 97
77 99
77 100
77 101
77 104
77 107
77 108
77 109
77 110
77 113
77 114
77 118
77 119
77 120
77 121
77 122
77 123
77 124
77 126
77 127
77 135
77 136
77 138
77 139
77 140
78 1
78 5
78 6
78 7
78 8
78 9
78 10
78 13
78 14
78 15
78 17
78 18
78 20
78 24
78 27
78 28
78 30
78 31
78 32
78 35
78 37
78 38
78 39
78 40
78 41
78 42
78 43
78 46
78 47
78 52
78 55
78 60
78 61
78 62
78 63
78 64
78 65
78 66
78 67
78 69
78 70
78 71
78 75
78 77
78 79
78 80
78 81
78 84
78 87
78 89
78 91
78 95
78 97
78 98
78 101
78 102
78 103
78 104
78 105
78 108
78 109
78 110
78 111
78 113
78 114
78 115
78 116
78 117
78 118
78 121
78 122
78 123
78 124
78 128
78 129
78 131
78 132
78 133
78 135
78 137
78 138
78 139
78 140
79 1
79 2
79 3
79 5
79 7
79 8
79 9
79 10
79 12
79 14
79 18
79 19
79 22
79 24
79 27
79 29
79 30
79 31
79 33
79 34
79 35
79 36
79 37
79 40
79 41
79 43
79 44
79 45
79 47
79 49
79 50
79 51
79 56
79 57
79 60
79 62
79 63
79 65
79 66
79 67
79 69
79 70
79 71
79 72
79 73
79 75
79 76
79 77
79 79
79 80
79 81
79 83
79 84
79 85
79 86
79 87
79 93
79 97
79 98
79 99
79 100
79 103
79 105
79 107
79 108
79 112
79 115
79 116
79 120
79 121
79 123
79 126
79 127
79 128
79 129
79 130
79 131
79 134
79 135
79 136
79 137
79 139
79 140
80 4
80 9
80 10
80 14
80 15
80 16
80 18
80 20
80 21
80 23
80 27
80 29
80 30
80 32
80 33
80 34
80 35
80 36
80 37
80 38
80 39
80 40
80 41
80 44
80 46
80 47
80 48
80 52
80 53
80 54
80 56
80 57
80 58
80 61
80 62
80 64
80 65
80 66
80 67
80 69
80 70
80 71
80 72
80 73
80 74
80 75
80 77
80 83
80 84
80 85
80 88
80 89
80 90
80 91
80 94
80 95
80 96
80 97
80 98
80 100
80 104
80 105
80 107
80 109
80 110
80 112
80 114
80 115
80 116
80 117
80 121
80 123
80 124
80 126
80 127
80 129
80 130
80 131
80 132
80 133
80 136
80 138
81 1
81 3
81 8
81 10
81 12
81 13
81 15
81 16
81 17
81 18
81 19
81 20
81 21
81 23
81 24
81 25
81 26
81 27
81 29
81 30
81 32
81 38
81 40
81 43
81 44
81 49
81 50
81 51
81 53
81 54
81 55
81 56
81 58
81 59
81 61
81 63
81 64
81 65
81 66
81 67
81 68
81 69
81 71
81 73
81 74
81 76
81 78
81 79
81 80
81 81
81 83
81 84
81 85
81 86
81 88
81 94
81 96
81 97
81 99
81 102
81 103
81 105
81 106
81 107
81 108
81 109
81 110
81 111
81 112
81 113
81 114
81 116
81 117
81 121
81 122
81 123
81 124
81 125
81 127
81 128
81 129
81 130
81 131
81 132
81 133
81 135
81 136
81 138
81 139
81 140
82 1
82 4
82 5
82 7
82 9
82 10
82 12
82 13
82 14
82 16
82 17
82 20
82 22
82 23
82 27
82 32
82 33
82 34
82 35
82 37
82 39
82 42
82 45
82 46
82 51
82 52
82 54
82 56
82 63
82 64
82 65
82 67
82 74
82 76
82 77
82 78
82 80
82 81
82 82
82 84
82 86
82 87
82 89
82 91
82 92
82 93
82 94
82 96
82 97
82 98
82 99
82 100
82 102
82 103
82 104
82 107
82 108
82 109
82 110
82 111
82 113
82 116
82 119
82 120
82 122
82 124
82 125
82 128
82 129
82 130
82 132
82 135
82 138
82 139
82 140
83 2
83 4
83 7
83 8
83 10
83 11
83 13
83 14
83 15
83 16
83 17
83 18
83 20
83 23
83 25
83 27
83 28
83 30
83 32
83 35
83 36
83 39
83 40
83 42
83 43
83 44
83 45
83 46
83 48
83 50
83 53
83 56
83 57
83 58
83 59
83 61
83 62
83 71
83 72
83 74
83 75
83 76
83 77
83 78
83 81
83 83
83 86
83 89
83 90
83 91
83 93
83 94
83 96
83 98
83 100
83 101
83 103
83 105
83 106
83 110
83 112
83 113
83 114
83 116
83 117
83 119
83 120
83 123
83 124
83 125
83 127
83 128
83 130
83 131
83 135
83 137
83 138
83 139
84 1
84 3
84 4
84 5
84 6
84 7
84 9
84 15
84 18
84 19
84 21
84 24
84 26
84 27
84 28
84 30
84 31
84 32
84 35
84 37
84 40
84 41
84 43
84 47
84 48
84 50
84 51
84 54
84 55
84 56
84 58
84 59
84 61
84 63
84 67
84 69
84 70
84 71
84 72
84 73
84 74
84 75
84 76
84 78
84 79
84 83
84 84
84 85
84 86
84 88
84 89
84 91
84 92
84 95
84 97
84 99
84 100
84 102
84 103
84 106
84 108
84 109
84 111
84 114
84 117
84 119
84 120
84 121
84 123
84 124
84 125
84 126
84 127
84 128
84 129
84 130
84 132
84 134
84 135
84 136
84 138
84 139
84 140
85 1
85 2
85 6
85 8
85 10
85 11
85 12
85 13
85 14
85 15
85 20
85 22
85 23
85 26
85 28
85 30
85 31
85 32
85 34
85 39
85 40
85 41
85 42
85 45
85 46
85 48
85 49
85 50
85 55
85 57
85 58
85 59
85 60
85 61
85 62
85 63
85 69
85 71
85 73
85 75
85 77
85 78
85 79
85 80
85 81
85 83
85 85
85 86
85 88
85 90
85 91
85 92
85 94
85 96
85 97
85 98
85 99
85 100
85 101
85 102
85 104
85 105
85 108
85 110
85 111
85 112
85 113
85 114
85 115
85 120
85 121
85 127
85 128
85 129
85 130
85 132
85 133
85 134
85 135
85 136
85 140
86 1
86 2
86 3
86 5
86 10
86 11
86 12
86 18
86 19
86 22
86 23
86 25
86 26
86 27
86 28
86 29
86 30
86 33
86 35
86 36
86 40
86 41
86 42
86 43
86 44
86 47
86 48
86 49
86 51
86 52
86 53
86 54
86 57
86 62
86 63
86 66
86 69
86 73
86 74
86 76
86 79
86 80
86 81
86 82
86 85
86 87
86 88
86 89
86 92
86 93
86 97
86 99
86 100
86 101
86 103
86 104
86 105
86 106
86 109
86 110
86 111
86 112
86 114
86 117
86 118
86 119
86 121
86 123
86 125
86 126
86 128
86 131
86 132
86 133
86 134
86 135
86 136
86 137
86 138
86 139
86 140
87 1
87 5
87 7
87 9
87 11
87 12
87 16
87 19
87 21
87 24
87 25
87 26
87 30
87 31
87 32
87 33
87 35
87 36
87 38
87 39
87 40
87 41
87 43
87 45
87 46
87 48
87 49
87 50
87 51
87 52
87 53
87 55
87 57
87 58
87 59
87 62
87 63
87 66
87 67
87 70
87 72
87 73
87 74
87 75
87 77
87 78
87 79
87 80
87 81
87 82
87 86
87 87
87 89
87 90
87 91
87 92
87 93
87 94
87 95
87 96
87 98
87 101
87 102
87 104
87 106
87 107
87 108
87 111
87 112
87 113
87 116
87 119
87 121
87 125
87 126
87 127
87 128
87 129
87 131
87 132
87 134
87 135
87 136
87 138
88 1
88 3
88 5
88 7
88 8
88 9
88 10
88 11
88 13
88 15
88 17
88 21
88 22
88 24
88 26
88 31
88 33
88 34
88 36
88 38
88 39
88 41
88 44
88 45
88 46
88 47
88 53
88 54
88 55
88 57
88 58
88 59
88 60
88 61
88 63
88 66
88 68
88 69
88 70
88 71
88 75
88 78
88 80
88 82
88 83
88 85
88 86
88 89
88 91
88 92
88 93
88 99
88 102
88 104
88 106
88 110
88 111
88 112
88 117
88 119
88 121
88 122
88 123
88 124
88 126
88 128
88 129
88 131
88 132
88 135
88 139
88 140
89 1
89 2
89 4
89 6
89 8
89 9
89 10
89 11
89 13
89 16
89 17
89 18
89 20
89 21
89 22
89 24
89 26
89 32
89 33
89 36
89 37
89 42
89 43
89 44
89 46
89 48
89 51
89 52
89 53
89 55
89 57
89 58
89 60
89 62
89 65
89 67
89 69
89 70
89 72
89 74
89 75
89 78
89 80
89 81
89 82
89 83
89 84
89 86
89 91
89 92
89 93
89 94
89 96
89 97
89 103
89 104
89 105
89 106
89 107
89 109
89 110
89 113
89 116
89 118
89 119
89 120
89 121
89 122
89 123
89 124
89 125
89 126
89 127
89 128
89 130
89 131
89 132
89 133
89 134
89 136
89 139
89 140
90 3
90 4
90 6
90 7
90 10
90 11
90 15
90 16
90 17
90 18
90 19
90 20
90 21
90 22
90 24
90 26
90 27
90 32
90 33
90 34
90 36
90 37
90 38
90 39
90 40
90 42
90 43
90 44
90 45
90 46
90 47
90 48
90 50
90 52
90 53
90 54
90 55
90 56
90 57
90 61
90 62
90 63
90 64
90 65
90 67
90 68
90 69
90 71
90 73
90 74
90 75
90 77
90 78
90 80
90 82
90 84
90 85
90 86
90 87
90 88
90 91
90 92
90 94
90 95
90 96
90 97
90 98
90 99
90 101
90 102
90 103
90 104
90 105
90 106
90 107
90 112
90 118
90 119
90 120
90 127
90 132
90 134
90 135
90 137
90 138
90 139
91 1
91 9
91 10
91 13
91 15
91 16
91 17
91 18
91 20
91 21
91 22
91 23
91 25
91 26
91 28
91 30
91 31
91 32
91 34
91 35
91 36
91 37
91 38
91 39
91 40
91 41
91 43
91 44
91 47
91 48
91 49
91 51
91 52
91 53
91 54
91 55
91 58
91 60
91 62
91 63
91 66
91 68
91 70
91 73
91 74
91 75
91 79
91 80
91 84
91 86
91 90
91 91
91 92
91 94
91 96
91 97
91 98
91 99
91 101
91 104
91 108
91 110
91 114
91 115
91 117
91 118
91 119
91 120
91 122
91 125
91 127
91 128
91 129
91 131
91 132
91 134
91 135
91 136
91 140
92 1
92 2
92 5
92 7
92 8
92 9
92 11
92 12
92 13
92 14
92 15
92 16
92 17
92 18
92 20
92 22
92 23
92 24
92 27
92 29
92 31
92 33
92 35
92 36
92 37
92 38
92 40
92 43
92 44
92 47
92 48
92 52
92 53
92 56
92 57
92 62
92 64
92 65
92 67
92 68
92 69
92 71
92 74
92 75
92 76
92 77
92 82
92 83
92 84
92 86
92 88
92 89
92 91
92 92
92 93
92 94
92 95
92 96
92 97
92 101
92 103
92 105
92 106
92 108
92 111
92 112
92 113
92 114
92 115
92 116
92 117
92 118
92 120
92 121
92 123
92 124
92 126
92 127
92 128
92 129
92 132
92 133
92 134
92 138
92 139
92 140
93 1
93 2
93 3
93 5
93 6
93 11
93 12
93 13
93 19
93 22
93 25
93 26
93 27
93 28
93 30
93 31
93 32
93 35
93 36
93 37
93 38
93 40
93 42
93 43
93 44
93 46
93 47
93 48
93 49
93 50
93 51
93 52
93 53
93 55
93 57
93 59
93 62
93 63
93 64
93 66
93 68
93 69
93 70
93 71
93 73
93 77
93 78
93 79
93 86
93 88
93 89
93 91
93 94
93 95
93 96
93 101
93 103
93 106
93 108
93 112
93 113
93 114
93 115
93 116
93 119
93 121
93 124
93 125
93 126
93 127
93 129
93 130
93 131
93 132
93 133
93 134
93 137
93 138
93 139
93 140
94 2
94 4
94 6
94 7
94 9
94 10
94 11
94 15
94 19
94 20
94 25
94 26
94 30
94 31
94 33
94 34
94 37
94 38
94 39
94 40
94 41
94 42
94 44
94 46
94 48
94 49
94 50
94 51
94 52
94 53
94 56
94 57
94 58
94 59
94 60
94 63
94 64
94 65
94 67
94 68
94 69
94 70
94 71
94 72
94 73
94 74
94 77
94 78
94 81
94 84
94 86
94 88
94 90
94 91
94 92
94 93
94 94
94 95
94 97
94 98
94 99
94 101
94 102
94 104
94 105
94 106
94 107
94 108
94 111
94 112
94 114
94 115
94 117
94 119
94 120
94 122
94 123
94 124
94 128
94 129
94 130
94 131
94 133
94 135
94 136
94 137
94 138
94 139
94 140
95 1
95 4
95 5
95 6
95 7
95 11
95 12
95 17
95 19
95 27
95 31
95 32
95 34
95 36
95 37
95 39
95 40
95 41
95 44
95 48
95 49
95 50
95 52
95 53
95 54
95 57
95 58
95 60
95 63
95 64
95 67
95 69
95 70
95 72
95 73
95 75
95 76
95 77
95 78
95 80
95 81
95 82
95 84
95 87
95 90
95 91
95 92
95 93
95 94
95 97
95 98
95 101
95 103
95 104
95 105
95 108
95 110
95 111
95 112
95 114
95 115
95 116
95 118
95 119
95 122
95 123
95 124
95 126
95 128
95 133
95 134
95 136
95 137
95 138
95 139
95 140
96 1
96 4
96 6
96 7
96 8
96 9
96 10
96 11
96 14
96 19
96 20
96 21
96 22
96 25
96 27
96 30
96 31
96 32
96 33
96 34
96 36
96 37
96 38
96 39
96 40
96 41
96 44
96 45
96 47
96 48
96 51
96 52
96 56
96 58
96 59
96 60
96 62
96 63
96 64
96 65
96 66
96 69
96 70
96 71
96 76
96 79
96 80
96 81
96 85
96 86
96 87
96 88
96 92
96 94
96 97
96 98
96 102
96 103
96 104
96 105
96 107
96 108
96 109
96 110
96 111
96 112
96 113
96 117
96 118
96 119
96 120
96 121
96 122
96 123
96 124
96 126
96 132
96 133
96 134
96 135
96 140
97 1
97 2
97 3
97 7
97 11
97 13
97 14
97 15
97 16
97 17
97 19
97 22
97 24
97 28
97 29
97 32
97 35
97 37
97 38
97 39
97 41
97 42
97 44
97 46
97 48
97 50
97 51
97 54
97 56
97 57
97 58
97 60
97 63
97 65
97 66
97 68
97 71
97 74
97 76
97 77
97 78
97 80
97 82
97 83
97 84
97 85
97 87
97 90
97 95
97 100
97 104
97 105
97 108
97 109
97 110
97 112
97 116
97 118
97 120
97 124
97 126
97 127
97 129
97 133
97 134
97 136
97 137
97 138
97 140
98 1
98 4
98 6
98 7
98 11
98 14
98 17
98 18
98 19
98 23
98 24
98 25
98 26
98 29
98 32
98 36
98 40
98 41
98 46
98 47
98 50
98 51
98 52
98 53
98 54
98 56
98 60
98 61
98 62
98 63
98 64
98 67
98 69
98 72
98 73
98 75
98 76
98 79
98 80
98 81
98 83
98 84
98 85
98 87
98 88
98 90
98 92
98 95
98 97
98 99
98 100
98 101
98 102
98 105
98 106
98 107
98 108
98 110
98 112
98 117
98 120
98 121
98 122
98 123
98 124
98 126
98 127
98 130
98 133
98 134
98 135
98 136
98 137
98 139
98 140
99 1
99 3
99 4
99 6
99 8
99 10
99 11
99 12
99 13
99 15
99 16
99 17
99 18
99 19
99 21
99 22
99 23
99 24
99 25
99 26
99 27
99 28
99 29
99 32
99 33
99 36
99 37
99 38
99 45
99 46
99 47
99 48
99 49
99 50
99 51
99 52
99 54
99 55
99 56
99 57
99 58
99 59
99 60
99 61
99 62
99 63
99 66
99 70
99 74
99 75
99 76
99 78
99 81
99 83
99 84
99 85
99 87
99 89
99 90
99 94
99 95
99 97
99 98
99 99
99 100
99 101
99 104
99 107
99 110
99 111
99 112
99 113
99 114
99 115
99 116
99 117
99 118
99 119
99 120
99 123
99 124
99 125
99 127
99 128
99 129
99 130
99 131
99 132
99 133
99 134
99 135
99 136
99 137
99 140
100 3
100 7
100 9
100 10
100 11
100 12
100 15
100 17
100 18
100 22
100 24
100 25
100 26
100 29
100 30
100 31
100 33
100 34
100 36
100 37
100 41
100 43
100 44
100 47
100 48
100 49
100 50
100 51
100 52
100 53
100 54
100 55
100 56
100 58
100 60
100 61
100 62
100 64
100 66
100 70
100 73
100 76
100 77
100 80
100 82
100 83
100 84
100 87
100 89
100 90
100 91
100 92
100 95
100 96
100 97
100 98
100 99
100 100
100 103
100 104
100 105
100 106
100 107
100 108
100 109
100 110
100 113
100 115
100 118
100 121
100 123
100 126
100 127
100 128
100 129
100 131
100 134
100 137
100 138
100 139
100 140
101 4
101 5
101 6
101 7
101 8
101 10
101 11
101 12
101 15
101 16
101 20
101 21
101 22
101 23
101 25
101 27
101 30
101 33
101 35
101 37
101 38
101 39
101 41
101 42
101 43
101 44
101 45
101 47
101 48
101 51
101 53
101 57
101 58
101 61
101 62
101 63
101 64
101 65
101 67
101 69
101 71
101 73
101 75
101 76
101 78
101 81
101 82
101 83
101 84
101 85
101 86
101 90
101 91
101 92
101 93
101 94
101 98
101 99
101 101
101 104
101 106
101 108
101 109
101 110
101 112
101 114
101 117
101 120
101 124
101 127
101 128
101 130
101 132
101 134
101 136
101 139
102 2
102 5
102 7
102 8
102 9
102 11
102 13
102 19
102 22
102 23
102 26
102 28
102 30
102 32
102 33
102 34
102 35
102 40
102 41
102 43
102 45
102 46
102 47
102 50
102 52
102 54
102 56
102 57
102 58
102 59
102 60
102 61
102 65
102 66
102 70
102 73
102 74
102 75
102 76
102 77
102 83
102 85
102 86
102 87
102 88
102 90
102 91
102 92
102 95
102 96
102 97
102 98
102 99
102 103
102 107
102 109
102 113
102 114
102 115
102 116
102 118
102 119
102 120
102 121
102 122
102 124
102 125
102 126
102 128
102 130
102 131
102 134
102 135
102 138
102 140
103 1
103 3
103 4
103 6
103 9
103 10
103 11
103 12
103 16
103 17
103 18
103 22
103 23
103 26
103 28
103 29
103 31
103 33
103 35
103 36
103 38
103 39
103 41
103 42
103 47
103 48
103 50
103 51
103 53
103 54
103 57
103 58
103 62
103 63
103 64
103 67
103 68
103 70
103 72
103 73
103 74
103 75
103 79
103 82
103 83
103 84
103 85
103 87
103 89
103 91
103 92
103 93
103 94
103 95
103 96
103 97
103 98
103 101
103 102
103 103
103 104
103 105
103 106
103 107
103 108
103 109
103 110
103 111
103 120
103 123
103 124
103 125
103 126
103 127
103 130
103 131
103 133
103 135
103 136
103 137
103 138
103 140
104 1
104 3
104 5
104 6
104 10
104 13
104 14
104 15
104 18
104 20
104 21
104 23
104 26
104 27
104 28
104 30
104 31
104 34
104 37
104 38
104 39
104 40
104 41
104 42
104 43
104 44
104 46
104 47
104 48
104 50
104 51
104 52
104 53
104 54
104 55
104 56
104 57
104 58
104 59
104 60
104 64
104 67
104 68
104 70
104 71
104 73
104 77
104 78
104 79
104 84
104 86
104 88
104 89
104 91
104 98
104 100
104 103
104 104
104 105
104 106
104 107
104 109
104 111
104 112
104 113
104 115
104 117
104 118
104 120
104 121
104 123
104 124
104 125
104 126
104 128
104 129
104 131
104 132
104 134
104 135
104 136
104 138
105 1
105 3
105 4
105 7
105 8
105 9
105 12
105 14
105 15
105 16
105 17
105 19
105 20
105 21
105 22
105 25
105 26
105 28
105 29
105 30
105 34
105 37
105 38
105 39
105 40
105 41
105 43
105 44
105 45
105 46
105 48
105 49
105 50
105 52
105 53
105 54
105 55
105 58
105 61
105 62
105 63
105 64
105 65
105 66
105 67
105 68
105 69
105 70
105 71
105 74
105 75
105 76
105 78
105 80
105 82
105 83
105 84
105 86
105 87
105 88
105 90
105 91
105 96
105 97
105 100
105 101
105 103
105 108
105 111
105 112
105 114
105 115
105 116
105 117
105 119
105 120
105 122
105 123
105 124
105 126
105 127
105 129
105 130
105 132
105 135
105 137
105 138
105 139
106 1
106 2
106 4
106 5
106 6
106 9
106 11
106 15
106 17
106 19
106 20
106 21
106 22
106 23
106 26
106 27
106 28
106 31
106 32
106 33
106 35
106 37
106 38
106 39
106 40
106 43
106 44
106 45
106 46
106 47
106 48
106 51
106 52
106 53
106 55
106 56
106 58
106 61
106 62
106 64
106 65
106 68
106 69
106 71
106 74
106 75
106 76
106 78
106 79
106 80
106 81
106 83
106 84
106 86
106 87
106 89
106 92
106 93
106 94
106 96
106 97
106 98
106 99
106 100
106 104
106 105
106 106
106 107
106 108
106 110
106 112
106 113
106 114
106 115
106 116
106 117
106 119
106 120
106 121
106 124
106 126
106 127
106 128
106 130
106 131
106 132
106 133
106 134
106 137
106 138
106 139
106 140
107 1
107 2
107 5
107 6
107 8
107 10
107 11
107 13
107 14
107 15
107 16
107 19
107 20
107 22
107 23
107 24
107 28
107 29
107 30
107 32
107 33
107 37
107 39
107 41
107 42
107 44
107 46
107 47
107 49
107 51
107 52
107 53
107 54
107 55
107 56
107 58
107 59
107 60
107 62
107 65
107 68
107 69
107 70
107 71
107 72
107 73
107 74
107 77
107 81
107 82
107 84
107 86
107 87
107 89
107 91
107 92
107 95
107 96
107 98
107 99
107 100
107 101
107 102
107 104
107 105
107 106
107 107
107 108
107 110
107 112
107 115
107 116
107 120
107 121
107 122
107 126
107 130
107 131
107 132
107 134
107 135
107 140
108 1
108 3
108 5
108 6
108 8
108 9
108 11
108 13
108 14
108 15
108 17
108 18
108 19
108 20
108 21
108 22
108 23
108 24
108 25
108 26
108 27
108 28
108 29
108 31
108 33
108 34
108 35
108 41
108 43
108 44
108 46
108 47
108 49
108 53
108 54
108 56
108 57
108 58
108 61
108 63
108 65
108 68
108 69
108 70
108 73
108 74
108 75
108 76
108 77
108 78
108 79
108 81
108 82
108 85
108 87
108 89
108 90
108 92
108 94
108 95
108 96
108 99
108 103
108 104
108 105
108 106
108 107
108 109
108 110
108 112
108 113
108 114
108 115
108 116
108 117
108 118
108 119
108 120
108 121
108 122
108 124
108 126
108 127
108 129
108 132
108 133
108 134
108 135
108 137
108 140
109 2
109 4
109 5
109 6
109 7
109 8
109 9
109 12
109 13
109 14
109 15
109 16
109 20
109 21
109 25
109 27
109 29
109 30
109 32
109 33
109 35
109 36
109 39
109 41
109 43
109 45
109 47
109 48
109 49
109 52
109 54
109 58
109 60
109 61
109 62
109 63
109 64
109 66
109 69
109 70
109 72
109 73
109 74
109 75
109 76
109 77
109 78
109 79
109 80
109 81
109 83
109 86
109 87
109 88
109 90
109 91
109 92
109 93
109 94
109 97
109 98
109 102
109 103
109 105
109 107
109 108
109 111
109 112
109 113
109 115
109 118
109 119
109 120
109 121
109 123
109 124
109 125
109 127
109 128
109 130
109 131
109 132
109 135
109 136
109 138
109 140
110 3
110 4
110 5
110 6
110 7
110 8
110 10
110 11
110 12
110 15
110 17
110 18
110 22
110 25
110 27
110 30
110 32
110 33
110 34
110 35
110 43
110 45
110 46
110 47
110 48
110 50
110 52
110 54
110 56
110 57
110 59
110 60
110 62
110 63
110 64
110 65
110 67
110 68
110 69
110 71
110 72
110 73
110 75
110 76
110 78
110 79
110 81
110 82
110 83
110 84
110 85
110 87
110 88
110 91
110 93
110 94
110 95
110 97
110 98
110 99
110 101
110 102
110 103
110 107
110 108
110 109
110 110
110 112
110 113
110 114
110 120
110 121
110 124
110 126
110 127
110 129
110 131
110 132
110 133
110 139
111 1
111 3
111 7
111 9
111 11
111 12
111 13
111 14
111 15
111 16
111 18
111 19
111 20
111 21
111 24
111 25
111 26
111 27
111 28
111 29
111 31
111 33
111 34
111 36
111 37
111 40
111 44
111 47
111 48
111 49
111 51
111 54
111 55
111 56
111 57
111 58
111 62
111 64
111 65
111 66
111 67
111 68
111 69
111 70
111 71
111 72
111 73
111 75
111 77
111 78
111 79
111 80
111 81
111 82
111 84
111 88
111 89
111 90
111 93
111 95
111 97
111 100
111 102
111 103
111 104
111 107
111 108
111 111
111 115
111 116
111 117
111 118
111 119
111 120
111 121
111 127
111 128
111 129
111 130
111 131
111 132
111 133
111 134
111 135
111 136
111 137
111 138
111 140
112 1
112 4
112 6
112 7
112 8
112 9
112 10
112 11
112 14
112 15
112 17
112 18
112 22
112 23
112 24
112 25
112 27
112 31
112 34
112 35
112 36
112 37
112 38
112 40
112 42
112 43
112 45
112 46
112 48
112 49
112 50
112 51
112 52
112 53
112 55
112 56
112 57
112 58
112 60
112 61
112 63
112 66
112 68
112 70
112 71
112 73
112 75
112 76
112 78
112 79
112 81
112 83
112 87
112 88
112 93
112 94
112 95
112 96
112 97
112 99
112 105
112 108
112 109
112 112
112 113
112 116
112 118
112 119
112 122
112 123
112 124
112 125
112 126
112 129
112 130
112 132
112 133
112 134
112 135
112 138
112 140
