48 60 866
1 5
1 10
1 11
1 13
1 15
1 16
1 18
1 19
1 25
1 26
1 29
1 33
1 34
1 35
1 37
1 41
1 43
1 47
1 48
1 49
1 51
1 56
1 57
1 58
2 1
2 5
2 6
2 7
2 9
2 13
2 17
2 24
2 26
2 32
2 39
2 44
2 58
2 59
2 60
3 1
3 3
3 5
3 6
3 10
3 11
3 16
3 17
3 19
3 20
3 21
3 25
3 29
3 32
3 34
3 39
3 40
3 41
3 44
3 46
3 47
3 48
3 54
3 60
4 17
4 18
4 20
4 30
4 32
4 34
4 42
4 44
4 46
4 49
4 54
4 56
4 57
5 2
5 4
5 8
5 10
5 11
5 13
5 14
5 21
5 22
5 24
5 27
5 34
5 37
5 40
5 42
5 43
5 46
5 47
5 49
5 50
5 51
5 54
5 57
6 7
6 8
6 12
6 13
6 19
6 22
6 27
6 28
6 37
6 39
6 40
6 43
6 45
6 51
6 54
6 55
6 56
6 57
6 58
6 59
6 60
7 1
7 10
7 11
7 16
7 19
7 20
7 21
7 22
7 28
7 33
7 36
7 37
7 39
7 45
7 46
7 48
7 49
7 50
7 53
7 55
8 1
8 12
8 16
8 18
8 19
8 26
8 27
8 29
8 34
8 36
8 43
8 45
8 47
8 48
8 50
8 51
8 52
8 53
8 56
8 58
8 59
9 1
9 4
9 5
9 7
9 12
9 20
9 24
9 30
9 38
9 42
9 59
10 1
10 4
10 8
10 14
10 18
10 19
10 22
10 23
10 26
10 27
10 33
10 34
10 35
10 42
10 45
10 51
10 53
10 59
11 12
11 18
11 21
11 22
11 23
11 28
11 30
11 34
11 38
11 42
11 53
11 56
11 59
12 1
12 4
12 6
12 7
12 10
12 11
12 13
12 14
12 16
12 22
12 25
12 30
12 31
12 42
12 47
12 48
12 50
12 51
12 55
12 56
13 5
13 17
13 19
13 21
13 29
13 33
13 35
13 37
13 46
13 50
13 54
13 55
14 1
14 4
14 7
14 8
14 11
14 12
14 17
14 20
14 23
14 25
14 33
14 38
14 39
14 40
14 42
14 43
14 47
14 53
14 59
14 60
15 3
15 6
15 7
15 8
15 14
15 20
15 22
15 25
15 29
15 30
15 32
15 33
15 36
15 38
15 44
15 51
15 55
15 58
16 1
16 3
16 4
16 9
16 12
16 15
16 21
16 22
16 29
16 34
16 37
16 38
16 44
16 53
16 55
16 57
17 5
17 13
17 15
17 18
17 26
17 28
17 29
17 30
17 35
17 46
17 55
17 57
17 60
18 2
18 6
18 8
18 14
18 17
18 19
18 21
18 37
18 45
18 48
18 49
18 50
18 54
18 56
18 60
19 4
19 5
19 7
19 8
19 10
19 11
19 13
19 14
19 16
19 21
19 31
19 45
19 48
19 56
19 57
19 60
20 6
20 10
20 11
20 12
20 13
20 16
20 17
20 18
20 22
20 29
20 32
20 34
20 36
20 49
20 55
20 56
20 58
21 1
21 2
21 11
21 25
21 28
21 30
21 31
21 36
21 41
21 49
21 51
21 53
21 55
21 57
21 59
22 1
22 6
22 7
22 10
22 12
22 13
22 18
22 19
22 20
22 23
22 24
22 32
22 33
22 35
22 36
22 43
22 45
22 49
22 54
22 56
22 58
23 4
23 8
23 9
23 11
23 16
23 21
23 24
23 29
23 30
23 32
23 43
23 45
23 48
23 50
23 51
23 53
23 54
23 57
23 58
23 59
23 60
24 9
24 10
24 15
24 16
24 23
24 25
24 26
24 28
24 29
24 30
24 43
24 44
24 46
24 49
24 51
24 60
25 6
25 15
25 23
25 28
25 29
25 31
25 34
25 37
25 38
25 40
25 42
25 46
25 48
25 49
25 53
25 56
25 57
26 2
26 4
26 5
26 8
26 14
26 19
26 21
26 22
26 30
26 33
26 36
26 37
26 38
26 39
26 43
26 44
26 45
26 48
26 49
26 54
26 55
26 60
27 2
27 5
27 8
27 9
27 12
27 14
27 16
27 19
27 21
27 23
27 28
27 29
27 30
27 31
27 32
27 35
27 43
27 47
27 49
27 55
27 57
27 59
28 1
28 4
28 7
28 10
28 12
28 14
28 15
28 20
28 22
28 24
28 32
28 35
28 39
28 41
28 43
28 45
28 46
28 51
28 54
28 55
29 1
29 2
29 3
29 7
29 12
29 17
29 26
29 27
29 29
29 30
29 32
29 34
29 36
29 41
29 44
29 48
29 51
29 57
29 58
30 5
30 7
30 8
30 12
30 13
30 15
30 18
30 21
30 23
30 26
30 28
30 35
30 38
30 44
30 45
30 47
30 48
30 50
30 52
30 55
30 56
30 57
30 59
30 60
31 10
31 12
31 13
31 19
31 22
31 25
31 27
31 28
31 29
31 31
31 33
31 37
31 39
31 44
31 49
31 52
31 53
31 59
32 1
32 2
32 3
32 4
32 5
32 7
32 8
32 9
32 13
32 18
32 21
32 25
32 26
32 30
32 33
32 41
32 48
32 51
32 57
32 58
32 59
33 7
33 18
33 23
33 25
33 30
33 32
33 34
33 36
33 38
33 39
33 50
33 54
33 55
33 58
34 14
34 23
34 27
34 35
34 43
34 45
34 48
34 49
34 53
35 1
35 4
35 6
35 8
35 11
35 12
35 17
35 18
35 19
35 21
35 23
35 26
35 28
35 37
35 38
35 43
35 45
35 47
35 48
35 54
35 56
35 60
36 1
36 23
36 36
36 37
36 38
36 47
36 48
37 2
37 8
37 13
37 14
37 15
37 16
37 19
37 27
37 28
37 32
37 33
37 36
37 38
37 40
37 41
37 42
37 44
37 45
37 54
37 58
38 5
38 9
38 10
38 18
38 20
38 23
38 24
38 26
38 31
38 36
38 38
38 40
38 41
38 43
38 48
38 51
38 53
38 55
38 57
38 59
39 1
39 3
39 6
39 8
39 9
39 10
39 11
39 13
39 14
39 21
39 22
39 24
39 28
39 29
39 42
39 43
39 44
39 45
39 46
39 48
40 1
40 2
40 3
40 4
40 6
40 10
40 17
40 18
40 19
40 22
40 24
40 28
40 32
40 36
40 38
40 41
40 42
40 43
40 51
40 52
40 54
40 55
40 57
41 2
41 6
41 8
41 9
41 19
41 23
41 25
41 26
41 29
41 30
41 32
41 44
41 45
41 48
41 52
41 54
41 55
41 58
42 1
42 3
42 6
42 18
42 19
42 21
42 22
42 23
42 24
42 25
42 26
42 28
42 32
42 34
42 35
42 37
42 48
42 49
42 51
42 52
42 53
42 54
42 58
42 59
42 60
43 3
43 5
43 10
43 13
43 14
43 18
43 20
43 21
43 23
43 24
43 26
43 27
43 31
43 35
43 44
43 46
43 49
43 50
43 55
43 56
43 57
43 59
43 60
44 3
44 4
44 5
44 6
44 9
44 10
44 12
44 13
44 23
44 25
44 26
44 33
44 34
44 47
44 49
44 53
44 58
45 6
45 8
45 13
45 23
45 25
45 29
45 30
45 35
45 36
45 40
45 43
45 52
45 53
45 55
46 2
46 4
46 5
46 7
46 15
46 21
46 22
46 24
46 25
46 28
46 30
46 35
46 36
46 39
46 45
46 47
46 56
46 57
46 59
47 1
47 14
47 17
47 20
47 23
47 27
47 28
47 37
47 38
47 40
47 42
47 43
47 46
47 47
47 49
47 59
48 6
48 15
48 17
48 20
48 21
48 22
48 28
48 32
48 37
48 47
48 48
48 55
48 57
