80 100 4757
1 1
1 2
1 3
1 4
1 5
1 6
1 7
1 8
1 10
1 12
1 18
1 19
1 20
1 21
1 22
1 23
1 24
1 25
1 27
1 30
1 31
1 32
1 35
1 36
1 39
1 40
1 42
1 43
1 44
1 45
1 46
1 48
1 49
1 51
1 53
1 58
1 62
1 64
1 66
1 71
1 72
1 73
1 74
1 75
1 76
1 77
1 79
1 80
1 81
1 82
1 84
1 85
1 86
1 88
1 89
1 90
1 92
1 93
1 96
1 97
1 98
2 1
2 3
2 4
2 5
2 7
2 9
2 10
2 11
2 12
2 13
2 14
2 19
2 20
2 22
2 23
2 25
2 28
2 31
2 35
2 37
2 41
2 43
2 45
2 47
2 52
2 54
2 55
2 58
2 59
2 61
2 62
2 63
2 65
2 66
2 68
2 73
2 75
2 76
2 78
2 80
2 81
2 82
2 83
2 87
2 88
2 89
2 91
2 94
2 95
3 1
3 2
3 4
3 6
3 7
3 8
3 11
3 12
3 13
3 17
3 18
3 19
3 20
3 22
3 28
3 29
3 31
3 32
3 34
3 35
3 41
3 42
3 44
3 46
3 47
3 48
3 49
3 50
3 51
3 52
3 55
3 57
3 58
3 60
3 61
3 64
3 65
3 66
3 69
3 70
3 71
3 73
3 74
3 77
3 78
3 80
3 83
3 85
3 86
3 87
3 88
3 89
3 90
3 91
3 93
3 95
3 96
3 99
3 100
4 1
4 2
4 5
4 7
4 8
4 10
4 11
4 12
4 13
4 14
4 15
4 16
4 19
4 20
4 21
4 22
4 23
4 25
4 26
4 29
4 30
4 31
4 34
4 36
4 37
4 39
4 40
4 41
4 43
4 44
4 45
4 46
4 47
4 49
4 52
4 53
4 55
4 57
4 58
4 59
4 63
4 64
4 65
4 66
4 68
4 69
4 70
4 71
4 72
4 74
4 75
4 77
4 80
4 81
4 83
4 84
4 85
4 88
4 93
4 95
4 96
4 99
5 1
5 2
5 3
5 5
5 7
5 8
5 9
5 12
5 14
5 17
5 20
5 21
5 24
5 26
5 27
5 28
5 29
5 30
5 31
5 33
5 34
5 35
5 36
5 37
5 40
5 41
5 43
5 44
5 45
5 46
5 47
5 48
5 49
5 51
5 53
5 54
5 55
5 56
5 57
5 58
5 61
5 63
5 65
5 66
5 67
5 68
5 69
5 75
5 79
5 80
5 82
5 83
5 85
5 86
5 87
5 90
5 91
5 92
5 93
5 97
5 98
5 100
6 1
6 2
6 4
6 5
6 7
6 11
6 12
6 13
6 15
6 16
6 17
6 18
6 20
6 21
6 22
6 23
6 26
6 28
6 29
6 31
6 32
6 36
6 37
6 38
6 43
6 44
6 45
6 46
6 48
6 49
6 52
6 53
6 55
6 56
6 58
6 59
6 61
6 62
6 64
6 66
6 67
6 68
6 69
6 70
6 71
6 73
6 74
6 75
6 76
6 77
6 78
6 79
6 80
6 81
6 82
6 84
6 85
6 86
6 87
6 88
6 93
6 94
6 95
6 96
6 97
6 99
7 2
7 3
7 4
7 6
7 9
7 11
7 12
7 13
7 15
7 16
7 18
7 19
7 22
7 23
7 27
7 29
7 30
7 31
7 33
7 34
7 35
7 36
7 40
7 41
7 42
7 44
7 46
7 48
7 49
7 50
7 52
7 54
7 56
7 57
7 58
7 59
7 62
7 63
7 68
7 69
7 72
7 73
7 74
7 76
7 77
7 82
7 84
7 85
7 86
7 87
7 89
7 91
7 93
7 95
7 96
7 99
8 2
8 3
8 4
8 6
8 8
8 9
8 12
8 13
8 14
8 15
8 17
8 18
8 23
8 24
8 26
8 27
8 28
8 29
8 31
8 32
8 34
8 35
8 36
8 37
8 38
8 39
8 40
8 42
8 44
8 45
8 46
8 47
8 49
8 50
8 51
8 52
8 55
8 57
8 58
8 59
8 60
8 61
8 62
8 63
8 64
8 68
8 69
8 71
8 75
8 76
8 79
8 80
8 81
8 86
8 88
8 90
8 92
8 96
8 98
8 100
9 1
9 2
9 4
9 5
9 6
9 7
9 8
9 15
9 16
9 18
9 19
9 20
9 23
9 25
9 27
9 28
9 33
9 34
9 38
9 40
9 42
9 43
9 47
9 48
9 49
9 53
9 54
9 55
9 56
9 57
9 59
9 62
9 64
9 65
9 67
9 68
9 69
9 71
9 72
9 73
9 74
9 75
9 76
9 78
9 80
9 84
9 85
9 86
9 87
9 89
9 90
9 93
9 94
9 96
9 97
9 99
9 100
10 1
10 5
10 6
10 7
10 9
10 12
10 13
10 15
10 16
10 18
10 19
10 20
10 21
10 23
10 24
10 25
10 27
10 28
10 29
10 30
10 32
10 34
10 35
10 38
10 39
10 40
10 41
10 42
10 43
10 45
10 46
10 48
10 49
10 50
10 51
10 52
10 55
10 56
10 58
10 59
10 60
10 61
10 62
10 63
10 64
10 65
10 66
10 68
10 71
10 72
10 73
10 74
10 75
10 77
10 78
10 79
10 80
10 81
10 82
10 83
10 86
10 87
10 88
10 89
10 91
10 94
10 95
10 96
10 97
10 98
10 99
10 100
11 1
11 3
11 6
11 7
11 8
11 9
11 11
11 13
11 17
11 18
11 19
11 20
11 21
11 22
11 23
11 25
11 27
11 28
11 29
11 31
11 32
11 33
11 34
11 36
11 38
11 39
11 42
11 43
11 44
11 48
11 50
11 52
11 53
11 55
11 56
11 58
11 61
11 64
11 65
11 66
11 67
11 69
11 70
11 72
11 76
11 78
11 79
11 82
11 83
11 84
11 88
11 90
11 91
11 93
11 95
11 97
11 98
11 100
12 2
12 3
12 11
12 12
12 14
12 15
12 16
12 17
12 19
12 21
12 24
12 25
12 27
12 28
12 30
12 33
12 34
12 40
12 41
12 43
12 46
12 48
12 49
12 50
12 51
12 56
12 57
12 58
12 61
12 62
12 63
12 64
12 65
12 67
12 68
12 69
12 71
12 72
12 73
12 74
12 77
12 78
12 79
12 81
12 83
12 85
12 86
12 87
12 88
12 90
12 91
12 92
12 93
12 94
12 97
12 98
13 1
13 2
13 6
13 8
13 9
13 13
13 14
13 17
13 18
13 19
13 22
13 24
13 25
13 28
13 29
13 30
13 32
13 33
13 34
13 36
13 38
13 39
13 41
13 42
13 43
13 45
13 48
13 51
13 52
13 53
13 54
13 57
13 58
13 59
13 60
13 62
13 63
13 64
13 65
13 66
13 67
13 68
13 70
13 71
13 72
13 73
13 76
13 77
13 78
13 79
13 80
13 82
13 86
13 87
13 92
13 93
13 96
13 98
13 100
14 1
14 5
14 8
14 9
14 10
14 11
14 12
14 13
14 14
14 15
14 16
14 17
14 18
14 19
14 20
14 23
14 24
14 25
14 27
14 28
14 29
14 30
14 33
14 35
14 36
14 37
14 39
14 41
14 42
14 43
14 45
14 46
14 47
14 48
14 49
14 51
14 52
14 53
14 54
14 55
14 58
14 63
14 65
14 66
14 67
14 71
14 72
14 75
14 76
14 80
14 81
14 84
14 85
14 86
14 88
14 90
14 91
14 93
14 94
14 97
14 98
14 99
15 1
15 2
15 5
15 11
15 15
15 20
15 21
15 23
15 24
15 25
15 29
15 30
15 31
15 33
15 34
15 35
15 36
15 41
15 42
15 43
15 44
15 46
15 47
15 48
15 49
15 50
15 51
15 52
15 53
15 54
15 55
15 56
15 60
15 63
15 65
15 66
15 67
15 71
15 72
15 73
15 74
15 76
15 77
15 79
15 80
15 81
15 83
15 84
15 89
15 97
15 100
16 2
16 4
16 6
16 7
16 9
16 10
16 11
16 12
16 13
16 14
16 18
16 23
16 25
16 26
16 27
16 28
16 29
16 30
16 31
16 34
16 35
16 37
16 39
16 40
16 42
16 43
16 46
16 47
16 49
16 51
16 53
16 54
16 56
16 61
16 62
16 63
16 67
16 68
16 69
16 71
16 72
16 73
16 75
16 76
16 77
16 78
16 79
16 80
16 81
16 85
16 87
16 89
16 90
16 95
16 97
17 1
17 2
17 5
17 6
17 7
17 11
17 12
17 14
17 15
17 16
17 17
17 18
17 19
17 20
17 21
17 22
17 27
17 28
17 29
17 30
17 31
17 32
17 33
17 34
17 35
17 37
17 38
17 41
17 43
17 45
17 46
17 48
17 49
17 51
17 52
17 53
17 55
17 57
17 58
17 59
17 63
17 64
17 68
17 69
17 72
17 73
17 76
17 77
17 78
17 81
17 82
17 85
17 87
17 88
17 91
17 92
17 97
17 100
18 1
18 3
18 6
18 8
18 9
18 10
18 12
18 15
18 16
18 17
18 18
18 20
18 23
18 24
18 26
18 30
18 31
18 34
18 35
18 38
18 39
18 43
18 44
18 45
18 46
18 47
18 48
18 50
18 53
18 54
18 55
18 56
18 59
18 60
18 63
18 64
18 66
18 70
18 71
18 72
18 73
18 76
18 78
18 80
18 85
18 86
18 91
18 92
18 94
18 96
18 97
18 100
19 1
19 3
19 4
19 6
19 8
19 11
19 12
19 13
19 15
19 16
19 17
19 19
19 20
19 21
19 23
19 25
19 27
19 30
19 33
19 37
19 39
19 40
19 41
19 42
19 45
19 48
19 49
19 51
19 52
19 53
19 56
19 57
19 58
19 61
19 62
19 67
19 69
19 70
19 73
19 74
19 75
19 78
19 79
19 81
19 82
19 84
19 85
19 86
19 88
19 90
19 91
19 93
19 94
19 96
19 97
19 100
20 2
20 3
20 4
20 5
20 6
20 7
20 8
20 13
20 14
20 15
20 16
20 18
20 19
20 22
20 23
20 24
20 27
20 28
20 29
20 30
20 31
20 33
20 34
20 35
20 37
20 39
20 40
20 41
20 46
20 47
20 49
20 50
20 52
20 53
20 54
20 55
20 56
20 57
20 58
20 59
20 62
20 64
20 65
20 66
20 68
20 69
20 70
20 71
20 72
20 77
20 78
20 79
20 81
20 84
20 85
20 86
20 88
20 90
20 91
20 93
20 94
20 95
20 97
20 98
21 1
21 2
21 3
21 4
21 5
21 6
21 7
21 8
21 9
21 10
21 11
21 12
21 14
21 15
21 16
21 17
21 18
21 19
21 20
21 21
21 22
21 23
21 24
21 25
21 28
21 30
21 33
21 36
21 37
21 42
21 43
21 45
21 51
21 52
21 55
21 56
21 57
21 58
21 59
21 60
21 63
21 64
21 65
21 67
21 69
21 70
21 72
21 74
21 75
21 76
21 79
21 81
21 82
21 85
21 86
21 87
21 88
21 96
21 97
21 98
21 100
22 1
22 3
22 6
22 7
22 9
22 10
22 11
22 12
22 13
22 14
22 15
22 17
22 18
22 21
22 23
22 24
22 25
22 26
22 27
22 28
22 29
22 31
22 32
22 33
22 35
22 36
22 37
22 38
22 40
22 41
22 42
22 43
22 44
22 45
22 47
22 48
22 49
22 50
22 53
22 54
22 55
22 56
22 57
22 58
22 62
22 63
22 64
22 65
22 66
22 67
22 69
22 72
22 73
22 76
22 78
22 80
22 81
22 82
22 83
22 85
22 86
22 87
22 88
22 89
22 91
22 92
22 93
22 94
22 96
22 99
23 1
23 3
23 4
23 5
23 6
23 7
23 8
23 10
23 11
23 13
23 15
23 16
23 17
23 18
23 19
23 22
23 30
23 31
23 33
23 34
23 35
23 36
23 37
23 39
23 40
23 42
23 43
23 44
23 45
23 46
23 48
23 49
23 50
23 51
23 53
23 55
23 57
23 58
23 59
23 60
23 61
23 63
23 65
23 66
23 69
23 70
23 71
23 73
23 74
23 75
23 78
23 80
23 82
23 84
23 85
23 87
23 88
23 89
23 90
23 92
23 96
23 97
23 98
23 99
24 1
24 2
24 3
24 5
24 6
24 7
24 8
24 9
24 10
24 11
24 12
24 13
24 14
24 15
24 16
24 17
24 18
24 20
24 22
24 23
24 24
24 29
24 30
24 32
24 35
24 38
24 41
24 42
24 43
24 44
24 45
24 48
24 49
24 51
24 52
24 53
24 57
24 60
24 61
24 63
24 64
24 67
24 68
24 70
24 72
24 73
24 76
24 77
24 78
24 79
24 80
24 82
24 83
24 84
24 85
24 87
24 88
24 89
24 90
24 91
24 93
24 94
24 95
24 98
24 99
24 100
25 8
25 9
25 11
25 12
25 13
25 15
25 16
25 18
25 19
25 21
25 23
25 24
25 28
25 30
25 31
25 32
25 34
25 37
25 38
25 39
25 41
25 42
25 45
25 46
25 48
25 51
25 52
25 53
25 54
25 55
25 56
25 59
25 61
25 63
25 65
25 70
25 71
25 72
25 75
25 76
25 78
25 80
25 81
25 82
25 84
25 86
25 89
25 90
25 96
25 97
25 98
25 100
26 7
26 10
26 12
26 13
26 14
26 17
26 19
26 22
26 23
26 24
26 25
26 26
26 27
26 28
26 29
26 31
26 32
26 33
26 34
26 36
26 37
26 38
26 40
26 41
26 42
26 43
26 45
26 47
26 48
26 49
26 50
26 51
26 54
26 55
26 56
26 59
26 62
26 63
26 64
26 66
26 67
26 69
26 70
26 71
26 73
26 74
26 76
26 77
26 79
26 80
26 81
26 83
26 84
26 85
26 86
26 87
26 88
26 90
26 91
26 92
26 93
26 94
26 95
26 96
26 97
26 98
26 100
27 2
27 5
27 6
27 7
27 10
27 12
27 13
27 14
27 15
27 16
27 17
27 18
27 19
27 20
27 21
27 24
27 25
27 27
27 28
27 31
27 32
27 34
27 35
27 36
27 37
27 38
27 39
27 42
27 43
27 45
27 46
27 47
27 51
27 54
27 56
27 57
27 58
27 59
27 61
27 65
27 68
27 69
27 70
27 74
27 75
27 76
27 77
27 80
27 82
27 83
27 85
27 87
27 89
27 90
27 91
27 92
27 93
27 94
27 95
27 96
27 99
28 2
28 3
28 9
28 11
28 12
28 13
28 14
28 17
28 18
28 19
28 20
28 24
28 25
28 27
28 28
28 31
28 33
28 38
28 40
28 41
28 43
28 44
28 45
28 46
28 47
28 48
28 50
28 52
28 53
28 54
28 56
28 57
28 58
28 62
28 64
28 65
28 66
28 69
28 70
28 72
28 77
28 78
28 80
28 81
28 83
28 87
28 89
28 90
28 91
28 92
28 93
28 94
28 97
28 98
28 99
29 2
29 5
29 7
29 8
29 9
29 10
29 11
29 12
29 13
29 15
29 18
29 19
29 24
29 26
29 27
29 28
29 29
29 31
29 32
29 36
29 37
29 38
29 40
29 41
29 42
29 44
29 48
29 50
29 54
29 55
29 58
29 59
29 60
29 62
29 64
29 66
29 67
29 69
29 72
29 73
29 75
29 83
29 84
29 85
29 87
29 89
29 91
29 92
29 93
29 95
29 97
29 98
29 100
30 2
30 6
30 8
30 9
30 12
30 13
30 14
30 15
30 17
30 20
30 21
30 22
30 24
30 25
30 26
30 27
30 28
30 29
30 31
30 32
30 36
30 38
30 40
30 41
30 43
30 45
30 46
30 47
30 48
30 49
30 52
30 53
30 54
30 55
30 60
30 61
30 63
30 64
30 65
30 66
30 69
30 71
30 72
30 76
30 78
30 83
30 84
30 86
30 90
30 91
30 92
30 94
30 95
30 96
30 97
31 1
31 2
31 4
31 5
31 6
31 9
31 10
31 11
31 12
31 13
31 16
31 17
31 20
31 21
31 24
31 25
31 26
31 27
31 28
31 29
31 30
31 32
31 35
31 39
31 45
31 46
31 47
31 48
31 50
31 51
31 53
31 55
31 57
31 58
31 59
31 62
31 63
31 64
31 66
31 67
31 69
31 70
31 73
31 76
31 77
31 79
31 82
31 83
31 84
31 88
31 91
31 92
31 93
31 94
31 95
31 96
31 97
32 1
32 3
32 4
32 5
32 6
32 7
32 9
32 10
32 12
32 16
32 17
32 18
32 19
32 20
32 23
32 25
32 26
32 28
32 29
32 30
32 31
32 33
32 34
32 39
32 40
32 42
32 44
32 45
32 47
32 48
32 50
32 51
32 54
32 55
32 56
32 57
32 61
32 62
32 63
32 65
32 69
32 70
32 73
32 74
32 76
32 78
32 80
32 81
32 83
32 84
32 87
32 89
32 91
32 92
32 96
32 98
32 99
33 4
33 5
33 6
33 7
33 8
33 9
33 10
33 11
33 12
33 14
33 15
33 16
33 17
33 18
33 19
33 20
33 21
33 22
33 23
33 25
33 26
33 29
33 32
33 34
33 35
33 36
33 38
33 39
33 40
33 42
33 44
33 46
33 47
33 48
33 51
33 52
33 53
33 54
33 56
33 58
33 59
33 61
33 63
33 66
33 67
33 68
33 69
33 70
33 71
33 73
33 75
33 76
33 80
33 81
33 82
33 83
33 85
33 87
33 89
33 92
33 93
33 94
33 95
33 98
33 100
34 1
34 4
34 5
34 6
34 7
34 8
34 9
34 10
34 11
34 12
34 13
34 14
34 15
34 16
34 17
34 19
34 20
34 22
34 24
34 25
34 27
34 28
34 31
34 35
34 36
34 37
34 38
34 40
34 42
34 44
34 47
34 49
34 50
34 51
34 54
34 55
34 58
34 59
34 61
34 62
34 63
34 64
34 65
34 67
34 73
34 74
34 75
34 76
34 77
34 79
34 80
34 82
34 83
34 85
34 86
34 87
34 88
34 89
34 90
34 94
34 95
34 98
34 99
34 100
35 2
35 5
35 6
35 8
35 9
35 10
35 11
35 12
35 15
35 16
35 17
35 18
35 22
35 23
35 24
35 25
35 26
35 31
35 32
35 33
35 35
35 37
35 39
35 41
35 43
35 44
35 45
35 47
35 48
35 50
35 54
35 55
35 56
35 60
35 61
35 62
35 65
35 67
35 69
35 71
35 72
35 74
35 75
35 76
35 77
35 78
35 79
35 80
35 81
35 84
35 85
35 86
35 87
35 90
35 91
35 93
35 94
35 96
35 97
35 98
35 100
36 4
36 6
36 8
36 11
36 14
36 15
36 17
36 18
36 20
36 21
36 24
36 25
36 26
36 28
36 31
36 36
36 38
36 39
36 40
36 42
36 43
36 46
36 50
36 51
36 52
36 53
36 56
36 57
36 58
36 59
36 62
36 64
36 65
36 67
36 69
36 73
36 74
36 77
36 78
36 80
36 81
36 82
36 84
36 85
36 88
36 90
36 91
36 93
36 95
36 97
36 98
36 100
37 1
37 2
37 4
37 6
37 9
37 10
37 11
37 12
37 14
37 17
37 19
37 20
37 21
37 24
37 25
37 26
37 27
37 28
37 29
37 32
37 34
37 36
37 37
37 39
37 40
37 41
37 42
37 43
37 44
37 45
37 46
37 48
37 51
37 52
37 53
37 54
37 57
37 58
37 61
37 62
37 63
37 64
37 65
37 68
37 69
37 70
37 71
37 72
37 77
37 79
37 83
37 85
37 86
37 87
37 89
37 90
37 92
37 93
37 95
37 96
37 99
38 2
38 4
38 5
38 6
38 9
38 11
38 13
38 14
38 16
38 18
38 19
38 20
38 23
38 24
38 25
38 26
38 27
38 28
38 30
38 32
38 34
38 36
38 38
38 43
38 44
38 46
38 47
38 49
38 51
38 55
38 56
38 61
38 62
38 63
38 65
38 66
38 67
38 68
38 69
38 71
38 72
38 76
38 77
38 79
38 80
38 82
38 83
38 84
38 85
38 88
38 91
38 92
38 95
38 96
38 99
39 2
39 5
39 6
39 7
39 9
39 10
39 11
39 13
39 14
39 15
39 16
39 17
39 19
39 21
39 22
39 24
39 26
39 27
39 28
39 29
39 31
39 33
39 35
39 36
39 38
39 40
39 42
39 43
39 45
39 46
39 47
39 48
39 52
39 54
39 56
39 57
39 60
39 61
39 62
39 63
39 64
39 65
39 67
39 68
39 70
39 71
39 72
39 74
39 75
39 77
39 79
39 80
39 83
39 84
39 85
39 86
39 87
39 88
39 89
39 90
39 91
39 93
39 94
39 95
39 97
39 98
39 100
40 3
40 5
40 7
40 9
40 10
40 12
40 14
40 16
40 17
40 21
40 22
40 23
40 25
40 27
40 28
40 30
40 31
40 32
40 34
40 38
40 41
40 42
40 46
40 48
40 49
40 50
40 52
40 55
40 56
40 58
40 60
40 61
40 62
40 64
40 65
40 67
40 68
40 70
40 71
40 72
40 74
40 75
40 76
40 82
40 83
40 84
40 87
40 88
40 89
40 96
40 97
41 1
41 2
41 3
41 4
41 5
41 6
41 7
41 8
41 12
41 13
41 14
41 15
41 16
41 17
41 21
41 22
41 23
41 25
41 27
41 28
41 32
41 36
41 37
41 38
41 39
41 41
41 42
41 43
41 44
41 45
41 47
41 48
41 50
41 51
41 53
41 56
41 57
41 58
41 59
41 60
41 62
41 63
41 64
41 65
41 68
41 69
41 70
41 74
41 75
41 76
41 77
41 78
41 79
41 80
41 84
41 85
41 87
41 88
41 92
41 93
41 94
41 96
41 98
41 99
41 100
42 4
42 7
42 8
42 9
42 10
42 11
42 12
42 14
42 15
42 16
42 17
42 18
42 20
42 21
42 23
42 24
42 26
42 27
42 29
42 31
42 32
42 36
42 37
42 38
42 39
42 40
42 41
42 43
42 44
42 45
42 47
42 48
42 50
42 51
42 52
42 53
42 54
42 57
42 60
42 62
42 63
42 64
42 65
42 66
42 67
42 70
42 72
42 73
42 76
42 77
42 78
42 80
42 82
42 83
42 84
42 85
42 86
42 87
42 88
42 89
42 90
42 92
42 93
42 94
42 95
42 96
42 97
42 98
42 100
43 2
43 5
43 6
43 7
43 8
43 9
43 10
43 11
43 12
43 13
43 16
43 18
43 23
43 24
43 25
43 27
43 28
43 30
43 32
43 33
43 34
43 35
43 36
43 37
43 38
43 39
43 40
43 41
43 45
43 47
43 48
43 51
43 52
43 54
43 55
43 56
43 57
43 58
43 59
43 60
43 61
43 62
43 66
43 67
43 71
43 72
43 73
43 76
43 81
43 82
43 83
43 84
43 86
43 89
43 90
43 91
43 93
43 95
43 96
43 99
43 100
44 2
44 3
44 6
44 7
44 8
44 9
44 10
44 12
44 14
44 15
44 16
44 17
44 20
44 21
44 22
44 25
44 26
44 27
44 29
44 32
44 33
44 34
44 35
44 36
44 38
44 42
44 44
44 46
44 47
44 48
44 50
44 51
44 52
44 54
44 55
44 57
44 58
44 59
44 61
44 65
44 66
44 67
44 68
44 70
44 73
44 75
44 76
44 77
44 78
44 79
44 80
44 81
44 83
44 85
44 86
44 87
44 88
44 90
44 93
44 94
45 1
45 3
45 9
45 12
45 15
45 16
45 19
45 20
45 21
45 22
45 23
45 27
45 29
45 32
45 37
45 39
45 42
45 46
45 47
45 48
45 50
45 51
45 52
45 54
45 55
45 56
45 59
45 60
45 61
45 62
45 63
45 65
45 66
45 72
45 73
45 74
45 76
45 78
45 80
45 82
45 83
45 86
45 87
45 88
45 89
45 93
45 94
45 95
45 96
45 98
45 100
46 1
46 2
46 5
46 6
46 9
46 10
46 11
46 12
46 13
46 15
46 17
46 20
46 22
46 24
46 25
46 26
46 27
46 28
46 29
46 30
46 31
46 33
46 34
46 36
46 39
46 41
46 43
46 45
46 46
46 47
46 48
46 49
46 52
46 55
46 56
46 59
46 61
46 62
46 65
46 66
46 68
46 69
46 70
46 71
46 72
46 73
46 77
46 79
46 80
46 81
46 82
46 87
46 88
46 90
46 91
46 93
46 95
46 96
46 98
46 99
46 100
47 2
47 3
47 4
47 5
47 6
47 9
47 11
47 12
47 18
47 23
47 27
47 29
47 30
47 31
47 32
47 33
47 34
47 35
47 36
47 37
47 39
47 42
47 43
47 44
47 47
47 48
47 50
47 51
47 52
47 53
47 55
47 56
47 60
47 61
47 62
47 63
47 64
47 66
47 67
47 70
47 71
47 72
47 73
47 74
47 79
47 80
47 84
47 85
47 86
47 87
47 88
47 89
47 90
47 92
47 94
47 95
47 96
47 97
47 98
47 99
48 1
48 2
48 3
48 4
48 5
48 6
48 7
48 8
48 9
48 10
48 11
48 15
48 16
48 17
48 19
48 20
48 21
48 24
48 25
48 26
48 27
48 28
48 30
48 31
48 34
48 37
48 38
48 40
48 43
48 46
48 47
48 48
48 49
48 50
48 51
48 52
48 54
48 55
48 57
48 59
48 60
48 61
48 62
48 63
48 64
48 65
48 68
48 69
48 70
48 74
48 76
48 78
48 79
48 81
48 84
48 86
48 87
48 89
48 90
48 91
48 92
48 93
48 94
48 95
48 96
48 98
48 100
49 1
49 2
49 3
49 7
49 8
49 9
49 11
49 16
49 17
49 18
49 20
49 21
49 24
49 26
49 27
49 28
49 29
49 30
49 31
49 32
49 33
49 34
49 35
49 36
49 37
49 39
49 43
49 44
49 45
49 46
49 47
49 48
49 49
49 51
49 53
49 54
49 55
49 56
49 57
49 59
49 60
49 61
49 62
49 63
49 64
49 67
49 68
49 74
49 75
49 76
49 79
49 80
49 81
49 82
49 84
49 87
49 88
49 90
49 91
49 92
49 93
49 95
49 98
49 99
50 3
50 4
50 5
50 6
50 7
50 8
50 9
50 10
50 13
50 14
50 15
50 16
50 18
50 19
50 21
50 24
50 25
50 26
50 27
50 28
50 30
50 31
50 32
50 33
50 34
50 37
50 38
50 39
50 40
50 41
50 42
50 44
50 46
50 48
50 49
50 50
50 51
50 52
50 53
50 55
50 56
50 58
50 59
50 62
50 65
50 67
50 73
50 74
50 78
50 79
50 80
50 81
50 85
50 89
50 91
50 93
50 94
50 95
50 96
50 97
50 99
51 2
51 3
51 4
51 5
51 8
51 9
51 10
51 16
51 17
51 21
51 22
51 23
51 26
51 27
51 29
51 30
51 31
51 32
51 33
51 34
51 35
51 37
51 38
51 39
51 42
51 44
51 46
51 47
51 49
51 53
51 54
51 56
51 58
51 60
51 63
51 64
51 65
51 66
51 68
51 70
51 75
51 77
51 78
51 80
51 82
51 83
51 84
51 85
51 87
51 89
51 90
51 92
51 93
51 94
51 95
51 96
51 97
51 98
51 100
52 2
52 4
52 5
52 6
52 8
52 10
52 11
52 12
52 13
52 14
52 17
52 21
52 22
52 23
52 24
52 26
52 28
52 31
52 32
52 33
52 34
52 36
52 37
52 39
52 40
52 41
52 44
52 46
52 49
52 50
52 51
52 52
52 55
52 56
52 58
52 59
52 60
52 62
52 63
52 64
52 65
52 66
52 67
52 68
52 69
52 74
52 75
52 76
52 81
52 84
52 85
52 87
52 91
52 92
52 93
52 95
52 96
52 97
52 99
53 2
53 5
53 6
53 7
53 8
53 9
53 10
53 11
53 13
53 14
53 15
53 16
53 18
53 19
53 20
53 21
53 23
53 24
53 26
53 27
53 28
53 29
53 30
53 31
53 32
53 34
53 35
53 36
53 37
53 39
53 41
53 42
53 45
53 47
53 48
53 49
53 50
53 51
53 52
53 53
53 56
53 59
53 60
53 63
53 64
53 65
53 66
53 71
53 72
53 73
53 74
53 75
53 79
53 81
53 83
53 84
53 85
53 86
53 87
53 88
53 89
53 90
53 91
53 97
53 99
53 100
54 3
54 5
54 6
54 7
54 9
54 12
54 13
54 15
54 19
54 20
54 23
54 24
54 25
54 31
54 32
54 34
54 38
54 39
54 41
54 42
54 43
54 46
54 47
54 48
54 50
54 51
54 53
54 55
54 56
54 58
54 59
54 60
54 61
54 63
54 64
54 65
54 67
54 69
54 71
54 72
54 73
54 74
54 75
54 78
54 79
54 80
54 81
54 82
54 83
54 84
54 86
54 87
54 88
54 89
54 90
54 91
54 92
54 93
54 94
54 95
54 97
55 3
55 4
55 5
55 6
55 7
55 8
55 9
55 13
55 15
55 17
55 19
55 23
55 28
55 29
55 30
55 31
55 32
55 33
55 35
55 36
55 38
55 39
55 41
55 42
55 43
55 45
55 48
55 50
55 51
55 54
55 55
55 57
55 59
55 64
55 65
55 67
55 70
55 71
55 73
55 75
55 76
55 77
55 78
55 82
55 84
55 85
55 88
55 91
55 93
55 94
55 95
55 97
55 99
55 100
56 7
56 8
56 11
56 12
56 13
56 14
56 17
56 19
56 21
56 22
56 23
56 24
56 25
56 26
56 27
56 29
56 30
56 32
56 35
56 40
56 41
56 42
56 43
56 44
56 46
56 47
56 49
56 50
56 52
56 54
56 56
56 58
56 59
56 60
56 61
56 63
56 64
56 65
56 66
56 68
56 69
56 71
56 72
56 73
56 74
56 75
56 78
56 80
56 81
56 82
56 84
56 86
56 87
56 89
56 90
56 91
56 95
56 97
56 100
57 5
57 7
57 9
57 10
57 11
57 12
57 13
57 14
57 15
57 16
57 17
57 18
57 20
57 22
57 24
57 25
57 26
57 27
57 29
57 30
57 31
57 32
57 35
57 36
57 37
57 39
57 42
57 44
57 45
57 48
57 51
57 52
57 54
57 55
57 56
57 58
57 59
57 60
57 61
57 62
57 63
57 64
57 65
57 66
57 67
57 68
57 69
57 70
57 71
57 72
57 73
57 77
57 79
57 80
57 82
57 84
57 85
57 86
57 87
57 88
57 89
57 90
57 91
57 92
57 93
57 94
57 95
57 97
57 99
57 100
58 2
58 3
58 5
58 7
58 8
58 11
58 12
58 15
58 21
58 23
58 24
58 26
58 30
58 32
58 33
58 34
58 35
58 41
58 42
58 46
58 47
58 48
58 51
58 54
58 56
58 58
58 60
58 61
58 63
58 65
58 67
58 68
58 70
58 71
58 74
58 75
58 78
58 82
58 84
58 85
58 86
58 89
58 90
58 91
58 92
58 95
58 97
58 98
58 99
59 2
59 3
59 6
59 8
59 9
59 11
59 17
59 18
59 19
59 20
59 22
59 24
59 25
59 26
59 27
59 31
59 34
59 35
59 36
59 37
59 40
59 41
59 42
59 46
59 48
59 49
59 50
59 52
59 53
59 55
59 56
59 59
59 60
59 61
59 62
59 63
59 64
59 65
59 66
59 68
59 70
59 71
59 74
59 75
59 76
59 78
59 79
59 84
59 85
59 86
59 87
59 90
59 92
59 94
59 96
59 98
59 100
60 1
60 4
60 5
60 6
60 8
60 11
60 13
60 14
60 15
60 18
60 23
60 24
60 25
60 28
60 30
60 32
60 33
60 37
60 40
60 41
60 43
60 44
60 45
60 47
60 49
60 50
60 51
60 59
60 60
60 61
60 64
60 66
60 67
60 68
60 69
60 71
60 73
60 75
60 76
60 77
60 81
60 87
60 88
60 89
60 90
60 91
60 92
60 93
60 95
60 96
60 99
61 1
61 5
61 6
61 7
61 9
61 11
61 12
61 13
61 16
61 19
61 21
61 22
61 23
61 24
61 25
61 28
61 34
61 35
61 36
61 39
61 42
61 44
61 45
61 47
61 50
61 51
61 52
61 55
61 56
61 59
61 60
61 61
61 65
61 66
61 67
61 68
61 69
61 70
61 72
61 79
61 80
61 81
61 83
61 84
61 86
61 87
61 91
61 92
61 95
61 96
61 97
61 98
61 99
62 1
62 2
62 3
62 4
62 5
62 7
62 8
62 9
62 12
62 13
62 14
62 17
62 21
62 23
62 25
62 28
62 29
62 30
62 32
62 33
62 37
62 39
62 42
62 43
62 46
62 48
62 49
62 53
62 54
62 55
62 56
62 57
62 59
62 62
62 63
62 66
62 69
62 70
62 71
62 72
62 73
62 75
62 76
62 77
62 80
62 82
62 84
62 87
62 88
62 90
62 93
62 94
62 95
62 96
62 98
62 100
63 1
63 3
63 5
63 6
63 7
63 10
63 12
63 13
63 14
63 17
63 19
63 21
63 22
63 23
63 25
63 26
63 28
63 30
63 32
63 33
63 36
63 39
63 40
63 41
63 42
63 43
63 45
63 48
63 51
63 53
63 55
63 58
63 61
63 64
63 67
63 68
63 69
63 71
63 73
63 76
63 80
63 85
63 88
63 92
63 93
63 94
63 95
63 96
63 97
63 98
63 100
64 1
64 2
64 4
64 5
64 6
64 7
64 8
64 10
64 12
64 13
64 14
64 15
64 17
64 18
64 20
64 21
64 23
64 25
64 27
64 29
64 30
64 32
64 33
64 35
64 38
64 39
64 40
64 43
64 44
64 45
64 50
64 51
64 52
64 53
64 55
64 56
64 57
64 59
64 62
64 65
64 68
64 69
64 75
64 76
64 77
64 78
64 79
64 80
64 82
64 83
64 86
64 89
64 90
64 91
64 92
64 94
64 95
64 96
64 99
64 100
65 1
65 3
65 4
65 5
65 8
65 12
65 13
65 16
65 18
65 19
65 20
65 22
65 24
65 26
65 30
65 31
65 33
65 35
65 37
65 39
65 40
65 41
65 42
65 43
65 45
65 46
65 49
65 50
65 52
65 53
65 54
65 55
65 56
65 57
65 58
65 59
65 61
65 63
65 64
65 65
65 66
65 67
65 68
65 69
65 72
65 73
65 76
65 77
65 84
65 88
65 90
65 91
65 92
65 93
65 96
66 1
66 6
66 7
66 8
66 9
66 10
66 12
66 13
66 14
66 15
66 20
66 21
66 22
66 23
66 25
66 26
66 27
66 29
66 30
66 31
66 32
66 35
66 37
66 38
66 39
66 40
66 43
66 44
66 46
66 49
66 53
66 57
66 63
66 65
66 68
66 69
66 70
66 71
66 73
66 74
66 75
66 77
66 78
66 80
66 82
66 84
66 86
66 87
66 90
66 91
66 92
66 93
66 94
66 96
66 99
66 100
67 1
67 2
67 3
67 4
67 5
67 7
67 8
67 10
67 11
67 13
67 14
67 16
67 17
67 18
67 19
67 20
67 21
67 22
67 23
67 24
67 25
67 28
67 29
67 30
67 32
67 33
67 34
67 35
67 36
67 37
67 40
67 43
67 45
67 46
67 49
67 51
67 56
67 60
67 61
67 62
67 64
67 66
67 67
67 69
67 70
67 71
67 72
67 75
67 76
67 78
67 82
67 86
67 87
67 89
67 90
67 91
67 92
67 93
67 94
67 95
67 96
67 97
67 99
67 100
68 1
68 3
68 6
68 7
68 8
68 10
68 11
68 12
68 14
68 15
68 17
68 20
68 21
68 24
68 25
68 27
68 31
68 32
68 33
68 34
68 35
68 36
68 37
68 38
68 39
68 40
68 41
68 45
68 46
68 53
68 55
68 56
68 57
68 59
68 60
68 61
68 62
68 63
68 64
68 65
68 66
68 67
68 68
68 69
68 70
68 71
68 77
68 78
68 79
68 80
68 81
68 82
68 83
68 85
68 88
68 89
68 90
68 91
68 92
68 93
68 94
68 95
68 96
68 97
68 98
68 99
68 100
69 1
69 3
69 4
69 5
69 6
69 7
69 8
69 10
69 14
69 15
69 17
69 18
69 21
69 22
69 23
69 24
69 25
69 28
69 29
69 30
69 31
69 33
69 38
69 39
69 40
69 42
69 43
69 44
69 45
69 46
69 47
69 49
69 50
69 51
69 52
69 53
69 54
69 55
69 56
69 58
69 60
69 61
69 62
69 64
69 68
69 69
69 70
69 73
69 74
69 80
69 82
69 85
69 86
69 88
69 91
69 92
69 93
69 94
69 97
69 98
69 100
70 1
70 3
70 6
70 7
70 8
70 9
70 10
70 11
70 12
70 15
70 20
70 21
70 22
70 23
70 24
70 29
70 30
70 31
70 32
70 33
70 35
70 36
70 37
70 38
70 39
70 40
70 42
70 45
70 47
70 50
70 51
70 52
70 54
70 56
70 58
70 60
70 61
70 62
70 63
70 66
70 70
70 72
70 74
70 79
70 80
70 81
70 82
70 83
70 84
70 87
70 88
70 89
70 91
70 92
70 94
70 96
70 97
70 98
70 99
70 100
71 1
71 2
71 4
71 5
71 6
71 8
71 9
71 11
71 12
71 19
71 21
71 23
71 25
71 26
71 27
71 29
71 31
71 37
71 38
71 39
71 40
71 42
71 43
71 45
71 46
71 47
71 48
71 50
71 51
71 52
71 54
71 57
71 58
71 59
71 60
71 61
71 63
71 64
71 67
71 68
71 69
71 70
71 72
71 75
71 77
71 79
71 80
71 81
71 82
71 83
71 85
71 86
71 88
71 89
71 90
71 91
71 92
71 93
71 94
71 95
71 97
71 98
71 99
71 100
72 1
72 4
72 7
72 11
72 12
72 15
72 16
72 17
72 18
72 19
72 20
72 24
72 26
72 27
72 28
72 29
72 32
72 33
72 36
72 37
72 38
72 39
72 40
72 41
72 42
72 46
72 47
72 48
72 53
72 58
72 59
72 62
72 63
72 64
72 65
72 66
72 67
72 69
72 70
72 73
72 74
72 76
72 77
72 79
72 80
72 82
72 86
72 87
72 89
72 90
72 92
72 93
72 94
72 95
72 97
72 99
72 100
73 3
73 6
73 9
73 10
73 11
73 14
73 18
73 19
73 20
73 22
73 25
73 27
73 29
73 32
73 38
73 39
73 40
73 41
73 42
73 43
73 44
73 45
73 48
73 51
73 53
73 55
73 56
73 57
73 59
73 61
73 62
73 68
73 69
73 70
73 71
73 72
73 73
73 74
73 75
73 76
73 77
73 78
73 81
73 82
73 83
73 85
73 86
73 89
73 91
73 97
73 99
74 1
74 2
74 5
74 7
74 8
74 9
74 12
74 17
74 19
74 21
74 22
74 23
74 26
74 27
74 28
74 31
74 33
74 34
74 35
74 37
74 40
74 42
74 44
74 46
74 47
74 49
74 51
74 52
74 55
74 58
74 62
74 64
74 65
74 66
74 67
74 70
74 71
74 72
74 73
74 75
74 76
74 78
74 80
74 81
74 82
74 83
74 85
74 86
74 89
74 90
74 91
74 94
74 95
74 96
74 99
74 100
75 1
75 2
75 3
75 4
75 5
75 6
75 11
75 12
75 13
75 16
75 17
75 18
75 19
75 21
75 22
75 26
75 27
75 28
75 29
75 31
75 32
75 34
75 36
75 37
75 38
75 41
75 43
75 44
75 45
75 46
75 48
75 49
75 50
75 51
75 52
75 54
75 55
75 56
75 57
75 58
75 60
75 61
75 64
75 66
75 67
75 69
75 70
75 72
75 73
75 75
75 78
75 84
75 85
75 86
75 87
75 88
75 89
75 90
75 93
75 94
75 95
75 99
75 100
76 1
76 2
76 3
76 6
76 7
76 8
76 9
76 10
76 14
76 15
76 18
76 20
76 21
76 22
76 23
76 24
76 25
76 26
76 27
76 28
76 30
76 31
76 33
76 35
76 38
76 40
76 41
76 42
76 43
76 44
76 46
76 47
76 48
76 49
76 53
76 54
76 56
76 58
76 59
76 60
76 61
76 64
76 71
76 73
76 74
76 76
76 78
76 79
76 80
76 85
76 88
76 89
76 92
76 93
76 94
76 96
76 97
76 99
77 2
77 3
77 4
77 5
77 7
77 13
77 14
77 15
77 16
77 17
77 19
77 20
77 24
77 25
77 26
77 27
77 32
77 34
77 35
77 36
77 39
77 40
77 41
77 42
77 43
77 44
77 45
77 46
77 47
77 49
77 50
77 54
77 55
77 57
77 58
77 59
77 60
77 62
77 63
77 64
77 66
77 68
77 70
77 75
77 76
77 77
77 79
77 80
77 81
77 82
77 86
77 87
77 89
77 90
77 91
77 92
77 93
77 96
77 98
78 1
78 2
78 3
78 5
78 6
78 7
78 8
78 9
78 10
78 11
78 12
78 13
78 14
78 15
78 16
78 17
78 18
78 19
78 20
78 21
78 23
78 26
78 27
78 28
78 30
78 32
78 34
78 36
78 38
78 41
78 42
78 44
78 45
78 46
78 50
78 52
78 55
78 57
78 58
78 61
78 62
78 63
78 65
78 66
78 68
78 69
78 71
78 72
78 73
78 74
78 77
78 80
78 81
78 82
78 83
78 84
78 85
78 86
78 88
78 90
78 91
78 92
78 94
78 95
78 96
78 97
78 99
79 1
79 2
79 3
79 5
79 7
79 8
79 10
79 11
79 12
79 13
79 15
79 16
79 20
79 21
79 22
79 23
79 25
79 29
79 30
79 32
79 34
79 35
79 36
79 38
79 40
79 41
79 42
79 43
79 45
79 47
79 51
79 54
79 55
79 58
79 59
79 61
79 62
79 64
79 65
79 67
79 68
79 69
79 70
79 71
79 72
79 73
79 74
79 76
79 77
79 78
79 79
79 82
79 83
79 84
79 87
79 88
79 89
79 90
79 94
79 95
79 97
79 100
80 1
80 2
80 3
80 4
80 5
80 7
80 9
80 10
80 13
80 14
80 16
80 17
80 18
80 20
80 21
80 22
80 23
80 24
80 26
80 28
80 29
80 31
80 32
80 33
80 35
80 36
80 40
80 43
80 45
80 48
80 49
80 50
80 51
80 52
80 54
80 56
80 57
80 60
80 61
80 62
80 65
80 68
80 69
80 70
80 71
80 72
80 73
80 74
80 76
80 78
80 79
80 80
80 82
80 84
80 87
80 89
80 90
80 93
80 94
80 95
80 97
80 98
80 99
80 100
