192 240 13769
1 4
1 7
1 9
1 15
1 16
1 23
1 24
1 28
1 30
1 41
1 44
1 46
1 48
1 49
1 50
1 52
1 55
1 56
1 61
1 62
1 69
1 70
1 76
1 80
1 83
1 85
1 87
1 89
1 92
1 96
1 99
1 103
1 106
1 110
1 113
1 119
1 122
1 123
1 125
1 128
1 131
1 132
1 137
1 140
1 142
1 145
1 147
1 148
1 152
1 153
1 160
1 168
1 170
1 171
1 173
1 174
1 175
1 176
1 179
1 183
1 184
1 186
1 189
1 194
1 196
1 202
1 207
1 211
1 213
1 215
1 219
1 220
1 221
1 223
1 232
1 235
1 240
2 2
2 4
2 7
2 11
2 18
2 23
2 25
2 29
2 31
2 34
2 36
2 42
2 46
2 51
2 57
2 58
2 61
2 62
2 64
2 69
2 71
2 73
2 76
2 81
2 88
2 90
2 92
2 93
2 100
2 104
2 106
2 107
2 110
2 112
2 113
2 114
2 122
2 125
2 126
2 127
2 129
2 130
2 134
2 136
2 139
2 140
2 143
2 146
2 148
2 151
2 158
2 173
2 180
2 184
2 187
2 188
2 190
2 191
2 195
2 204
2 208
2 215
2 217
2 219
2 223
2 227
2 230
2 235
2 239
3 3
3 4
3 6
3 7
3 9
3 10
3 12
3 13
3 16
3 17
3 19
3 20
3 24
3 33
3 36
3 39
3 40
3 43
3 44
3 45
3 49
3 58
3 62
3 63
3 67
3 70
3 73
3 75
3 81
3 82
3 83
3 86
3 89
3 90
3 92
3 96
3 98
3 103
3 108
3 111
3 112
3 114
3 116
3 118
3 121
3 122
3 123
3 124
3 126
3 127
3 133
3 135
3 136
3 141
3 144
3 145
3 151
3 157
3 161
3 162
3 166
3 168
3 173
3 174
3 175
3 177
3 179
3 187
3 192
3 193
3 201
3 204
3 207
3 222
3 225
3 227
3 230
3 233
3 237
3 240
4 1
4 21
4 23
4 25
4 29
4 33
4 38
4 45
4 49
4 52
4 58
4 59
4 63
4 65
4 72
4 75
4 77
4 79
4 83
4 90
4 94
4 96
4 97
4 99
4 100
4 102
4 104
4 109
4 110
4 113
4 115
4 116
4 131
4 136
4 137
4 139
4 140
4 142
4 150
4 151
4 152
4 154
4 155
4 156
4 157
4 158
4 159
4 162
4 165
4 166
4 169
4 170
4 177
4 182
4 191
4 195
4 197
4 201
4 206
4 213
4 214
4 216
4 228
4 229
4 230
4 231
4 233
4 235
4 238
5 6
5 7
5 8
5 14
5 15
5 16
5 17
5 21
5 25
5 27
5 28
5 31
5 32
5 33
5 35
5 36
5 39
5 40
5 42
5 43
5 45
5 48
5 49
5 50
5 59
5 64
5 65
5 69
5 72
5 73
5 75
5 80
5 83
5 89
5 90
5 96
5 99
5 102
5 104
5 105
5 109
5 111
5 114
5 116
5 122
5 126
5 130
5 136
5 139
5 146
5 155
5 157
5 158
5 159
5 161
5 169
5 171
5 178
5 179
5 184
5 187
5 191
5 193
5 196
5 197
5 199
5 200
5 202
5 204
5 205
5 206
5 208
5 210
5 214
5 216
5 218
5 221
5 222
5 225
5 228
5 233
5 236
6 5
6 16
6 18
6 19
6 21
6 25
6 26
6 28
6 34
6 35
6 37
6 38
6 40
6 42
6 50
6 51
6 52
6 55
6 58
6 59
6 60
6 62
6 64
6 67
6 73
6 76
6 89
6 91
6 100
6 103
6 108
6 110
6 112
6 113
6 114
6 118
6 119
6 121
6 124
6 131
6 136
6 139
6 141
6 143
6 148
6 162
6 168
6 172
6 173
6 182
6 185
6 186
6 196
6 198
6 204
6 205
6 207
6 210
6 218
6 221
6 226
6 228
6 231
6 235
6 237
7 9
7 12
7 15
7 17
7 23
7 24
7 25
7 28
7 30
7 31
7 33
7 34
7 35
7 36
7 39
7 41
7 46
7 49
7 51
7 55
7 56
7 59
7 61
7 63
7 77
7 81
7 83
7 86
7 88
7 90
7 91
7 96
7 97
7 99
7 100
7 102
7 108
7 112
7 117
7 123
7 125
7 126
7 128
7 129
7 130
7 133
7 134
7 136
7 139
7 140
7 141
7 142
7 149
7 150
7 153
7 154
7 157
7 162
7 164
7 169
7 170
7 177
7 178
7 180
7 181
7 182
7 187
7 189
7 192
7 200
7 201
7 202
7 203
7 205
7 208
7 227
7 230
7 233
7 234
7 239
8 3
8 4
8 10
8 13
8 18
8 21
8 22
8 25
8 26
8 30
8 32
8 36
8 38
8 49
8 50
8 51
8 54
8 55
8 57
8 67
8 71
8 73
8 74
8 75
8 80
8 83
8 87
8 90
8 95
8 96
8 99
8 101
8 104
8 105
8 113
8 118
8 121
8 122
8 124
8 125
8 126
8 127
8 134
8 135
8 139
8 140
8 143
8 145
8 146
8 150
8 151
8 155
8 157
8 164
8 170
8 172
8 174
8 178
8 180
8 182
8 183
8 186
8 190
8 193
8 195
8 196
8 203
8 209
8 210
8 215
8 218
8 221
8 222
8 223
8 225
8 226
8 229
8 230
8 234
8 235
8 236
8 238
9 8
9 9
9 15
9 16
9 22
9 25
9 27
9 28
9 29
9 30
9 35
9 40
9 43
9 44
9 45
9 50
9 51
9 53
9 54
9 57
9 58
9 68
9 70
9 71
9 75
9 76
9 77
9 83
9 85
9 92
9 96
9 102
9 105
9 106
9 109
9 114
9 115
9 116
9 119
9 122
9 123
9 126
9 130
9 135
9 136
9 138
9 140
9 143
9 145
9 147
9 153
9 158
9 159
9 160
9 162
9 164
9 174
9 175
9 176
9 178
9 180
9 182
9 185
9 186
9 187
9 188
9 190
9 196
9 197
9 202
9 203
9 206
9 210
9 212
9 219
9 228
9 234
9 235
9 240
10 1
10 2
10 3
10 4
10 11
10 12
10 15
10 17
10 22
10 23
10 30
10 46
10 47
10 54
10 60
10 63
10 73
10 74
10 77
10 80
10 83
10 88
10 93
10 94
10 97
10 99
10 101
10 102
10 104
10 105
10 108
10 111
10 112
10 117
10 120
10 123
10 125
10 128
10 130
10 131
10 134
10 135
10 138
10 139
10 142
10 145
10 146
10 148
10 149
10 150
10 155
10 156
10 162
10 166
10 168
10 182
10 187
10 192
10 194
10 195
10 200
10 202
10 203
10 204
10 206
10 210
10 215
10 219
10 221
10 223
10 227
10 237
11 1
11 3
11 4
11 6
11 8
11 13
11 17
11 31
11 32
11 34
11 36
11 42
11 46
11 48
11 52
11 53
11 55
11 61
11 63
11 67
11 68
11 69
11 70
11 71
11 78
11 81
11 82
11 89
11 98
11 100
11 105
11 106
11 107
11 118
11 119
11 120
11 125
11 126
11 127
11 128
11 130
11 133
11 135
11 137
11 139
11 141
11 144
11 146
11 147
11 148
11 149
11 156
11 160
11 164
11 165
11 168
11 180
11 182
11 183
11 185
11 188
11 200
11 202
11 207
11 209
11 213
11 215
11 222
11 223
11 225
11 227
11 228
11 230
11 237
12 1
12 7
12 9
12 10
12 12
12 13
12 17
12 19
12 22
12 30
12 35
12 36
12 44
12 59
12 61
12 63
12 66
12 67
12 70
12 73
12 75
12 79
12 81
12 83
12 86
12 87
12 98
12 102
12 104
12 111
12 114
12 119
12 125
12 126
12 128
12 132
12 143
12 145
12 146
12 147
12 149
12 151
12 152
12 155
12 164
12 166
12 171
12 173
12 178
12 180
12 181
12 184
12 185
12 191
12 196
12 197
12 201
12 202
12 204
12 210
12 211
12 212
12 214
12 216
12 224
12 227
12 231
12 234
13 9
13 10
13 14
13 16
13 18
13 21
13 22
13 26
13 27
13 28
13 32
13 38
13 39
13 40
13 43
13 45
13 47
13 48
13 50
13 52
13 55
13 58
13 63
13 64
13 74
13 78
13 79
13 85
13 86
13 94
13 100
13 101
13 106
13 112
13 126
13 128
13 136
13 137
13 138
13 139
13 140
13 141
13 144
13 145
13 146
13 147
13 149
13 150
13 152
13 155
13 157
13 164
13 166
13 182
13 186
13 194
13 201
13 203
13 204
13 206
13 214
13 216
13 226
13 227
13 229
13 231
13 235
13 236
14 1
14 2
14 4
14 5
14 9
14 10
14 11
14 13
14 17
14 18
14 23
14 27
14 39
14 40
14 42
14 43
14 45
14 47
14 52
14 54
14 55
14 61
14 72
14 73
14 78
14 79
14 81
14 85
14 87
14 90
14 92
14 94
14 101
14 103
14 104
14 106
14 115
14 119
14 120
14 121
14 122
14 124
14 126
14 127
14 129
14 134
14 136
14 138
14 143
14 146
14 150
14 153
14 167
14 173
14 179
14 182
14 186
14 187
14 190
14 196
14 200
14 201
14 213
14 216
14 220
14 221
14 223
14 229
14 230
14 232
14 234
14 237
14 239
15 3
15 4
15 5
15 7
15 8
15 11
15 12
15 14
15 15
15 16
15 23
15 25
15 27
15 33
15 35
15 40
15 42
15 47
15 50
15 53
15 55
15 56
15 61
15 62
15 65
15 67
15 69
15 72
15 76
15 78
15 81
15 86
15 94
15 95
15 96
15 100
15 101
15 103
15 107
15 108
15 110
15 111
15 115
15 117
15 118
15 120
15 130
15 136
15 137
15 138
15 139
15 141
15 143
15 148
15 151
15 152
15 160
15 169
15 171
15 175
15 179
15 182
15 184
15 191
15 192
15 193
15 195
15 196
15 197
15 206
15 207
15 208
15 210
15 211
15 213
15 220
15 223
15 225
15 227
15 228
15 229
15 230
15 232
15 233
15 235
15 239
16 3
16 13
16 17
16 33
16 35
16 40
16 42
16 50
16 51
16 53
16 55
16 60
16 63
16 66
16 73
16 76
16 78
16 79
16 80
16 83
16 84
16 87
16 90
16 98
16 102
16 105
16 106
16 120
16 123
16 127
16 128
16 132
16 134
16 141
16 142
16 143
16 152
16 153
16 155
16 156
16 159
16 161
16 162
16 165
16 166
16 167
16 169
16 174
16 179
16 181
16 184
16 185
16 189
16 190
16 191
16 193
16 194
16 195
16 198
16 201
16 204
16 205
16 207
16 211
16 214
16 222
16 224
16 225
16 231
16 232
16 235
16 238
16 239
17 4
17 12
17 31
17 38
17 56
17 57
17 59
17 62
17 64
17 65
17 67
17 74
17 78
17 86
17 90
17 93
17 97
17 101
17 108
17 110
17 111
17 118
17 121
17 122
17 123
17 125
17 126
17 127
17 132
17 133
17 136
17 139
17 142
17 143
17 145
17 147
17 148
17 160
17 169
17 170
17 172
17 174
17 181
17 183
17 184
17 185
17 191
17 194
17 200
17 203
17 207
17 209
17 210
17 214
17 219
17 222
17 223
17 227
17 228
17 229
17 230
17 231
17 236
17 238
18 3
18 9
18 10
18 12
18 13
18 16
18 18
18 21
18 32
18 40
18 41
18 42
18 43
18 46
18 48
18 49
18 53
18 56
18 60
18 61
18 68
18 69
18 73
18 77
18 78
18 81
18 82
18 84
18 88
18 90
18 93
18 96
18 97
18 99
18 103
18 106
18 107
18 108
18 112
18 113
18 115
18 116
18 122
18 125
18 126
18 130
18 131
18 136
18 140
18 141
18 143
18 147
18 150
18 154
18 155
18 164
18 169
18 171
18 177
18 178
18 184
18 190
18 191
18 193
18 194
18 196
18 199
18 201
18 204
18 205
18 208
18 215
18 217
18 218
18 221
18 222
18 226
18 230
18 235
18 237
19 1
19 2
19 5
19 12
19 15
19 19
19 29
19 38
19 41
19 42
19 47
19 49
19 53
19 75
19 82
19 85
19 87
19 90
19 96
19 99
19 103
19 108
19 116
19 121
19 122
19 130
19 131
19 132
19 137
19 140
19 142
19 143
19 144
19 147
19 154
19 157
19 161
19 162
19 164
19 166
19 169
19 170
19 172
19 174
19 176
19 179
19 181
19 190
19 194
19 196
19 198
19 207
19 218
19 224
19 230
19 231
19 232
19 233
19 235
19 237
19 240
20 2
20 3
20 6
20 8
20 10
20 13
20 16
20 18
20 27
20 39
20 40
20 43
20 48
20 49
20 55
20 59
20 60
20 62
20 64
20 66
20 73
20 79
20 80
20 83
20 85
20 86
20 90
20 92
20 95
20 99
20 102
20 103
20 104
20 106
20 109
20 118
20 122
20 125
20 128
20 134
20 136
20 137
20 142
20 144
20 147
20 153
20 159
20 165
20 167
20 174
20 176
20 181
20 183
20 192
20 193
20 194
20 203
20 205
20 206
20 208
20 212
20 213
20 214
20 215
20 222
20 226
20 227
20 229
20 231
20 234
21 2
21 5
21 7
21 11
21 13
21 14
21 18
21 21
21 22
21 28
21 32
21 33
21 40
21 42
21 46
21 53
21 54
21 55
21 56
21 64
21 65
21 69
21 70
21 74
21 76
21 81
21 84
21 90
21 99
21 102
21 103
21 104
21 106
21 107
21 113
21 115
21 116
21 117
21 119
21 126
21 133
21 135
21 150
21 153
21 161
21 162
21 163
21 164
21 165
21 167
21 170
21 177
21 180
21 182
21 183
21 187
21 188
21 193
21 194
21 196
21 202
21 206
21 215
21 221
21 222
21 236
22 2
22 4
22 6
22 8
22 12
22 16
22 17
22 24
22 29
22 30
22 32
22 34
22 35
22 38
22 41
22 43
22 45
22 47
22 53
22 55
22 56
22 57
22 60
22 64
22 65
22 68
22 79
22 83
22 89
22 93
22 96
22 97
22 99
22 101
22 105
22 107
22 113
22 114
22 115
22 119
22 122
22 124
22 127
22 129
22 143
22 144
22 146
22 155
22 156
22 157
22 158
22 159
22 172
22 176
22 182
22 189
22 192
22 197
22 201
22 202
22 207
22 208
22 218
22 219
22 228
22 229
22 237
23 3
23 5
23 8
23 13
23 16
23 17
23 18
23 21
23 28
23 29
23 33
23 39
23 40
23 43
23 46
23 54
23 55
23 56
23 63
23 66
23 77
23 81
23 86
23 90
23 91
23 96
23 97
23 99
23 105
23 107
23 109
23 110
23 113
23 114
23 118
23 120
23 124
23 125
23 126
23 129
23 131
23 135
23 143
23 147
23 148
23 149
23 150
23 153
23 156
23 158
23 165
23 166
23 167
23 173
23 175
23 176
23 177
23 178
23 184
23 186
23 187
23 195
23 208
23 209
23 213
23 214
23 217
23 218
23 220
23 224
23 225
23 227
23 229
23 231
23 236
23 240
24 2
24 5
24 6
24 18
24 19
24 22
24 31
24 34
24 36
24 41
24 44
24 46
24 47
24 48
24 52
24 56
24 62
24 63
24 69
24 71
24 72
24 75
24 79
24 89
24 94
24 95
24 96
24 99
24 102
24 105
24 109
24 114
24 120
24 122
24 127
24 131
24 132
24 134
24 136
24 140
24 141
24 142
24 144
24 147
24 156
24 158
24 171
24 173
24 175
24 177
24 183
24 189
24 194
24 196
24 199
24 201
24 202
24 204
24 206
24 209
24 211
24 213
24 218
24 220
24 222
24 223
24 224
24 225
24 229
24 233
24 234
24 235
24 236
24 240
25 1
25 6
25 9
25 10
25 11
25 14
25 18
25 19
25 23
25 29
25 31
25 33
25 35
25 36
25 37
25 39
25 42
25 43
25 47
25 57
25 58
25 59
25 60
25 62
25 63
25 64
25 66
25 68
25 71
25 74
25 78
25 82
25 85
25 96
25 99
25 101
25 103
25 104
25 108
25 109
25 112
25 113
25 130
25 131
25 134
25 137
25 141
25 147
25 149
25 150
25 156
25 158
25 160
25 161
25 164
25 168
25 169
25 175
25 181
25 183
25 185
25 187
25 190
25 191
25 195
25 197
25 199
25 205
25 207
25 208
25 209
25 211
25 213
25 214
25 216
25 218
25 222
25 224
25 227
25 236
25 239
26 1
26 2
26 6
26 12
26 16
26 28
26 34
26 37
26 46
26 51
26 53
26 55
26 56
26 57
26 60
26 64
26 65
26 67
26 74
26 77
26 78
26 80
26 83
26 90
26 92
26 94
26 97
26 105
26 108
26 109
26 111
26 118
26 121
26 123
26 124
26 126
26 127
26 130
26 131
26 132
26 133
26 135
26 140
26 142
26 148
26 149
26 154
26 156
26 158
26 161
26 176
26 177
26 179
26 180
26 188
26 194
26 196
26 211
26 212
26 218
26 225
26 227
26 231
27 3
27 4
27 6
27 10
27 18
27 30
27 35
27 36
27 39
27 41
27 43
27 48
27 50
27 51
27 52
27 53
27 55
27 58
27 66
27 77
27 81
27 86
27 87
27 89
27 99
27 101
27 114
27 117
27 119
27 123
27 124
27 126
27 127
27 129
27 140
27 149
27 156
27 157
27 159
27 161
27 164
27 167
27 170
27 172
27 173
27 176
27 177
27 179
27 181
27 190
27 191
27 196
27 202
27 204
27 211
27 217
27 218
27 219
27 225
27 227
27 236
28 6
28 7
28 9
28 10
28 14
28 18
28 24
28 25
28 29
28 31
28 32
28 34
28 35
28 43
28 45
28 51
28 55
28 57
28 58
28 61
28 62
28 63
28 64
28 66
28 68
28 75
28 77
28 78
28 80
28 86
28 92
28 93
28 95
28 100
28 101
28 103
28 106
28 112
28 113
28 115
28 117
28 124
28 125
28 126
28 127
28 128
28 129
28 132
28 141
28 142
28 146
28 147
28 154
28 158
28 165
28 168
28 172
28 178
28 179
28 181
28 185
28 190
28 193
28 196
28 200
28 201
28 202
28 207
28 209
28 211
28 216
28 217
28 218
28 219
28 221
28 227
28 229
28 230
28 238
28 240
29 1
29 2
29 7
29 11
29 13
29 19
29 20
29 26
29 27
29 28
29 32
29 34
29 35
29 38
29 39
29 41
29 46
29 55
29 57
29 62
29 65
29 69
29 75
29 77
29 80
29 84
29 85
29 101
29 102
29 105
29 110
29 112
29 114
29 116
29 120
29 122
29 126
29 127
29 129
29 134
29 135
29 140
29 142
29 146
29 147
29 160
29 165
29 166
29 172
29 177
29 179
29 180
29 185
29 189
29 193
29 195
29 196
29 197
29 198
29 200
29 209
29 211
29 219
29 220
29 223
29 225
29 229
29 231
29 235
29 236
29 239
30 1
30 8
30 11
30 13
30 14
30 16
30 21
30 29
30 31
30 37
30 39
30 42
30 43
30 54
30 59
30 60
30 61
30 62
30 68
30 69
30 75
30 76
30 78
30 79
30 82
30 84
30 87
30 88
30 96
30 101
30 105
30 126
30 127
30 130
30 137
30 138
30 140
30 143
30 144
30 149
30 150
30 154
30 157
30 158
30 161
30 166
30 167
30 171
30 172
30 174
30 178
30 182
30 185
30 187
30 189
30 194
30 198
30 202
30 206
30 208
30 209
30 211
30 212
30 213
30 214
30 217
30 219
30 220
30 225
30 228
30 230
30 235
31 4
31 6
31 12
31 17
31 31
31 33
31 37
31 40
31 42
31 43
31 44
31 46
31 47
31 48
31 52
31 54
31 55
31 56
31 58
31 59
31 63
31 64
31 67
31 68
31 70
31 72
31 73
31 74
31 80
31 82
31 86
31 88
31 89
31 90
31 96
31 97
31 98
31 101
31 108
31 110
31 114
31 117
31 118
31 119
31 122
31 123
31 124
31 125
31 127
31 130
31 132
31 142
31 145
31 147
31 155
31 159
31 161
31 166
31 168
31 169
31 172
31 173
31 180
31 184
31 186
31 189
31 194
31 195
31 203
31 208
31 212
31 223
31 226
31 231
31 235
31 236
32 1
32 2
32 10
32 15
32 20
32 21
32 23
32 29
32 30
32 34
32 39
32 40
32 41
32 46
32 48
32 54
32 56
32 58
32 67
32 68
32 75
32 79
32 83
32 88
32 90
32 91
32 100
32 101
32 104
32 105
32 107
32 108
32 111
32 112
32 113
32 115
32 116
32 117
32 120
32 123
32 127
32 130
32 131
32 132
32 134
32 138
32 145
32 151
32 153
32 155
32 159
32 161
32 162
32 166
32 169
32 170
32 171
32 173
32 180
32 181
32 183
32 187
32 188
32 190
32 194
32 195
32 201
32 202
32 203
32 211
32 215
32 216
32 217
32 220
32 221
32 223
32 226
32 227
32 229
32 230
32 231
32 234
32 235
32 236
32 237
33 4
33 5
33 15
33 18
33 20
33 22
33 26
33 27
33 29
33 32
33 34
33 35
33 38
33 39
33 40
33 45
33 48
33 50
33 56
33 58
33 67
33 73
33 74
33 75
33 78
33 83
33 86
33 89
33 90
33 92
33 93
33 98
33 99
33 102
33 105
33 110
33 113
33 114
33 119
33 123
33 126
33 130
33 132
33 133
33 134
33 136
33 139
33 140
33 143
33 145
33 147
33 148
33 151
33 152
33 158
33 168
33 170
33 177
33 178
33 179
33 183
33 184
33 186
33 187
33 190
33 200
33 203
33 206
33 207
33 209
33 218
33 219
33 220
33 221
33 222
33 223
33 231
33 234
33 235
33 237
33 239
33 240
34 1
34 11
34 17
34 26
34 29
34 31
34 34
34 38
34 41
34 44
34 45
34 46
34 49
34 56
34 60
34 62
34 63
34 64
34 67
34 70
34 76
34 87
34 88
34 93
34 96
34 97
34 102
34 104
34 105
34 108
34 110
34 112
34 117
34 120
34 122
34 123
34 124
34 129
34 134
34 138
34 139
34 149
34 153
34 154
34 157
34 160
34 162
34 165
34 173
34 184
34 195
34 199
34 204
34 207
34 210
34 214
34 215
34 217
34 222
34 226
34 228
34 229
34 237
34 238
35 3
35 4
35 9
35 15
35 17
35 19
35 30
35 34
35 35
35 36
35 39
35 41
35 45
35 47
35 48
35 54
35 57
35 59
35 63
35 65
35 67
35 68
35 71
35 72
35 73
35 78
35 79
35 82
35 83
35 89
35 97
35 98
35 99
35 101
35 104
35 107
35 108
35 109
35 112
35 113
35 117
35 124
35 125
35 127
35 128
35 136
35 138
35 142
35 158
35 159
35 161
35 162
35 170
35 171
35 172
35 179
35 180
35 183
35 186
35 192
35 194
35 196
35 197
35 200
35 205
35 214
35 221
35 223
35 227
35 228
35 229
35 230
35 234
35 235
35 239
36 10
36 13
36 14
36 19
36 22
36 23
36 24
36 26
36 30
36 33
36 38
36 40
36 48
36 55
36 56
36 68
36 69
36 72
36 77
36 78
36 81
36 85
36 86
36 90
36 98
36 99
36 103
36 106
36 110
36 112
36 114
36 120
36 121
36 125
36 126
36 129
36 136
36 137
36 139
36 141
36 143
36 148
36 155
36 157
36 158
36 159
36 162
36 169
36 174
36 179
36 180
36 182
36 185
36 188
36 189
36 195
36 196
36 203
36 205
36 206
36 208
36 211
36 219
36 222
36 223
36 224
36 226
36 228
36 236
37 3
37 4
37 12
37 19
37 23
37 24
37 32
37 34
37 35
37 40
37 43
37 55
37 66
37 68
37 72
37 74
37 75
37 76
37 79
37 81
37 88
37 89
37 90
37 98
37 99
37 103
37 109
37 118
37 128
37 129
37 131
37 133
37 137
37 138
37 139
37 140
37 142
37 143
37 145
37 151
37 154
37 161
37 162
37 163
37 167
37 169
37 170
37 172
37 174
37 175
37 176
37 177
37 182
37 184
37 185
37 188
37 198
37 201
37 203
37 204
37 205
37 207
37 211
37 212
37 215
37 219
37 220
37 221
37 222
37 226
37 237
37 240
38 1
38 5
38 9
38 10
38 15
38 18
38 25
38 27
38 30
38 37
38 41
38 43
38 48
38 49
38 50
38 54
38 57
38 60
38 64
38 65
38 68
38 77
38 83
38 84
38 85
38 87
38 92
38 104
38 110
38 119
38 120
38 122
38 127
38 136
38 140
38 141
38 144
38 152
38 154
38 158
38 160
38 162
38 163
38 165
38 168
38 169
38 170
38 177
38 179
38 181
38 184
38 186
38 187
38 188
38 189
38 192
38 198
38 206
38 212
38 215
38 217
38 221
38 225
38 226
38 227
38 233
38 237
39 2
39 12
39 14
39 18
39 23
39 24
39 25
39 28
39 39
39 40
39 46
39 48
39 52
39 55
39 59
39 62
39 63
39 68
39 74
39 78
39 80
39 84
39 86
39 89
39 91
39 96
39 98
39 99
39 114
39 119
39 125
39 128
39 130
39 135
39 142
39 144
39 147
39 149
39 150
39 152
39 153
39 154
39 155
39 156
39 158
39 164
39 165
39 168
39 173
39 174
39 175
39 179
39 180
39 187
39 195
39 198
39 204
39 205
39 206
39 211
39 217
39 219
39 223
39 225
39 227
39 229
39 232
39 235
39 239
40 8
40 9
40 14
40 15
40 16
40 24
40 25
40 33
40 46
40 57
40 58
40 61
40 64
40 65
40 69
40 70
40 78
40 79
40 81
40 82
40 83
40 87
40 89
40 94
40 101
40 104
40 107
40 108
40 112
40 113
40 116
40 122
40 123
40 128
40 129
40 130
40 131
40 132
40 135
40 136
40 137
40 140
40 141
40 147
40 153
40 159
40 161
40 164
40 185
40 187
40 190
40 192
40 195
40 197
40 200
40 203
40 214
40 216
40 220
40 222
40 223
40 225
40 229
40 233
40 236
40 238
41 6
41 11
41 17
41 22
41 25
41 26
41 28
41 30
41 33
41 34
41 36
41 37
41 39
41 40
41 41
41 42
41 45
41 52
41 53
41 56
41 58
41 63
41 64
41 76
41 80
41 83
41 86
41 87
41 93
41 96
41 97
41 99
41 101
41 105
41 108
41 109
41 118
41 123
41 126
41 130
41 131
41 136
41 137
41 139
41 140
41 141
41 145
41 147
41 149
41 152
41 165
41 166
41 167
41 171
41 177
41 180
41 181
41 182
41 185
41 188
41 190
41 193
41 196
41 206
41 209
41 216
41 219
41 224
41 225
41 239
42 1
42 3
42 5
42 8
42 10
42 19
42 25
42 26
42 27
42 30
42 33
42 34
42 36
42 39
42 42
42 44
42 47
42 50
42 54
42 56
42 60
42 61
42 62
42 67
42 71
42 79
42 80
42 81
42 82
42 90
42 93
42 94
42 95
42 96
42 99
42 102
42 104
42 106
42 107
42 108
42 110
42 116
42 125
42 130
42 134
42 138
42 139
42 142
42 143
42 146
42 147
42 148
42 149
42 152
42 155
42 165
42 169
42 172
42 174
42 179
42 180
42 182
42 185
42 186
42 191
42 192
42 193
42 197
42 200
42 204
42 205
42 211
42 212
42 213
42 214
42 215
42 219
42 220
42 227
42 230
42 231
42 234
42 237
42 240
43 4
43 5
43 6
43 7
43 9
43 12
43 14
43 17
43 24
43 25
43 27
43 30
43 31
43 32
43 38
43 40
43 42
43 43
43 44
43 62
43 63
43 64
43 67
43 68
43 69
43 71
43 72
43 80
43 81
43 90
43 91
43 92
43 94
43 95
43 104
43 105
43 109
43 113
43 116
43 117
43 119
43 121
43 125
43 126
43 132
43 134
43 135
43 136
43 137
43 147
43 148
43 151
43 160
43 168
43 174
43 177
43 179
43 180
43 187
43 189
43 190
43 192
43 197
43 199
43 202
43 207
43 210
43 215
43 216
43 220
43 224
43 225
43 226
43 229
43 230
43 231
43 237
43 239
44 1
44 2
44 3
44 7
44 10
44 11
44 12
44 14
44 15
44 17
44 19
44 25
44 27
44 28
44 33
44 35
44 40
44 41
44 43
44 44
44 46
44 49
44 52
44 53
44 59
44 63
44 67
44 71
44 72
44 76
44 79
44 85
44 86
44 89
44 100
44 102
44 103
44 116
44 118
44 124
44 129
44 130
44 131
44 134
44 136
44 137
44 140
44 143
44 147
44 148
44 151
44 153
44 156
44 159
44 160
44 164
44 169
44 171
44 172
44 179
44 189
44 191
44 193
44 196
44 201
44 202
44 203
44 213
44 214
44 217
44 218
44 219
44 222
44 234
44 236
44 239
45 2
45 4
45 5
45 6
45 13
45 20
45 21
45 23
45 25
45 31
45 33
45 34
45 39
45 40
45 41
45 47
45 52
45 58
45 65
45 71
45 73
45 74
45 79
45 81
45 85
45 93
45 95
45 96
45 100
45 104
45 106
45 108
45 118
45 119
45 120
45 124
45 128
45 135
45 138
45 142
45 143
45 148
45 153
45 156
45 159
45 160
45 162
45 166
45 167
45 170
45 171
45 172
45 176
45 179
45 181
45 183
45 184
45 187
45 188
45 191
45 196
45 202
45 204
45 208
45 211
45 213
45 218
45 227
45 228
45 234
45 235
45 238
46 2
46 3
46 10
46 15
46 16
46 17
46 18
46 22
46 28
46 36
46 39
46 40
46 41
46 46
46 48
46 50
46 55
46 57
46 58
46 59
46 62
46 64
46 68
46 74
46 84
46 86
46 88
46 89
46 90
46 91
46 92
46 93
46 95
46 97
46 99
46 100
46 101
46 104
46 106
46 107
46 109
46 110
46 115
46 117
46 119
46 121
46 123
46 125
46 129
46 132
46 133
46 134
46 135
46 139
46 142
46 143
46 147
46 149
46 151
46 152
46 155
46 156
46 161
46 163
46 165
46 166
46 167
46 171
46 177
46 178
46 181
46 182
46 183
46 186
46 189
46 201
46 202
46 204
46 205
46 208
46 209
46 211
46 212
46 217
46 222
46 227
46 228
46 229
46 240
47 4
47 5
47 8
47 12
47 22
47 23
47 24
47 34
47 40
47 41
47 45
47 46
47 54
47 55
47 61
47 62
47 64
47 65
47 66
47 67
47 68
47 69
47 74
47 77
47 82
47 84
47 85
47 86
47 87
47 93
47 97
47 103
47 104
47 105
47 106
47 109
47 116
47 121
47 123
47 124
47 128
47 137
47 138
47 141
47 151
47 161
47 171
47 173
47 174
47 175
47 180
47 183
47 189
47 193
47 194
47 200
47 204
47 206
47 210
47 212
47 213
47 219
47 222
47 226
47 229
47 231
47 236
47 239
48 4
48 5
48 8
48 15
48 17
48 21
48 24
48 29
48 32
48 39
48 45
48 48
48 49
48 51
48 56
48 57
48 67
48 68
48 69
48 70
48 74
48 78
48 83
48 86
48 90
48 92
48 93
48 95
48 97
48 103
48 104
48 106
48 109
48 111
48 115
48 116
48 117
48 120
48 121
48 124
48 127
48 133
48 134
48 136
48 140
48 142
48 145
48 148
48 149
48 150
48 153
48 159
48 163
48 165
48 168
48 171
48 173
48 174
48 183
48 187
48 189
48 200
48 204
48 207
48 210
48 213
48 215
48 216
48 220
48 224
48 226
48 227
48 229
48 234
48 235
49 1
49 3
49 9
49 15
49 17
49 31
49 33
49 43
49 57
49 61
49 65
49 68
49 69
49 71
49 76
49 77
49 78
49 85
49 93
49 96
49 97
49 98
49 102
49 104
49 111
49 112
49 113
49 114
49 116
49 119
49 121
49 124
49 125
49 129
49 130
49 136
49 137
49 143
49 144
49 147
49 148
49 152
49 157
49 164
49 166
49 169
49 170
49 174
49 179
49 183
49 188
49 193
49 205
49 207
49 212
49 225
49 233
49 236
50 1
50 3
50 11
50 13
50 14
50 18
50 24
50 30
50 35
50 38
50 39
50 41
50 42
50 45
50 47
50 56
50 57
50 61
50 67
50 71
50 72
50 74
50 76
50 87
50 90
50 92
50 93
50 94
50 97
50 109
50 110
50 112
50 113
50 119
50 120
50 124
50 126
50 128
50 133
50 136
50 139
50 141
50 145
50 148
50 151
50 154
50 156
50 162
50 165
50 174
50 182
50 187
50 190
50 191
50 192
50 193
50 194
50 198
50 200
50 205
50 207
50 208
50 217
50 218
50 219
50 222
50 226
50 230
50 233
50 236
51 4
51 7
51 9
51 12
51 20
51 32
51 33
51 37
51 38
51 39
51 41
51 42
51 45
51 48
51 49
51 53
51 57
51 58
51 61
51 62
51 63
51 66
51 69
51 74
51 75
51 85
51 87
51 88
51 91
51 94
51 99
51 106
51 114
51 120
51 122
51 124
51 125
51 128
51 134
51 138
51 139
51 141
51 143
51 148
51 151
51 154
51 155
51 157
51 162
51 164
51 165
51 167
51 168
51 172
51 174
51 177
51 186
51 187
51 189
51 190
51 191
51 194
51 203
51 204
51 210
51 212
51 214
51 215
51 221
51 226
51 228
51 231
51 236
51 239
52 1
52 3
52 6
52 10
52 15
52 16
52 20
52 22
52 23
52 25
52 26
52 29
52 33
52 34
52 35
52 37
52 41
52 43
52 50
52 51
52 52
52 54
52 56
52 58
52 59
52 61
52 65
52 72
52 75
52 76
52 78
52 81
52 85
52 93
52 94
52 96
52 97
52 98
52 102
52 106
52 109
52 115
52 124
52 133
52 139
52 140
52 142
52 143
52 147
52 151
52 152
52 157
52 168
52 171
52 175
52 179
52 180
52 181
52 182
52 183
52 192
52 194
52 196
52 204
52 205
52 209
52 215
52 220
52 226
52 235
52 238
52 239
52 240
53 5
53 7
53 8
53 10
53 15
53 21
53 22
53 25
53 26
53 28
53 30
53 35
53 40
53 45
53 54
53 59
53 73
53 74
53 76
53 77
53 78
53 80
53 82
53 88
53 89
53 90
53 98
53 100
53 107
53 108
53 109
53 110
53 111
53 113
53 114
53 122
53 126
53 133
53 134
53 139
53 142
53 148
53 149
53 152
53 155
53 156
53 168
53 170
53 181
53 191
53 192
53 195
53 196
53 198
53 202
53 204
53 205
53 208
53 209
53 212
53 213
53 214
53 215
53 220
53 222
53 225
53 229
53 238
54 3
54 4
54 7
54 8
54 12
54 19
54 20
54 23
54 30
54 35
54 42
54 44
54 45
54 53
54 60
54 62
54 63
54 65
54 67
54 68
54 70
54 73
54 74
54 75
54 79
54 82
54 87
54 91
54 97
54 98
54 99
54 101
54 102
54 104
54 105
54 108
54 110
54 111
54 116
54 117
54 120
54 121
54 126
54 130
54 137
54 141
54 143
54 144
54 146
54 152
54 154
54 156
54 159
54 160
54 162
54 164
54 165
54 167
54 171
54 172
54 177
54 184
54 188
54 196
54 202
54 212
54 216
54 217
54 221
54 223
54 225
54 226
54 227
54 228
54 230
54 232
54 233
54 239
55 1
55 2
55 3
55 16
55 17
55 18
55 22
55 27
55 34
55 37
55 40
55 41
55 42
55 50
55 55
55 59
55 61
55 62
55 67
55 69
55 71
55 72
55 74
55 75
55 88
55 89
55 90
55 91
55 98
55 99
55 100
55 102
55 103
55 106
55 111
55 113
55 120
55 124
55 128
55 130
55 137
55 140
55 142
55 144
55 145
55 146
55 152
55 153
55 154
55 157
55 161
55 166
55 170
55 175
55 177
55 181
55 183
55 192
55 197
55 201
55 202
55 205
55 206
55 210
55 211
55 214
55 218
55 223
55 224
55 225
55 227
55 230
55 232
55 236
55 237
56 8
56 11
56 13
56 14
56 18
56 21
56 28
56 31
56 37
56 39
56 40
56 41
56 45
56 46
56 50
56 52
56 54
56 56
56 57
56 58
56 61
56 62
56 67
56 68
56 75
56 76
56 77
56 78
56 79
56 84
56 85
56 86
56 88
56 89
56 91
56 92
56 94
56 101
56 102
56 106
56 110
56 113
56 114
56 118
56 121
56 122
56 123
56 141
56 150
56 151
56 153
56 156
56 157
56 158
56 160
56 163
56 180
56 184
56 185
56 189
56 199
56 201
56 202
56 203
56 206
56 209
56 212
56 216
56 223
56 226
56 229
56 230
56 232
56 233
56 234
56 236
56 237
56 240
57 4
57 5
57 6
57 7
57 8
57 10
57 14
57 15
57 16
57 18
57 20
57 22
57 26
57 28
57 41
57 42
57 44
57 45
57 48
57 49
57 51
57 52
57 54
57 62
57 64
57 66
57 68
57 70
57 72
57 73
57 76
57 81
57 82
57 83
57 86
57 87
57 88
57 93
57 95
57 101
57 102
57 106
57 109
57 111
57 112
57 113
57 118
57 121
57 122
57 128
57 129
57 131
57 137
57 139
57 140
57 141
57 142
57 147
57 150
57 152
57 153
57 158
57 169
57 170
57 175
57 177
57 178
57 182
57 184
57 186
57 195
57 197
57 198
57 199
57 206
57 209
57 210
57 212
57 213
57 214
57 215
57 218
57 220
57 221
57 222
57 226
57 229
57 236
57 237
57 240
58 1
58 7
58 12
58 22
58 23
58 25
58 32
58 35
58 40
58 41
58 52
58 56
58 57
58 60
58 62
58 63
58 70
58 75
58 76
58 84
58 86
58 88
58 99
58 105
58 119
58 120
58 121
58 122
58 126
58 132
58 134
58 138
58 141
58 143
58 152
58 153
58 158
58 160
58 163
58 166
58 169
58 174
58 176
58 183
58 189
58 191
58 192
58 202
58 219
58 220
58 221
58 222
58 231
58 232
58 236
59 5
59 12
59 17
59 19
59 20
59 21
59 24
59 25
59 27
59 34
59 36
59 37
59 41
59 43
59 48
59 56
59 63
59 69
59 71
59 72
59 75
59 76
59 83
59 86
59 87
59 94
59 95
59 96
59 97
59 99
59 102
59 103
59 105
59 106
59 107
59 109
59 116
59 118
59 119
59 128
59 129
59 134
59 138
59 143
59 144
59 151
59 153
59 156
59 157
59 164
59 171
59 173
59 176
59 177
59 182
59 184
59 187
59 188
59 189
59 192
59 199
59 208
59 210
59 212
59 218
59 222
59 223
59 225
59 234
59 239
59 240
60 1
60 2
60 6
60 7
60 8
60 9
60 18
60 19
60 20
60 30
60 36
60 41
60 43
60 44
60 45
60 52
60 53
60 54
60 55
60 59
60 60
60 63
60 64
60 66
60 71
60 76
60 77
60 78
60 84
60 85
60 87
60 88
60 92
60 95
60 101
60 102
60 106
60 109
60 111
60 115
60 117
60 122
60 133
60 140
60 142
60 148
60 150
60 154
60 156
60 157
60 163
60 167
60 178
60 180
60 191
60 193
60 195
60 197
60 198
60 200
60 203
60 214
60 217
60 223
60 224
60 226
60 229
60 240
61 2
61 5
61 8
61 10
61 13
61 20
61 22
61 34
61 37
61 45
61 48
61 49
61 50
61 60
61 65
61 68
61 70
61 73
61 74
61 85
61 89
61 101
61 102
61 105
61 106
61 107
61 108
61 109
61 110
61 111
61 119
61 121
61 124
61 125
61 127
61 129
61 133
61 138
61 139
61 141
61 142
61 144
61 157
61 159
61 162
61 163
61 165
61 170
61 173
61 178
61 184
61 186
61 188
61 189
61 190
61 194
61 196
61 197
61 200
61 202
61 203
61 204
61 207
61 210
61 211
61 214
61 215
61 216
61 218
61 226
61 227
61 229
61 231
61 239
62 2
62 6
62 17
62 19
62 21
62 23
62 25
62 28
62 29
62 37
62 38
62 40
62 42
62 45
62 47
62 50
62 53
62 54
62 55
62 56
62 66
62 70
62 72
62 77
62 78
62 80
62 81
62 89
62 94
62 96
62 100
62 110
62 113
62 114
62 119
62 121
62 123
62 124
62 127
62 129
62 130
62 137
62 139
62 149
62 151
62 156
62 160
62 163
62 166
62 169
62 171
62 175
62 177
62 179
62 182
62 188
62 193
62 195
62 197
62 205
62 206
62 207
62 209
62 210
62 211
62 213
62 215
62 222
62 234
62 237
62 239
63 7
63 21
63 27
63 28
63 33
63 39
63 41
63 42
63 43
63 46
63 49
63 52
63 54
63 57
63 58
63 59
63 60
63 61
63 62
63 64
63 69
63 73
63 83
63 88
63 89
63 101
63 107
63 108
63 114
63 116
63 133
63 134
63 137
63 143
63 155
63 162
63 163
63 164
63 170
63 174
63 181
63 184
63 186
63 188
63 191
63 198
63 205
63 207
63 208
63 210
63 213
63 218
63 220
63 226
63 227
63 229
63 231
63 235
63 236
64 1
64 13
64 16
64 17
64 20
64 21
64 22
64 23
64 24
64 27
64 28
64 29
64 32
64 42
64 49
64 51
64 67
64 68
64 79
64 81
64 82
64 85
64 87
64 93
64 96
64 101
64 107
64 110
64 117
64 118
64 120
64 121
64 126
64 131
64 134
64 135
64 136
64 137
64 138
64 147
64 164
64 165
64 167
64 170
64 173
64 177
64 179
64 181
64 186
64 191
64 197
64 201
64 207
64 216
64 218
64 219
64 220
64 223
64 226
64 227
64 229
64 237
65 17
65 22
65 23
65 24
65 35
65 37
65 40
65 42
65 46
65 48
65 52
65 54
65 56
65 60
65 67
65 68
65 75
65 78
65 79
65 80
65 82
65 87
65 88
65 91
65 92
65 93
65 104
65 106
65 107
65 111
65 113
65 115
65 118
65 120
65 122
65 123
65 128
65 132
65 134
65 136
65 139
65 140
65 147
65 149
65 156
65 158
65 160
65 161
65 162
65 165
65 172
65 173
65 176
65 180
65 181
65 183
65 184
65 185
65 188
65 191
65 192
65 199
65 200
65 202
65 204
65 211
65 216
65 217
65 220
65 221
65 222
65 224
65 227
65 232
65 233
65 234
65 235
65 238
65 239
66 3
66 5
66 10
66 15
66 26
66 27
66 29
66 30
66 33
66 37
66 43
66 44
66 53
66 56
66 57
66 60
66 63
66 65
66 70
66 85
66 86
66 87
66 88
66 90
66 91
66 93
66 97
66 98
66 99
66 103
66 105
66 106
66 109
66 116
66 117
66 123
66 125
66 130
66 131
66 135
66 136
66 138
66 140
66 142
66 146
66 155
66 171
66 183
66 190
66 195
66 198
66 206
66 210
66 212
66 214
66 216
66 217
66 219
66 221
66 222
66 223
66 226
66 230
66 231
66 233
66 236
66 240
67 5
67 7
67 15
67 16
67 17
67 18
67 20
67 21
67 24
67 26
67 29
67 35
67 51
67 52
67 54
67 57
67 62
67 69
67 71
67 72
67 79
67 84
67 85
67 91
67 92
67 93
67 96
67 97
67 98
67 100
67 102
67 109
67 110
67 111
67 113
67 114
67 117
67 123
67 129
67 132
67 142
67 149
67 152
67 155
67 162
67 170
67 172
67 173
67 180
67 181
67 182
67 190
67 191
67 196
67 197
67 198
67 204
67 207
67 210
67 212
67 214
67 216
67 220
67 222
67 226
67 227
67 228
67 233
67 234
67 235
67 237
67 240
68 3
68 5
68 6
68 8
68 11
68 13
68 22
68 24
68 26
68 27
68 31
68 36
68 39
68 42
68 43
68 50
68 52
68 55
68 57
68 66
68 71
68 74
68 76
68 78
68 79
68 81
68 86
68 87
68 88
68 99
68 102
68 111
68 113
68 114
68 117
68 119
68 126
68 128
68 134
68 136
68 147
68 149
68 157
68 161
68 164
68 167
68 182
68 184
68 188
68 190
68 193
68 196
68 202
68 203
68 210
68 211
68 212
68 215
68 220
68 222
68 227
68 233
68 234
68 239
68 240
69 5
69 9
69 16
69 18
69 19
69 21
69 24
69 25
69 31
69 36
69 39
69 43
69 44
69 46
69 49
69 55
69 61
69 62
69 63
69 66
69 69
69 70
69 72
69 81
69 85
69 86
69 92
69 97
69 109
69 111
69 117
69 125
69 128
69 129
69 131
69 132
69 133
69 134
69 138
69 149
69 150
69 152
69 156
69 161
69 165
69 167
69 168
69 171
69 184
69 189
69 193
69 194
69 195
69 196
69 197
69 215
69 216
69 222
69 223
69 226
69 227
69 230
69 232
69 236
69 238
69 239
70 3
70 6
70 7
70 8
70 9
70 13
70 15
70 22
70 24
70 25
70 29
70 32
70 33
70 39
70 40
70 43
70 45
70 49
70 50
70 52
70 58
70 62
70 66
70 67
70 71
70 81
70 85
70 86
70 89
70 93
70 95
70 98
70 99
70 102
70 104
70 106
70 108
70 111
70 112
70 114
70 116
70 119
70 123
70 125
70 132
70 133
70 134
70 140
70 142
70 144
70 145
70 148
70 150
70 151
70 152
70 157
70 159
70 167
70 168
70 169
70 170
70 176
70 178
70 180
70 181
70 186
70 188
70 191
70 198
70 200
70 203
70 210
70 217
70 219
70 222
70 224
70 230
70 232
70 234
71 6
71 8
71 9
71 10
71 14
71 18
71 20
71 22
71 23
71 28
71 34
71 43
71 46
71 53
71 54
71 55
71 59
71 65
71 66
71 69
71 70
71 71
71 73
71 89
71 95
71 100
71 102
71 107
71 113
71 123
71 125
71 126
71 132
71 133
71 134
71 135
71 146
71 148
71 152
71 154
71 162
71 163
71 165
71 166
71 167
71 169
71 174
71 177
71 178
71 181
71 187
71 189
71 190
71 196
71 198
71 204
71 209
71 210
71 211
71 212
71 221
71 223
71 225
71 227
71 231
71 232
71 236
71 237
71 239
72 1
72 4
72 6
72 13
72 15
72 17
72 19
72 22
72 25
72 30
72 36
72 37
72 42
72 46
72 50
72 54
72 64
72 65
72 67
72 68
72 73
72 81
72 83
72 85
72 91
72 92
72 97
72 101
72 102
72 103
72 107
72 108
72 110
72 113
72 114
72 118
72 119
72 120
72 123
72 125
72 137
72 142
72 143
72 148
72 149
72 152
72 154
72 156
72 160
72 163
72 164
72 171
72 172
72 181
72 183
72 185
72 186
72 195
72 200
72 202
72 205
72 207
72 212
72 215
72 216
72 218
72 219
72 220
72 221
72 226
72 235
72 236
73 6
73 8
73 9
73 11
73 13
73 14
73 17
73 18
73 21
73 23
73 24
73 32
73 46
73 47
73 56
73 60
73 61
73 63
73 64
73 69
73 71
73 72
73 75
73 78
73 83
73 88
73 90
73 94
73 95
73 109
73 110
73 111
73 114
73 126
73 128
73 130
73 131
73 133
73 137
73 141
73 149
73 150
73 151
73 154
73 157
73 158
73 160
73 163
73 172
73 173
73 179
73 182
73 185
73 189
73 195
73 196
73 197
73 202
73 206
73 207
73 210
73 213
73 214
73 216
73 225
73 228
73 230
73 237
74 1
74 7
74 8
74 10
74 11
74 14
74 15
74 26
74 30
74 33
74 34
74 36
74 43
74 45
74 56
74 57
74 58
74 59
74 62
74 63
74 68
74 73
74 79
74 82
74 83
74 84
74 89
74 92
74 94
74 96
74 98
74 105
74 111
74 121
74 129
74 134
74 136
74 140
74 141
74 142
74 144
74 146
74 152
74 153
74 154
74 156
74 157
74 162
74 165
74 179
74 184
74 188
74 189
74 190
74 195
74 202
74 206
74 216
74 220
74 221
74 228
74 230
74 231
74 234
74 235
74 238
74 239
74 240
75 1
75 3
75 5
75 7
75 8
75 9
75 16
75 19
75 23
75 27
75 29
75 30
75 37
75 38
75 42
75 45
75 49
75 59
75 60
75 65
75 67
75 71
75 73
75 74
75 76
75 78
75 80
75 91
75 92
75 96
75 101
75 112
75 113
75 114
75 115
75 116
75 125
75 131
75 134
75 135
75 144
75 147
75 148
75 151
75 152
75 161
75 167
75 170
75 174
75 176
75 179
75 188
75 190
75 193
75 196
75 197
75 203
75 205
75 210
75 212
75 213
75 218
75 219
75 230
75 231
75 233
75 234
75 238
76 2
76 4
76 5
76 6
76 7
76 8
76 9
76 13
76 19
76 20
76 25
76 28
76 34
76 35
76 36
76 41
76 42
76 45
76 46
76 49
76 53
76 56
76 60
76 67
76 68
76 71
76 73
76 75
76 77
76 79
76 82
76 83
76 88
76 91
76 92
76 98
76 99
76 100
76 107
76 108
76 109
76 117
76 130
76 133
76 134
76 136
76 139
76 145
76 150
76 153
76 154
76 155
76 158
76 163
76 167
76 169
76 178
76 180
76 187
76 196
76 197
76 199
76 200
76 212
76 221
76 222
76 224
76 225
76 227
76 234
76 235
76 236
76 239
77 3
77 6
77 12
77 13
77 14
77 16
77 18
77 21
77 24
77 33
77 36
77 38
77 39
77 41
77 43
77 47
77 48
77 50
77 51
77 55
77 60
77 62
77 64
77 65
77 70
77 71
77 72
77 78
77 81
77 82
77 85
77 88
77 90
77 91
77 93
77 95
77 98
77 99
77 103
77 116
77 121
77 122
77 125
77 136
77 141
77 146
77 148
77 152
77 154
77 165
77 174
77 178
77 182
77 183
77 184
77 187
77 188
77 191
77 199
77 200
77 202
77 206
77 219
77 221
77 225
77 230
77 231
77 236
78 2
78 3
78 7
78 20
78 29
78 31
78 33
78 36
78 40
78 44
78 46
78 47
78 51
78 54
78 59
78 61
78 72
78 73
78 74
78 75
78 82
78 84
78 90
78 92
78 97
78 99
78 105
78 113
78 119
78 122
78 123
78 126
78 128
78 129
78 132
78 134
78 137
78 139
78 144
78 146
78 147
78 149
78 152
78 158
78 159
78 165
78 170
78 173
78 176
78 177
78 178
78 182
78 189
78 191
78 195
78 196
78 197
78 201
78 202
78 207
78 211
78 213
78 215
78 226
78 230
78 231
78 233
78 234
78 237
78 238
79 1
79 2
79 10
79 11
79 14
79 15
79 17
79 20
79 35
79 39
79 46
79 48
79 50
79 53
79 63
79 68
79 71
79 74
79 81
79 85
79 86
79 89
79 91
79 95
79 97
79 109
79 111
79 120
79 124
79 129
79 137
79 141
79 146
79 148
79 154
79 164
79 165
79 166
79 168
79 169
79 171
79 172
79 174
79 176
79 177
79 178
79 179
79 182
79 184
79 186
79 190
79 194
79 198
79 201
79 202
79 208
79 209
79 220
79 225
79 231
79 235
79 238
79 239
79 240
80 1
80 4
80 10
80 11
80 14
80 20
80 22
80 27
80 33
80 39
80 41
80 46
80 49
80 51
80 53
80 54
80 55
80 64
80 68
80 70
80 74
80 78
80 80
80 87
80 89
80 93
80 94
80 98
80 101
80 102
80 105
80 107
80 108
80 110
80 112
80 113
80 120
80 123
80 125
80 132
80 135
80 139
80 143
80 144
80 145
80 150
80 153
80 158
80 163
80 164
80 166
80 178
80 181
80 184
80 191
80 193
80 194
80 197
80 200
80 209
80 212
80 213
80 219
80 226
80 229
80 231
80 233
80 239
80 240
81 6
81 7
81 22
81 29
81 35
81 36
81 41
81 43
81 45
81 49
81 52
81 53
81 56
81 62
81 66
81 68
81 69
81 70
81 73
81 75
81 79
81 82
81 85
81 88
81 98
81 100
81 114
81 116
81 118
81 122
81 128
81 146
81 148
81 149
81 160
81 164
81 165
81 166
81 167
81 168
81 171
81 174
81 177
81 181
81 182
81 186
81 189
81 190
81 201
81 204
81 207
81 210
81 214
81 218
81 219
81 222
81 223
81 226
81 229
81 230
81 231
81 232
81 234
81 235
82 4
82 7
82 8
82 12
82 14
82 15
82 20
82 21
82 25
82 26
82 27
82 28
82 30
82 31
82 35
82 36
82 40
82 45
82 53
82 55
82 62
82 63
82 71
82 74
82 80
82 85
82 89
82 91
82 95
82 105
82 108
82 114
82 115
82 121
82 123
82 126
82 137
82 138
82 145
82 148
82 149
82 151
82 154
82 155
82 158
82 162
82 167
82 175
82 177
82 178
82 183
82 185
82 186
82 189
82 190
82 192
82 194
82 198
82 205
82 206
82 207
82 209
82 210
82 211
82 213
82 214
82 220
82 227
82 234
83 2
83 4
83 11
83 13
83 16
83 18
83 19
83 20
83 27
83 28
83 29
83 30
83 31
83 36
83 37
83 46
83 48
83 49
83 52
83 53
83 54
83 57
83 62
83 73
83 74
83 81
83 87
83 100
83 109
83 111
83 112
83 114
83 117
83 121
83 124
83 127
83 129
83 131
83 133
83 137
83 144
83 146
83 152
83 160
83 162
83 163
83 172
83 174
83 183
83 185
83 187
83 189
83 195
83 196
83 198
83 202
83 205
83 208
83 214
83 218
83 223
83 224
83 227
83 232
83 235
83 236
83 239
84 2
84 8
84 9
84 10
84 12
84 13
84 22
84 23
84 27
84 32
84 34
84 35
84 40
84 43
84 46
84 53
84 54
84 55
84 63
84 65
84 68
84 70
84 71
84 77
84 78
84 79
84 81
84 85
84 87
84 89
84 93
84 94
84 96
84 99
84 102
84 104
84 108
84 110
84 113
84 115
84 122
84 125
84 130
84 135
84 136
84 142
84 144
84 145
84 147
84 149
84 151
84 153
84 158
84 162
84 163
84 167
84 173
84 178
84 183
84 184
84 187
84 188
84 190
84 191
84 194
84 195
84 211
84 212
84 214
84 216
84 226
84 228
84 229
84 230
84 232
84 233
84 235
84 238
84 239
84 240
85 2
85 4
85 5
85 6
85 7
85 8
85 10
85 13
85 14
85 20
85 21
85 22
85 27
85 29
85 33
85 35
85 40
85 44
85 47
85 48
85 50
85 51
85 53
85 54
85 55
85 57
85 59
85 65
85 72
85 73
85 77
85 86
85 92
85 97
85 98
85 99
85 103
85 104
85 106
85 109
85 113
85 114
85 122
85 131
85 132
85 134
85 140
85 146
85 147
85 148
85 151
85 158
85 162
85 166
85 169
85 173
85 178
85 179
85 182
85 184
85 186
85 191
85 192
85 194
85 199
85 202
85 204
85 206
85 214
85 216
85 219
85 223
85 224
85 226
85 232
85 233
85 234
86 2
86 8
86 13
86 15
86 19
86 20
86 21
86 23
86 28
86 37
86 39
86 43
86 45
86 47
86 53
86 58
86 65
86 69
86 70
86 75
86 78
86 82
86 86
86 88
86 89
86 90
86 92
86 94
86 96
86 102
86 103
86 104
86 105
86 111
86 116
86 117
86 118
86 125
86 126
86 131
86 140
86 145
86 146
86 147
86 148
86 149
86 151
86 153
86 156
86 159
86 163
86 164
86 165
86 169
86 170
86 171
86 181
86 183
86 184
86 187
86 190
86 192
86 204
86 206
86 207
86 208
86 218
86 224
86 227
86 231
86 237
86 238
87 1
87 2
87 3
87 4
87 5
87 6
87 7
87 8
87 13
87 15
87 17
87 21
87 25
87 26
87 38
87 39
87 41
87 47
87 49
87 54
87 58
87 63
87 71
87 73
87 81
87 84
87 86
87 89
87 93
87 95
87 96
87 97
87 98
87 108
87 109
87 110
87 111
87 119
87 127
87 131
87 136
87 138
87 142
87 145
87 151
87 153
87 154
87 157
87 160
87 164
87 165
87 166
87 167
87 168
87 173
87 174
87 177
87 185
87 203
87 210
87 215
87 222
87 224
87 225
87 234
87 236
87 239
88 2
88 8
88 9
88 10
88 12
88 13
88 16
88 17
88 36
88 38
88 42
88 55
88 59
88 64
88 68
88 74
88 75
88 76
88 77
88 78
88 79
88 81
88 87
88 91
88 93
88 96
88 97
88 99
88 101
88 104
88 112
88 118
88 120
88 123
88 126
88 128
88 130
88 135
88 138
88 144
88 146
88 150
88 151
88 153
88 157
88 158
88 164
88 165
88 166
88 168
88 169
88 172
88 173
88 178
88 181
88 183
88 187
88 196
88 197
88 199
88 201
88 206
88 208
88 212
88 215
88 221
88 227
88 232
88 237
88 238
88 239
89 2
89 3
89 6
89 12
89 14
89 17
89 19
89 20
89 23
89 27
89 29
89 31
89 33
89 38
89 42
89 47
89 49
89 50
89 51
89 52
89 55
89 59
89 68
89 72
89 75
89 76
89 80
89 85
89 90
89 93
89 95
89 104
89 106
89 110
89 115
89 117
89 121
89 131
89 134
89 136
89 140
89 141
89 142
89 143
89 145
89 147
89 150
89 152
89 154
89 155
89 160
89 163
89 167
89 168
89 169
89 174
89 176
89 177
89 182
89 183
89 191
89 194
89 198
89 202
89 209
89 211
89 213
89 222
89 223
89 224
89 226
89 227
89 229
89 231
89 232
89 234
89 236
89 239
89 240
90 2
90 5
90 13
90 16
90 17
90 18
90 23
90 26
90 30
90 35
90 37
90 38
90 41
90 42
90 45
90 48
90 51
90 56
90 60
90 62
90 64
90 66
90 67
90 68
90 69
90 71
90 74
90 79
90 80
90 83
90 87
90 92
90 95
90 97
90 98
90 100
90 104
90 105
90 106
90 109
90 111
90 120
90 126
90 127
90 128
90 130
90 131
90 132
90 133
90 135
90 148
90 149
90 152
90 154
90 155
90 157
90 161
90 163
90 164
90 169
90 170
90 173
90 177
90 178
90 179
90 181
90 182
90 184
90 187
90 190
90 194
90 195
90 196
90 199
90 202
90 203
90 212
90 214
90 217
90 218
90 223
90 226
90 227
90 228
90 232
90 233
90 237
90 238
91 1
91 3
91 8
91 12
91 15
91 17
91 18
91 23
91 28
91 34
91 38
91 42
91 44
91 45
91 60
91 64
91 67
91 68
91 69
91 74
91 88
91 91
91 92
91 98
91 100
91 101
91 102
91 105
91 108
91 110
91 124
91 126
91 127
91 130
91 131
91 136
91 139
91 140
91 142
91 143
91 144
91 147
91 148
91 150
91 153
91 161
91 168
91 169
91 172
91 173
91 176
91 181
91 186
91 189
91 191
91 194
91 198
91 201
91 202
91 203
91 215
91 219
91 220
91 222
91 224
91 233
91 240
92 2
92 3
92 6
92 13
92 18
92 20
92 23
92 24
92 31
92 35
92 36
92 41
92 44
92 48
92 53
92 57
92 58
92 59
92 61
92 62
92 66
92 75
92 77
92 78
92 82
92 84
92 91
92 92
92 94
92 95
92 97
92 100
92 104
92 105
92 110
92 113
92 116
92 119
92 122
92 124
92 127
92 135
92 140
92 141
92 144
92 146
92 147
92 148
92 149
92 153
92 154
92 159
92 160
92 161
92 162
92 164
92 167
92 169
92 170
92 176
92 188
92 194
92 196
92 197
92 198
92 199
92 200
92 201
92 202
92 204
92 206
92 208
92 215
92 219
92 223
92 229
92 234
92 239
93 4
93 6
93 9
93 13
93 23
93 25
93 26
93 29
93 31
93 34
93 37
93 47
93 54
93 59
93 61
93 62
93 64
93 66
93 77
93 81
93 83
93 88
93 92
93 94
93 98
93 99
93 100
93 101
93 104
93 107
93 108
93 112
93 118
93 122
93 127
93 129
93 133
93 137
93 142
93 147
93 150
93 153
93 156
93 157
93 162
93 163
93 164
93 166
93 170
93 172
93 173
93 176
93 177
93 179
93 182
93 184
93 191
93 194
93 195
93 198
93 208
93 210
93 212
93 213
93 214
93 215
93 221
93 222
93 223
93 231
93 235
93 237
93 240
94 6
94 11
94 13
94 14
94 24
94 29
94 30
94 33
94 36
94 37
94 42
94 48
94 49
94 51
94 52
94 57
94 65
94 66
94 70
94 76
94 81
94 89
94 93
94 94
94 105
94 113
94 114
94 117
94 122
94 126
94 131
94 133
94 136
94 137
94 142
94 144
94 147
94 149
94 151
94 154
94 155
94 156
94 165
94 171
94 172
94 181
94 192
94 194
94 196
94 201
94 202
94 203
94 210
94 215
94 216
94 219
94 225
94 232
94 236
95 3
95 5
95 6
95 12
95 16
95 19
95 21
95 25
95 34
95 37
95 39
95 46
95 52
95 54
95 58
95 59
95 63
95 64
95 65
95 72
95 75
95 76
95 84
95 92
95 93
95 100
95 107
95 112
95 116
95 124
95 125
95 142
95 148
95 162
95 163
95 178
95 187
95 190
95 197
95 199
95 201
95 202
95 209
95 211
95 216
95 219
95 223
95 230
95 232
95 233
95 234
95 239
96 2
96 4
96 5
96 6
96 10
96 12
96 14
96 19
96 23
96 28
96 31
96 37
96 38
96 42
96 46
96 47
96 48
96 52
96 72
96 77
96 79
96 81
96 85
96 92
96 102
96 105
96 109
96 111
96 113
96 119
96 120
96 124
96 125
96 127
96 128
96 131
96 137
96 145
96 147
96 148
96 149
96 150
96 153
96 154
96 155
96 160
96 162
96 165
96 166
96 168
96 169
96 176
96 180
96 183
96 185
96 189
96 190
96 194
96 195
96 197
96 199
96 200
96 202
96 207
96 210
96 213
96 214
96 222
96 225
96 229
96 231
96 237
97 1
97 3
97 5
97 6
97 7
97 8
97 11
97 15
97 16
97 19
97 20
97 23
97 26
97 27
97 29
97 34
97 35
97 39
97 44
97 45
97 46
97 49
97 50
97 56
97 60
97 65
97 71
97 72
97 80
97 84
97 86
97 87
97 92
97 93
97 95
97 96
97 97
97 101
97 105
97 109
97 120
97 123
97 125
97 127
97 133
97 135
97 136
97 140
97 145
97 148
97 152
97 157
97 159
97 161
97 165
97 168
97 174
97 178
97 181
97 182
97 183
97 187
97 190
97 194
97 195
97 198
97 199
97 202
97 207
97 214
97 216
97 222
97 232
97 235
97 239
98 3
98 8
98 10
98 14
98 16
98 22
98 30
98 37
98 38
98 39
98 44
98 46
98 48
98 49
98 51
98 53
98 54
98 55
98 60
98 61
98 67
98 69
98 72
98 74
98 76
98 79
98 80
98 84
98 85
98 87
98 89
98 94
98 97
98 99
98 100
98 102
98 105
98 112
98 113
98 115
98 117
98 119
98 120
98 121
98 124
98 125
98 127
98 131
98 133
98 134
98 135
98 137
98 139
98 140
98 142
98 147
98 150
98 152
98 154
98 158
98 161
98 164
98 168
98 171
98 172
98 173
98 174
98 178
98 189
98 193
98 195
98 199
98 201
98 202
98 205
98 206
98 210
98 212
98 214
98 215
98 221
98 224
98 230
98 231
98 233
98 234
98 235
98 236
98 238
98 240
99 2
99 5
99 12
99 14
99 17
99 18
99 20
99 24
99 29
99 33
99 42
99 45
99 47
99 48
99 49
99 57
99 70
99 72
99 78
99 80
99 84
99 87
99 96
99 97
99 98
99 99
99 100
99 110
99 117
99 120
99 126
99 127
99 133
99 139
99 140
99 144
99 145
99 154
99 155
99 157
99 162
99 169
99 172
99 173
99 175
99 178
99 179
99 191
99 192
99 198
99 199
99 200
99 201
99 202
99 210
99 215
99 220
99 222
99 226
99 236
100 3
100 4
100 17
100 18
100 20
100 21
100 22
100 23
100 27
100 28
100 29
100 42
100 47
100 49
100 53
100 55
100 56
100 63
100 66
100 69
100 75
100 82
100 86
100 92
100 94
100 101
100 103
100 105
100 108
100 113
100 115
100 119
100 123
100 125
100 133
100 138
100 140
100 151
100 157
100 159
100 164
100 167
100 168
100 180
100 186
100 188
100 190
100 194
100 197
100 204
100 206
100 211
100 215
100 216
100 217
100 218
100 223
100 228
100 230
100 234
100 239
101 2
101 5
101 8
101 9
101 10
101 17
101 18
101 20
101 21
101 22
101 33
101 34
101 35
101 36
101 37
101 47
101 52
101 53
101 54
101 55
101 57
101 62
101 67
101 71
101 73
101 74
101 77
101 79
101 80
101 89
101 99
101 102
101 107
101 108
101 109
101 111
101 116
101 118
101 123
101 125
101 128
101 131
101 138
101 144
101 155
101 157
101 159
101 160
101 162
101 163
101 168
101 172
101 175
101 179
101 180
101 192
101 193
101 195
101 196
101 197
101 198
101 199
101 200
101 204
101 206
101 212
101 213
101 214
101 216
101 221
101 223
101 228
101 232
101 234
102 5
102 8
102 13
102 14
102 15
102 22
102 26
102 33
102 41
102 43
102 44
102 47
102 52
102 56
102 59
102 63
102 79
102 80
102 81
102 83
102 84
102 85
102 98
102 99
102 100
102 101
102 103
102 108
102 109
102 111
102 115
102 117
102 123
102 128
102 129
102 131
102 132
102 137
102 140
102 146
102 150
102 153
102 155
102 157
102 162
102 165
102 166
102 170
102 171
102 172
102 175
102 180
102 183
102 187
102 190
102 192
102 193
102 194
102 195
102 196
102 204
102 208
102 210
102 212
102 213
102 219
102 220
102 222
102 227
102 228
102 235
102 238
102 239
102 240
103 1
103 3
103 4
103 6
103 8
103 11
103 16
103 19
103 28
103 30
103 37
103 40
103 47
103 48
103 52
103 53
103 56
103 58
103 59
103 62
103 63
103 66
103 71
103 75
103 78
103 91
103 96
103 97
103 98
103 101
103 107
103 109
103 114
103 116
103 120
103 123
103 129
103 130
103 131
103 132
103 139
103 141
103 142
103 144
103 145
103 146
103 148
103 150
103 152
103 155
103 157
103 158
103 159
103 161
103 162
103 164
103 165
103 179
103 184
103 190
103 194
103 195
103 205
103 207
103 208
103 211
103 227
103 233
103 234
103 235
103 236
103 238
103 239
104 6
104 13
104 17
104 18
104 20
104 21
104 24
104 30
104 31
104 32
104 33
104 36
104 37
104 42
104 45
104 47
104 49
104 50
104 51
104 53
104 56
104 57
104 58
104 63
104 64
104 65
104 69
104 80
104 81
104 82
104 89
104 90
104 91
104 93
104 95
104 100
104 101
104 102
104 104
104 106
104 111
104 118
104 123
104 124
104 127
104 129
104 133
104 141
104 143
104 144
104 146
104 152
104 154
104 156
104 161
104 165
104 167
104 171
104 172
104 176
104 177
104 180
104 181
104 182
104 183
104 184
104 191
104 196
104 197
104 198
104 199
104 200
104 201
104 203
104 206
104 209
104 211
104 212
104 215
104 225
104 227
104 228
104 234
104 236
104 238
104 239
104 240
105 1
105 3
105 4
105 13
105 16
105 20
105 23
105 26
105 27
105 35
105 41
105 43
105 52
105 55
105 59
105 61
105 74
105 75
105 77
105 81
105 84
105 90
105 91
105 99
105 100
105 104
105 105
105 106
105 109
105 113
105 114
105 116
105 117
105 119
105 120
105 121
105 128
105 131
105 134
105 143
105 148
105 153
105 156
105 158
105 161
105 164
105 168
105 169
105 170
105 173
105 176
105 179
105 187
105 188
105 189
105 193
105 195
105 200
105 203
105 209
105 212
105 214
105 215
105 218
105 227
105 228
105 230
105 232
105 235
105 236
106 2
106 3
106 6
106 10
106 12
106 14
106 16
106 18
106 19
106 20
106 29
106 30
106 34
106 35
106 36
106 37
106 38
106 39
106 41
106 43
106 44
106 45
106 48
106 51
106 54
106 55
106 56
106 59
106 61
106 62
106 65
106 67
106 69
106 73
106 74
106 77
106 80
106 84
106 85
106 89
106 100
106 101
106 105
106 109
106 111
106 112
106 113
106 114
106 115
106 118
106 123
106 129
106 131
106 132
106 134
106 140
106 143
106 144
106 148
106 152
106 156
106 162
106 170
106 171
106 177
106 187
106 189
106 190
106 192
106 195
106 196
106 197
106 204
106 207
106 209
106 214
106 216
106 217
106 218
106 220
106 226
106 229
106 231
106 238
107 3
107 10
107 11
107 13
107 15
107 17
107 18
107 22
107 25
107 27
107 29
107 37
107 44
107 47
107 50
107 58
107 62
107 70
107 73
107 74
107 76
107 80
107 81
107 82
107 83
107 84
107 88
107 90
107 91
107 92
107 93
107 96
107 106
107 132
107 135
107 140
107 147
107 148
107 150
107 158
107 160
107 167
107 169
107 171
107 172
107 177
107 178
107 180
107 182
107 184
107 189
107 192
107 193
107 194
107 195
107 197
107 199
107 200
107 201
107 205
107 206
107 208
107 210
107 212
107 223
107 225
107 234
107 235
107 236
108 4
108 9
108 11
108 15
108 20
108 30
108 31
108 33
108 39
108 42
108 45
108 47
108 50
108 53
108 56
108 57
108 59
108 60
108 64
108 65
108 66
108 67
108 85
108 91
108 96
108 97
108 98
108 99
108 102
108 104
108 107
108 109
108 111
108 118
108 120
108 122
108 126
108 127
108 131
108 132
108 136
108 141
108 145
108 146
108 149
108 151
108 152
108 153
108 166
108 167
108 169
108 170
108 174
108 178
108 184
108 185
108 187
108 192
108 196
108 199
108 200
108 203
108 210
108 214
108 217
108 219
108 227
108 228
108 236
108 239
109 1
109 4
109 9
109 11
109 13
109 14
109 16
109 18
109 20
109 23
109 28
109 29
109 31
109 33
109 35
109 36
109 38
109 40
109 41
109 42
109 49
109 52
109 54
109 55
109 57
109 60
109 62
109 65
109 73
109 75
109 81
109 89
109 92
109 97
109 99
109 100
109 102
109 112
109 122
109 126
109 128
109 137
109 138
109 142
109 143
109 146
109 153
109 154
109 158
109 159
109 161
109 164
109 165
109 166
109 167
109 171
109 177
109 183
109 184
109 185
109 186
109 190
109 205
109 208
109 209
109 211
109 214
109 218
109 219
109 221
109 224
109 229
109 230
109 232
109 233
109 239
110 13
110 15
110 16
110 17
110 27
110 30
110 32
110 36
110 37
110 45
110 50
110 55
110 62
110 63
110 74
110 75
110 85
110 88
110 93
110 97
110 99
110 100
110 101
110 106
110 110
110 122
110 123
110 131
110 133
110 142
110 144
110 151
110 154
110 155
110 157
110 158
110 160
110 161
110 163
110 164
110 169
110 171
110 174
110 177
110 178
110 180
110 184
110 185
110 189
110 190
110 192
110 196
110 197
110 205
110 206
110 213
110 214
110 215
110 216
110 222
110 228
110 230
110 232
110 236
111 5
111 7
111 8
111 9
111 19
111 21
111 29
111 31
111 36
111 38
111 39
111 43
111 47
111 63
111 64
111 67
111 70
111 73
111 74
111 76
111 77
111 78
111 85
111 87
111 88
111 89
111 91
111 92
111 96
111 97
111 98
111 100
111 101
111 104
111 107
111 108
111 109
111 115
111 118
111 119
111 121
111 124
111 126
111 128
111 135
111 148
111 149
111 153
111 157
111 158
111 161
111 163
111 169
111 171
111 178
111 179
111 181
111 191
111 193
111 205
111 207
111 209
111 215
111 216
111 224
111 228
111 230
111 231
111 233
111 237
111 240
112 3
112 9
112 10
112 11
112 13
112 16
112 19
112 21
112 23
112 25
112 29
112 30
112 32
112 35
112 37
112 39
112 41
112 42
112 46
112 51
112 58
112 59
112 60
112 64
112 66
112 68
112 69
112 70
112 72
112 78
112 79
112 83
112 84
112 85
112 90
112 92
112 93
112 94
112 104
112 105
112 106
112 108
112 110
112 112
112 115
112 116
112 119
112 121
112 125
112 129
112 136
112 137
112 142
112 144
112 146
112 152
112 168
112 173
112 177
112 180
112 184
112 186
112 187
112 190
112 196
112 198
112 200
112 204
112 206
112 209
112 212
112 224
112 228
112 229
113 2
113 3
113 18
113 23
113 24
113 28
113 31
113 32
113 33
113 37
113 41
113 42
113 50
113 51
113 53
113 59
113 60
113 63
113 67
113 80
113 84
113 89
113 90
113 91
113 92
113 94
113 95
113 96
113 105
113 107
113 116
113 124
113 130
113 132
113 134
113 139
113 147
113 148
113 157
113 158
113 161
113 162
113 164
113 172
113 180
113 190
113 192
113 195
113 196
113 199
113 200
113 203
113 207
113 209
113 211
113 212
113 214
113 217
113 223
113 228
113 229
113 237
114 3
114 5
114 6
114 9
114 12
114 15
114 16
114 18
114 21
114 26
114 27
114 30
114 32
114 34
114 37
114 40
114 41
114 43
114 44
114 45
114 54
114 56
114 57
114 58
114 59
114 67
114 68
114 70
114 71
114 73
114 80
114 92
114 103
114 108
114 110
114 111
114 112
114 113
114 115
114 117
114 119
114 120
114 126
114 129
114 138
114 139
114 141
114 145
114 148
114 150
114 151
114 155
114 156
114 161
114 162
114 165
114 174
114 182
114 189
114 196
114 197
114 198
114 199
114 202
114 203
114 204
114 205
114 214
114 217
114 218
114 221
114 230
114 231
114 234
114 237
114 238
114 240
115 4
115 9
115 21
115 23
115 35
115 42
115 43
115 44
115 46
115 47
115 48
115 53
115 56
115 59
115 60
115 62
115 64
115 67
115 72
115 73
115 76
115 79
115 80
115 83
115 92
115 94
115 97
115 98
115 104
115 108
115 116
115 118
115 121
115 122
115 126
115 129
115 130
115 131
115 134
115 136
115 139
115 140
115 141
115 148
115 149
115 150
115 152
115 155
115 157
115 158
115 162
115 175
115 176
115 180
115 181
115 184
115 186
115 191
115 195
115 197
115 198
115 200
115 203
115 205
115 206
115 209
115 213
115 214
115 216
115 217
115 218
115 219
115 224
115 225
115 229
115 232
115 235
115 237
115 238
115 240
116 2
116 6
116 19
116 23
116 24
116 32
116 40
116 41
116 44
116 45
116 47
116 49
116 58
116 59
116 69
116 72
116 76
116 80
116 82
116 85
116 86
116 90
116 96
116 97
116 100
116 103
116 104
116 109
116 114
116 123
116 125
116 126
116 128
116 129
116 131
116 132
116 135
116 141
116 142
116 146
116 154
116 156
116 167
116 168
116 176
116 181
116 183
116 185
116 186
116 189
116 193
116 199
116 200
116 202
116 206
116 211
116 212
116 215
116 218
116 220
116 224
116 225
116 226
116 229
116 230
116 231
116 234
116 240
117 1
117 3
117 11
117 15
117 17
117 19
117 25
117 26
117 29
117 32
117 35
117 36
117 40
117 41
117 49
117 50
117 53
117 57
117 60
117 61
117 68
117 75
117 76
117 77
117 79
117 81
117 83
117 90
117 95
117 96
117 99
117 102
117 104
117 118
117 121
117 124
117 127
117 133
117 134
117 144
117 145
117 146
117 152
117 155
117 175
117 177
117 178
117 183
117 192
117 200
117 201
117 202
117 203
117 205
117 207
117 216
117 224
117 225
117 230
117 235
117 238
117 239
118 1
118 2
118 4
118 6
118 8
118 10
118 12
118 17
118 18
118 22
118 24
118 40
118 41
118 42
118 47
118 50
118 51
118 60
118 62
118 73
118 77
118 80
118 81
118 87
118 88
118 91
118 92
118 93
118 94
118 96
118 98
118 104
118 110
118 113
118 116
118 119
118 123
118 125
118 127
118 129
118 131
118 138
118 139
118 140
118 146
118 147
118 148
118 151
118 153
118 154
118 156
118 159
118 161
118 167
118 169
118 174
118 179
118 181
118 182
118 187
118 189
118 194
118 196
118 198
118 199
118 200
118 203
118 204
118 209
118 213
118 214
118 220
118 221
118 223
118 229
118 230
118 232
118 236
118 238
119 1
119 4
119 14
119 23
119 24
119 25
119 26
119 40
119 46
119 53
119 56
119 62
119 63
119 64
119 69
119 78
119 79
119 80
119 82
119 86
119 87
119 101
119 102
119 104
119 105
119 109
119 110
119 111
119 119
119 122
119 124
119 125
119 132
119 134
119 137
119 140
119 142
119 143
119 145
119 146
119 149
119 153
119 155
119 161
119 163
119 164
119 167
119 171
119 175
119 177
119 179
119 180
119 186
119 187
119 189
119 191
119 194
119 198
119 199
119 200
119 202
119 203
119 205
119 208
119 212
119 216
119 223
119 230
119 231
119 233
119 235
120 10
120 13
120 17
120 19
120 23
120 33
120 38
120 44
120 48
120 49
120 52
120 53
120 55
120 57
120 59
120 60
120 61
120 63
120 65
120 71
120 72
120 77
120 80
120 94
120 98
120 102
120 107
120 110
120 111
120 118
120 119
120 122
120 128
120 130
120 132
120 133
120 134
120 135
120 137
120 138
120 140
120 141
120 145
120 146
120 149
120 154
120 158
120 160
120 168
120 175
120 176
120 177
120 180
120 186
120 187
120 188
120 191
120 193
120 196
120 197
120 198
120 202
120 203
120 206
120 209
120 212
120 215
120 219
120 220
120 221
120 227
120 231
120 239
121 1
121 7
121 15
121 17
121 20
121 30
121 33
121 34
121 38
121 44
121 45
121 46
121 48
121 51
121 54
121 56
121 62
121 63
121 75
121 76
121 92
121 99
121 116
121 117
121 119
121 120
121 121
121 124
121 130
121 131
121 135
121 140
121 142
121 144
121 145
121 147
121 151
121 160
121 163
121 169
121 171
121 173
121 174
121 175
121 183
121 186
121 187
121 189
121 198
121 208
121 211
121 225
121 228
121 229
121 231
121 232
121 234
121 235
121 236
121 237
121 238
121 239
122 3
122 7
122 10
122 16
122 17
122 18
122 26
122 27
122 31
122 35
122 36
122 37
122 38
122 41
122 42
122 45
122 46
122 49
122 50
122 51
122 52
122 54
122 55
122 57
122 59
122 64
122 69
122 73
122 83
122 87
122 88
122 89
122 91
122 100
122 108
122 111
122 119
122 123
122 127
122 131
122 148
122 158
122 160
122 171
122 175
122 176
122 178
122 181
122 182
122 183
122 184
122 196
122 198
122 204
122 205
122 207
122 217
122 220
122 222
122 225
122 226
122 231
122 232
122 233
122 235
122 239
123 2
123 8
123 17
123 18
123 19
123 20
123 23
123 29
123 30
123 33
123 36
123 37
123 38
123 39
123 43
123 44
123 47
123 48
123 49
123 51
123 58
123 65
123 67
123 72
123 84
123 86
123 89
123 96
123 98
123 101
123 103
123 105
123 107
123 108
123 112
123 113
123 114
123 115
123 116
123 118
123 119
123 121
123 125
123 127
123 129
123 131
123 139
123 140
123 142
123 146
123 149
123 150
123 152
123 157
123 158
123 159
123 161
123 163
123 169
123 170
123 171
123 172
123 173
123 175
123 176
123 178
123 180
123 183
123 185
123 188
123 192
123 202
123 204
123 209
123 210
123 211
123 213
123 214
123 217
123 219
123 226
123 228
123 232
123 237
124 2
124 11
124 13
124 14
124 15
124 19
124 21
124 23
124 26
124 27
124 31
124 32
124 34
124 36
124 37
124 40
124 41
124 43
124 45
124 46
124 52
124 59
124 62
124 63
124 67
124 74
124 84
124 86
124 90
124 92
124 99
124 106
124 110
124 116
124 122
124 129
124 133
124 136
124 137
124 144
124 147
124 148
124 152
124 155
124 156
124 164
124 165
124 173
124 181
124 182
124 188
124 189
124 191
124 193
124 198
124 202
124 207
124 208
124 209
124 214
124 216
124 218
124 220
124 230
124 231
124 239
125 8
125 17
125 21
125 23
125 27
125 37
125 42
125 45
125 52
125 56
125 59
125 60
125 67
125 73
125 81
125 86
125 87
125 89
125 90
125 91
125 95
125 99
125 104
125 113
125 117
125 119
125 121
125 122
125 125
125 126
125 128
125 129
125 131
125 134
125 135
125 136
125 144
125 149
125 160
125 163
125 166
125 168
125 171
125 173
125 180
125 181
125 183
125 184
125 186
125 188
125 189
125 190
125 193
125 194
125 195
125 197
125 198
125 201
125 206
125 210
125 212
125 216
125 219
125 237
126 1
126 5
126 8
126 16
126 18
126 20
126 22
126 23
126 26
126 28
126 36
126 41
126 43
126 48
126 50
126 51
126 52
126 53
126 61
126 63
126 66
126 73
126 75
126 77
126 78
126 79
126 81
126 86
126 93
126 99
126 100
126 106
126 107
126 109
126 112
126 113
126 114
126 115
126 116
126 123
126 125
126 127
126 132
126 136
126 140
126 142
126 144
126 150
126 151
126 152
126 154
126 158
126 161
126 166
126 173
126 174
126 180
126 182
126 191
126 197
126 198
126 200
126 202
126 205
126 207
126 210
126 216
126 220
126 226
126 227
126 228
126 230
126 231
126 234
126 237
126 238
127 1
127 2
127 9
127 13
127 15
127 17
127 19
127 22
127 23
127 24
127 28
127 29
127 36
127 39
127 40
127 41
127 42
127 43
127 44
127 50
127 54
127 55
127 56
127 61
127 63
127 66
127 69
127 72
127 76
127 77
127 80
127 81
127 86
127 89
127 97
127 98
127 99
127 105
127 107
127 108
127 110
127 118
127 119
127 126
127 130
127 136
127 138
127 140
127 144
127 145
127 153
127 155
127 156
127 159
127 160
127 161
127 166
127 169
127 172
127 179
127 180
127 181
127 188
127 192
127 193
127 194
127 195
127 198
127 206
127 207
127 208
127 211
127 215
127 218
127 220
127 228
127 232
127 233
127 237
128 1
128 2
128 11
128 12
128 14
128 15
128 22
128 25
128 27
128 28
128 31
128 33
128 47
128 48
128 51
128 52
128 55
128 61
128 63
128 64
128 74
128 78
128 81
128 82
128 83
128 84
128 88
128 98
128 100
128 103
128 104
128 106
128 113
128 115
128 124
128 125
128 127
128 130
128 134
128 135
128 137
128 140
128 143
128 146
128 147
128 148
128 155
128 162
128 165
128 173
128 177
128 179
128 180
128 182
128 185
128 186
128 188
128 189
128 200
128 206
128 207
128 208
128 212
128 214
128 221
128 228
128 234
129 2
129 5
129 7
129 8
129 13
129 14
129 21
129 22
129 27
129 29
129 31
129 37
129 40
129 42
129 43
129 46
129 47
129 48
129 49
129 52
129 58
129 59
129 60
129 65
129 71
129 72
129 79
129 81
129 82
129 86
129 91
129 92
129 94
129 99
129 100
129 103
129 105
129 113
129 117
129 121
129 127
129 131
129 134
129 135
129 138
129 147
129 149
129 150
129 160
129 165
129 170
129 171
129 181
129 183
129 188
129 190
129 193
129 196
129 200
129 202
129 205
129 210
129 214
129 222
129 223
129 224
129 227
129 229
129 231
129 232
129 235
129 237
129 240
130 3
130 11
130 14
130 17
130 18
130 24
130 25
130 26
130 27
130 29
130 30
130 35
130 38
130 40
130 42
130 46
130 49
130 50
130 53
130 54
130 60
130 61
130 67
130 70
130 73
130 78
130 84
130 89
130 90
130 91
130 93
130 94
130 96
130 99
130 103
130 104
130 107
130 113
130 116
130 117
130 119
130 121
130 123
130 125
130 129
130 137
130 141
130 142
130 144
130 146
130 147
130 151
130 156
130 157
130 158
130 162
130 164
130 176
130 177
130 178
130 179
130 184
130 185
130 187
130 189
130 192
130 199
130 203
130 204
130 213
130 215
130 218
130 224
130 225
130 226
130 228
130 229
130 231
130 234
130 235
130 237
131 2
131 4
131 5
131 7
131 14
131 17
131 20
131 27
131 29
131 35
131 37
131 38
131 40
131 43
131 44
131 45
131 54
131 56
131 60
131 67
131 70
131 73
131 76
131 78
131 86
131 87
131 90
131 94
131 108
131 117
131 118
131 124
131 128
131 139
131 140
131 142
131 144
131 147
131 150
131 160
131 162
131 163
131 169
131 172
131 174
131 175
131 178
131 180
131 183
131 185
131 191
131 196
131 201
131 207
131 210
131 215
131 216
131 219
131 220
131 221
131 223
131 226
131 227
131 233
131 238
132 1
132 4
132 6
132 8
132 12
132 20
132 24
132 32
132 35
132 36
132 42
132 44
132 47
132 48
132 52
132 58
132 61
132 66
132 69
132 71
132 74
132 78
132 87
132 88
132 90
132 91
132 97
132 101
132 105
132 108
132 110
132 115
132 122
132 129
132 132
132 136
132 138
132 142
132 145
132 146
132 150
132 151
132 152
132 155
132 157
132 165
132 166
132 167
132 173
132 176
132 181
132 183
132 184
132 187
132 188
132 190
132 192
132 193
132 199
132 200
132 201
132 203
132 205
132 206
132 211
132 212
132 213
132 214
132 216
132 217
132 219
132 220
132 221
132 225
132 226
132 233
132 237
133 1
133 5
133 7
133 14
133 17
133 22
133 23
133 31
133 32
133 36
133 38
133 39
133 40
133 41
133 43
133 45
133 48
133 49
133 52
133 54
133 55
133 60
133 62
133 63
133 66
133 67
133 69
133 70
133 71
133 72
133 73
133 80
133 82
133 91
133 93
133 95
133 97
133 100
133 102
133 107
133 111
133 116
133 117
133 118
133 121
133 122
133 123
133 125
133 126
133 128
133 131
133 134
133 135
133 138
133 146
133 147
133 148
133 149
133 158
133 160
133 161
133 164
133 165
133 167
133 170
133 175
133 176
133 180
133 186
133 200
133 202
133 203
133 206
133 207
133 208
133 225
133 227
133 230
133 232
133 234
134 3
134 5
134 6
134 9
134 20
134 22
134 30
134 33
134 35
134 38
134 40
134 44
134 51
134 60
134 65
134 68
134 71
134 77
134 80
134 84
134 85
134 94
134 95
134 96
134 100
134 105
134 106
134 107
134 111
134 113
134 115
134 117
134 120
134 122
134 126
134 130
134 132
134 136
134 147
134 149
134 151
134 152
134 154
134 155
134 158
134 160
134 162
134 164
134 165
134 166
134 171
134 172
134 183
134 194
134 198
134 199
134 200
134 206
134 211
134 214
134 219
134 222
134 227
134 230
134 237
135 1
135 11
135 13
135 16
135 17
135 19
135 21
135 28
135 29
135 31
135 41
135 44
135 45
135 46
135 49
135 50
135 54
135 57
135 58
135 59
135 73
135 75
135 76
135 86
135 90
135 91
135 93
135 95
135 102
135 103
135 105
135 110
135 112
135 122
135 123
135 125
135 127
135 128
135 134
135 138
135 140
135 142
135 146
135 148
135 154
135 156
135 157
135 159
135 173
135 177
135 179
135 181
135 186
135 187
135 189
135 192
135 194
135 195
135 200
135 202
135 204
135 206
135 208
135 210
135 211
135 212
135 219
135 222
135 223
135 224
135 230
135 232
135 233
135 235
135 237
136 1
136 2
136 3
136 9
136 12
136 15
136 19
136 20
136 21
136 22
136 28
136 33
136 34
136 35
136 36
136 38
136 39
136 43
136 45
136 47
136 48
136 50
136 55
136 56
136 61
136 63
136 66
136 68
136 69
136 80
136 81
136 90
136 97
136 98
136 100
136 102
136 105
136 106
136 113
136 115
136 123
136 125
136 127
136 129
136 130
136 132
136 135
136 140
136 141
136 142
136 143
136 144
136 145
136 146
136 150
136 161
136 162
136 163
136 164
136 165
136 166
136 169
136 181
136 183
136 184
136 185
136 192
136 196
136 197
136 198
136 203
136 204
136 205
136 218
136 219
136 222
136 226
136 227
136 230
136 232
136 234
136 235
136 236
136 238
137 1
137 2
137 4
137 7
137 10
137 12
137 17
137 24
137 25
137 34
137 35
137 36
137 39
137 41
137 47
137 48
137 50
137 54
137 58
137 63
137 69
137 76
137 85
137 90
137 95
137 96
137 102
137 103
137 112
137 116
137 118
137 119
137 130
137 132
137 133
137 134
137 136
137 138
137 146
137 147
137 153
137 154
137 155
137 157
137 158
137 160
137 164
137 165
137 167
137 168
137 169
137 171
137 175
137 179
137 180
137 184
137 189
137 193
137 199
137 205
137 207
137 208
137 209
137 213
137 214
137 216
137 217
137 220
137 221
137 222
137 232
137 233
137 234
138 1
138 2
138 3
138 4
138 5
138 7
138 8
138 13
138 14
138 17
138 18
138 27
138 28
138 32
138 33
138 39
138 40
138 41
138 42
138 43
138 47
138 48
138 49
138 50
138 54
138 56
138 57
138 63
138 64
138 65
138 68
138 72
138 73
138 82
138 83
138 84
138 85
138 94
138 108
138 110
138 119
138 120
138 121
138 122
138 127
138 128
138 133
138 135
138 143
138 147
138 148
138 152
138 155
138 159
138 163
138 165
138 167
138 168
138 172
138 174
138 177
138 178
138 182
138 184
138 189
138 190
138 191
138 194
138 198
138 207
138 208
138 209
138 210
138 212
138 216
138 217
138 221
138 230
138 232
138 237
138 238
138 240
139 1
139 8
139 9
139 16
139 22
139 24
139 26
139 27
139 32
139 33
139 35
139 36
139 39
139 41
139 44
139 47
139 61
139 66
139 74
139 76
139 78
139 79
139 80
139 85
139 87
139 92
139 94
139 97
139 102
139 112
139 117
139 123
139 127
139 130
139 131
139 132
139 139
139 143
139 147
139 149
139 154
139 157
139 158
139 162
139 163
139 175
139 179
139 180
139 181
139 182
139 183
139 185
139 188
139 191
139 195
139 197
139 198
139 199
139 204
139 205
139 207
139 209
139 213
139 214
139 220
139 222
139 227
139 229
139 230
139 234
139 236
139 237
140 1
140 2
140 5
140 7
140 9
140 11
140 22
140 23
140 24
140 27
140 28
140 30
140 33
140 43
140 45
140 48
140 51
140 57
140 58
140 63
140 64
140 66
140 69
140 72
140 73
140 83
140 87
140 90
140 92
140 96
140 99
140 102
140 116
140 118
140 123
140 125
140 131
140 141
140 146
140 152
140 154
140 158
140 161
140 164
140 166
140 170
140 172
140 173
140 179
140 180
140 181
140 182
140 183
140 191
140 194
140 196
140 203
140 212
140 221
140 225
140 234
140 237
140 239
141 1
141 7
141 8
141 10
141 13
141 21
141 25
141 30
141 31
141 32
141 38
141 40
141 43
141 48
141 50
141 51
141 59
141 65
141 66
141 68
141 69
141 74
141 75
141 81
141 83
141 84
141 87
141 89
141 90
141 101
141 103
141 104
141 105
141 109
141 110
141 115
141 123
141 124
141 125
141 127
141 129
141 132
141 133
141 139
141 141
141 142
141 145
141 147
141 149
141 152
141 154
141 156
141 158
141 159
141 163
141 169
141 171
141 179
141 183
141 184
141 185
141 186
141 187
141 195
141 196
141 197
141 212
141 215
141 221
141 222
141 228
141 233
141 235
141 236
141 237
141 239
142 2
142 3
142 6
142 12
142 19
142 21
142 22
142 26
142 34
142 38
142 41
142 43
142 44
142 48
142 50
142 54
142 56
142 60
142 64
142 66
142 68
142 70
142 71
142 72
142 75
142 76
142 77
142 80
142 88
142 89
142 90
142 93
142 95
142 97
142 106
142 109
142 110
142 111
142 115
142 116
142 117
142 121
142 125
142 126
142 131
142 142
142 146
142 155
142 156
142 160
142 161
142 162
142 164
142 166
142 172
142 173
142 175
142 183
142 185
142 188
142 190
142 193
142 194
142 197
142 198
142 218
142 223
142 224
142 225
142 228
142 229
142 232
142 233
143 3
143 4
143 9
143 16
143 18
143 23
143 25
143 32
143 34
143 39
143 41
143 43
143 48
143 53
143 54
143 56
143 63
143 66
143 74
143 77
143 80
143 82
143 85
143 86
143 88
143 89
143 95
143 96
143 97
143 101
143 103
143 107
143 110
143 121
143 122
143 123
143 128
143 129
143 137
143 138
143 139
143 141
143 142
143 148
143 149
143 153
143 154
143 155
143 157
143 159
143 161
143 166
143 172
143 174
143 175
143 176
143 177
143 182
143 183
143 187
143 190
143 191
143 194
143 198
143 199
143 205
143 208
143 211
143 213
143 218
143 222
143 224
143 225
143 229
143 230
143 231
143 233
144 2
144 3
144 4
144 14
144 20
144 22
144 26
144 30
144 34
144 36
144 45
144 54
144 56
144 59
144 64
144 65
144 73
144 76
144 83
144 85
144 91
144 93
144 95
144 105
144 106
144 107
144 108
144 112
144 116
144 117
144 123
144 124
144 125
144 126
144 130
144 133
144 134
144 136
144 137
144 140
144 147
144 151
144 157
144 158
144 159
144 160
144 163
144 165
144 168
144 169
144 178
144 186
144 191
144 196
144 200
144 209
144 211
144 219
144 220
144 221
144 223
144 224
144 226
144 230
144 233
145 2
145 4
145 10
145 14
145 15
145 18
145 19
145 24
145 31
145 36
145 37
145 40
145 43
145 44
145 46
145 47
145 48
145 49
145 55
145 61
145 62
145 63
145 64
145 66
145 70
145 77
145 79
145 80
145 85
145 91
145 101
145 102
145 107
145 112
145 117
145 118
145 120
145 124
145 131
145 135
145 146
145 147
145 152
145 153
145 159
145 165
145 173
145 174
145 176
145 195
145 198
145 202
145 203
145 205
145 206
145 207
145 214
145 216
145 217
145 219
145 220
145 222
145 226
145 230
145 231
145 233
145 237
146 2
146 4
146 7
146 8
146 11
146 13
146 20
146 21
146 22
146 23
146 24
146 27
146 33
146 37
146 41
146 42
146 44
146 45
146 48
146 53
146 55
146 56
146 58
146 63
146 69
146 72
146 73
146 76
146 81
146 82
146 83
146 91
146 95
146 97
146 110
146 113
146 115
146 119
146 121
146 136
146 139
146 142
146 144
146 149
146 156
146 157
146 158
146 163
146 164
146 168
146 181
146 183
146 193
146 197
146 198
146 201
146 203
146 208
146 212
146 216
146 217
146 219
146 223
146 224
146 225
146 226
146 229
146 232
146 237
146 239
147 16
147 18
147 23
147 24
147 26
147 29
147 30
147 41
147 50
147 51
147 60
147 62
147 64
147 67
147 74
147 77
147 85
147 86
147 87
147 88
147 93
147 96
147 98
147 99
147 102
147 105
147 109
147 112
147 115
147 116
147 120
147 126
147 128
147 138
147 139
147 142
147 147
147 151
147 154
147 155
147 160
147 162
147 168
147 173
147 175
147 178
147 179
147 182
147 184
147 187
147 191
147 196
147 198
147 199
147 209
147 210
147 211
147 212
147 215
147 216
147 217
147 218
147 224
147 229
147 230
147 232
148 1
148 8
148 11
148 12
148 14
148 15
148 19
148 35
148 37
148 38
148 42
148 43
148 53
148 54
148 57
148 65
148 66
148 72
148 74
148 76
148 78
148 82
148 84
148 85
148 89
148 96
148 100
148 101
148 102
148 111
148 122
148 124
148 125
148 127
148 129
148 132
148 133
148 136
148 138
148 139
148 143
148 144
148 158
148 160
148 162
148 165
148 167
148 170
148 173
148 174
148 175
148 177
148 180
148 181
148 184
148 186
148 189
148 192
148 202
148 203
148 206
148 214
148 218
148 220
148 222
148 229
148 231
148 235
148 237
148 239
149 1
149 5
149 7
149 8
149 9
149 15
149 17
149 19
149 21
149 22
149 26
149 27
149 30
149 37
149 47
149 53
149 56
149 57
149 58
149 63
149 64
149 65
149 69
149 71
149 75
149 77
149 83
149 86
149 87
149 88
149 98
149 100
149 101
149 109
149 110
149 113
149 114
149 118
149 120
149 121
149 122
149 123
149 124
149 128
149 129
149 132
149 139
149 143
149 144
149 145
149 149
149 152
149 153
149 155
149 156
149 157
149 174
149 176
149 178
149 179
149 189
149 190
149 198
149 200
149 201
149 202
149 205
149 207
149 209
149 210
149 212
149 217
149 218
149 219
149 223
149 229
149 231
149 232
149 235
149 236
150 2
150 3
150 5
150 6
150 8
150 17
150 21
150 29
150 31
150 33
150 34
150 35
150 40
150 42
150 43
150 44
150 48
150 49
150 50
150 51
150 57
150 59
150 61
150 62
150 63
150 64
150 65
150 70
150 74
150 77
150 79
150 82
150 83
150 92
150 97
150 104
150 107
150 115
150 116
150 120
150 122
150 123
150 126
150 127
150 131
150 132
150 133
150 136
150 140
150 144
150 145
150 147
150 148
150 149
150 156
150 159
150 168
150 169
150 173
150 176
150 185
150 188
150 191
150 192
150 195
150 197
150 207
150 211
150 213
150 214
150 217
150 223
150 228
150 235
150 236
150 238
151 2
151 10
151 14
151 24
151 25
151 26
151 34
151 35
151 36
151 39
151 44
151 45
151 46
151 48
151 52
151 59
151 62
151 73
151 82
151 84
151 89
151 92
151 95
151 97
151 101
151 103
151 106
151 110
151 117
151 118
151 119
151 125
151 128
151 132
151 136
151 138
151 150
151 153
151 155
151 156
151 157
151 168
151 170
151 176
151 178
151 180
151 182
151 183
151 185
151 188
151 191
151 193
151 196
151 200
151 201
151 210
151 211
151 213
151 216
151 219
151 222
151 229
151 232
151 234
151 237
152 4
152 5
152 18
152 22
152 23
152 24
152 32
152 34
152 36
152 38
152 40
152 42
152 43
152 46
152 48
152 49
152 50
152 53
152 57
152 58
152 60
152 62
152 63
152 64
152 66
152 67
152 75
152 81
152 90
152 91
152 93
152 95
152 97
152 98
152 99
152 104
152 108
152 111
152 115
152 119
152 124
152 125
152 126
152 129
152 134
152 135
152 136
152 138
152 139
152 143
152 147
152 152
152 154
152 155
152 156
152 157
152 160
152 162
152 167
152 168
152 171
152 173
152 174
152 178
152 179
152 180
152 181
152 183
152 196
152 203
152 204
152 209
152 218
152 224
152 225
152 226
152 229
152 230
152 234
153 2
153 4
153 5
153 9
153 10
153 13
153 15
153 16
153 19
153 21
153 27
153 31
153 33
153 37
153 45
153 47
153 48
153 50
153 57
153 61
153 63
153 64
153 67
153 68
153 73
153 76
153 85
153 87
153 89
153 93
153 95
153 96
153 97
153 103
153 104
153 111
153 116
153 117
153 121
153 122
153 123
153 129
153 138
153 141
153 144
153 147
153 148
153 149
153 153
153 156
153 157
153 158
153 160
153 161
153 162
153 170
153 176
153 177
153 179
153 181
153 184
153 186
153 190
153 191
153 192
153 199
153 200
153 202
153 205
153 208
153 216
153 217
153 223
153 224
153 225
153 227
153 229
153 230
153 231
153 238
153 239
154 3
154 4
154 7
154 8
154 9
154 10
154 11
154 17
154 27
154 32
154 33
154 34
154 39
154 41
154 42
154 44
154 46
154 47
154 51
154 58
154 66
154 72
154 74
154 79
154 80
154 82
154 85
154 86
154 87
154 93
154 95
154 98
154 99
154 102
154 104
154 107
154 110
154 111
154 116
154 120
154 124
154 140
154 143
154 144
154 146
154 153
154 154
154 163
154 165
154 167
154 168
154 169
154 173
154 174
154 176
154 177
154 178
154 180
154 181
154 184
154 186
154 187
154 188
154 194
154 196
154 198
154 207
154 209
154 213
154 228
154 229
154 232
154 235
154 238
154 239
155 2
155 11
155 12
155 22
155 29
155 30
155 37
155 40
155 43
155 48
155 52
155 62
155 63
155 65
155 69
155 73
155 76
155 77
155 78
155 84
155 86
155 87
155 89
155 92
155 95
155 96
155 101
155 103
155 107
155 110
155 115
155 116
155 117
155 119
155 120
155 121
155 129
155 132
155 138
155 140
155 143
155 145
155 147
155 148
155 154
155 155
155 158
155 169
155 172
155 175
155 177
155 183
155 191
155 192
155 201
155 205
155 209
155 211
155 214
155 219
155 220
155 224
155 225
155 227
155 228
155 233
155 234
155 238
155 240
156 7
156 20
156 21
156 23
156 24
156 26
156 32
156 37
156 39
156 40
156 44
156 52
156 57
156 59
156 60
156 62
156 65
156 66
156 68
156 69
156 80
156 85
156 86
156 89
156 98
156 103
156 107
156 110
156 112
156 114
156 117
156 118
156 121
156 125
156 137
156 143
156 149
156 153
156 159
156 161
156 162
156 170
156 171
156 177
156 180
156 181
156 182
156 189
156 196
156 197
156 199
156 200
156 209
156 217
156 222
156 225
156 226
156 228
156 234
156 239
157 11
157 13
157 15
157 19
157 22
157 25
157 27
157 28
157 32
157 33
157 37
157 38
157 42
157 47
157 54
157 56
157 57
157 65
157 68
157 70
157 71
157 72
157 73
157 75
157 77
157 82
157 85
157 87
157 89
157 103
157 105
157 107
157 108
157 111
157 112
157 115
157 116
157 119
157 125
157 127
157 128
157 129
157 130
157 136
157 142
157 148
157 150
157 153
157 156
157 160
157 166
157 169
157 170
157 174
157 176
157 179
157 180
157 182
157 190
157 197
157 199
157 205
157 207
157 209
157 211
157 212
157 213
157 214
157 216
157 218
157 230
157 231
157 233
157 236
157 239
157 240
158 3
158 8
158 12
158 14
158 17
158 20
158 24
158 25
158 34
158 37
158 38
158 42
158 47
158 50
158 53
158 57
158 59
158 60
158 62
158 66
158 68
158 75
158 78
158 79
158 81
158 83
158 84
158 94
158 99
158 100
158 101
158 102
158 103
158 104
158 112
158 114
158 115
158 116
158 117
158 119
158 121
158 123
158 125
158 132
158 137
158 143
158 150
158 152
158 156
158 157
158 164
158 174
158 175
158 176
158 178
158 179
158 185
158 195
158 201
158 205
158 218
158 219
158 221
158 223
158 229
158 230
158 232
158 236
159 2
159 6
159 7
159 12
159 21
159 24
159 25
159 29
159 32
159 36
159 39
159 46
159 50
159 54
159 55
159 62
159 66
159 68
159 69
159 75
159 83
159 91
159 97
159 98
159 100
159 103
159 113
159 118
159 119
159 122
159 123
159 128
159 131
159 135
159 140
159 153
159 156
159 159
159 167
159 168
159 169
159 170
159 189
159 196
159 198
159 202
159 203
159 204
159 205
159 206
159 213
159 215
159 221
159 224
160 2
160 8
160 10
160 14
160 20
160 28
160 31
160 34
160 36
160 37
160 38
160 42
160 43
160 50
160 52
160 53
160 57
160 59
160 61
160 62
160 66
160 70
160 72
160 77
160 86
160 87
160 90
160 91
160 92
160 93
160 95
160 101
160 106
160 118
160 119
160 122
160 123
160 128
160 129
160 145
160 148
160 158
160 159
160 160
160 161
160 164
160 165
160 166
160 168
160 169
160 172
160 175
160 177
160 179
160 180
160 181
160 182
160 186
160 197
160 201
160 202
160 205
160 206
160 209
160 212
160 215
160 217
160 218
160 219
160 221
160 222
160 223
160 226
160 228
160 231
160 237
161 1
161 3
161 7
161 16
161 18
161 26
161 33
161 36
161 41
161 51
161 56
161 57
161 70
161 81
161 88
161 94
161 95
161 97
161 115
161 116
161 118
161 120
161 125
161 126
161 127
161 132
161 133
161 135
161 136
161 143
161 145
161 150
161 162
161 166
161 182
161 192
161 195
161 205
161 211
161 216
161 219
161 220
161 222
161 226
161 233
162 1
162 3
162 11
162 13
162 14
162 17
162 24
162 27
162 29
162 30
162 31
162 32
162 33
162 34
162 35
162 37
162 38
162 48
162 53
162 56
162 60
162 62
162 63
162 64
162 65
162 66
162 68
162 73
162 79
162 80
162 87
162 88
162 89
162 93
162 94
162 96
162 99
162 100
162 102
162 104
162 106
162 111
162 114
162 115
162 122
162 123
162 124
162 125
162 134
162 143
162 144
162 146
162 148
162 153
162 155
162 157
162 160
162 164
162 167
162 169
162 176
162 179
162 198
162 202
162 209
162 210
162 212
162 214
162 219
162 223
162 224
162 233
162 234
162 239
163 1
163 6
163 17
163 22
163 24
163 31
163 34
163 39
163 41
163 42
163 44
163 45
163 47
163 48
163 51
163 52
163 56
163 57
163 58
163 61
163 64
163 71
163 75
163 77
163 80
163 83
163 85
163 89
163 91
163 96
163 109
163 113
163 118
163 120
163 121
163 123
163 125
163 126
163 128
163 130
163 132
163 133
163 135
163 141
163 145
163 150
163 151
163 158
163 160
163 162
163 174
163 175
163 179
163 181
163 191
163 192
163 195
163 197
163 201
163 202
163 213
163 214
163 222
163 228
163 234
163 238
163 239
163 240
164 2
164 6
164 8
164 13
164 14
164 17
164 20
164 28
164 29
164 31
164 32
164 34
164 35
164 37
164 45
164 46
164 47
164 48
164 49
164 50
164 54
164 55
164 68
164 69
164 72
164 74
164 77
164 82
164 87
164 91
164 92
164 95
164 100
164 103
164 113
164 114
164 122
164 123
164 124
164 128
164 129
164 134
164 135
164 140
164 146
164 150
164 151
164 154
164 155
164 157
164 159
164 163
164 165
164 170
164 173
164 174
164 176
164 179
164 180
164 183
164 184
164 187
164 189
164 191
164 196
164 200
164 201
164 202
164 204
164 205
164 208
164 209
164 210
164 212
164 215
164 217
164 218
164 222
164 224
164 232
165 3
165 5
165 6
165 9
165 15
165 17
165 19
165 23
165 25
165 27
165 32
165 33
165 34
165 35
165 46
165 54
165 56
165 59
165 60
165 63
165 66
165 67
165 71
165 72
165 76
165 79
165 86
165 88
165 90
165 98
165 99
165 100
165 103
165 106
165 111
165 112
165 117
165 122
165 123
165 124
165 126
165 127
165 132
165 136
165 137
165 144
165 146
165 154
165 157
165 163
165 164
165 168
165 175
165 178
165 179
165 180
165 187
165 189
165 192
165 193
165 197
165 198
165 200
165 205
165 206
165 210
165 220
165 226
165 231
165 235
165 237
166 3
166 5
166 8
166 9
166 16
166 18
166 22
166 24
166 26
166 29
166 40
166 54
166 61
166 62
166 65
166 67
166 68
166 75
166 76
166 77
166 79
166 80
166 81
166 87
166 91
166 92
166 94
166 95
166 107
166 109
166 110
166 111
166 116
166 118
166 120
166 121
166 123
166 126
166 134
166 136
166 138
166 140
166 142
166 145
166 158
166 161
166 165
166 166
166 167
166 169
166 172
166 175
166 178
166 183
166 185
166 186
166 189
166 204
166 207
166 209
166 220
166 223
166 227
166 238
166 239
167 1
167 2
167 5
167 9
167 10
167 11
167 17
167 22
167 23
167 25
167 29
167 34
167 36
167 40
167 41
167 42
167 46
167 47
167 51
167 52
167 54
167 55
167 58
167 61
167 62
167 63
167 71
167 73
167 76
167 83
167 87
167 88
167 91
167 105
167 108
167 111
167 116
167 120
167 124
167 127
167 129
167 139
167 144
167 146
167 151
167 153
167 161
167 162
167 165
167 167
167 172
167 174
167 177
167 178
167 180
167 181
167 182
167 183
167 185
167 186
167 187
167 188
167 189
167 201
167 203
167 204
167 205
167 206
167 209
167 216
167 217
167 219
167 221
167 222
167 234
167 236
168 10
168 13
168 16
168 20
168 26
168 28
168 30
168 31
168 36
168 40
168 41
168 43
168 45
168 46
168 47
168 49
168 55
168 57
168 68
168 69
168 70
168 72
168 74
168 77
168 84
168 86
168 93
168 94
168 95
168 98
168 99
168 104
168 108
168 112
168 113
168 114
168 118
168 120
168 127
168 128
168 131
168 132
168 135
168 136
168 139
168 143
168 145
168 152
168 158
168 159
168 161
168 179
168 180
168 182
168 186
168 192
168 193
168 201
168 204
168 206
168 210
168 223
168 227
168 230
168 234
168 237
168 239
168 240
169 2
169 3
169 4
169 7
169 8
169 9
169 11
169 21
169 23
169 26
169 29
169 33
169 34
169 36
169 37
169 40
169 41
169 48
169 53
169 54
169 55
169 57
169 60
169 63
169 64
169 65
169 69
169 71
169 77
169 79
169 83
169 85
169 86
169 89
169 90
169 95
169 101
169 106
169 112
169 113
169 117
169 119
169 124
169 129
169 132
169 134
169 137
169 144
169 146
169 149
169 151
169 154
169 157
169 162
169 168
169 171
169 177
169 180
169 183
169 188
169 189
169 191
169 192
169 193
169 194
169 203
169 206
169 208
169 209
169 216
169 218
169 222
169 228
169 230
169 231
169 235
169 236
169 237
169 240
170 1
170 12
170 13
170 17
170 21
170 24
170 26
170 27
170 31
170 36
170 37
170 42
170 45
170 55
170 56
170 61
170 67
170 69
170 72
170 74
170 76
170 78
170 81
170 83
170 85
170 86
170 89
170 93
170 98
170 100
170 108
170 113
170 114
170 115
170 116
170 120
170 124
170 126
170 128
170 134
170 137
170 140
170 141
170 143
170 144
170 145
170 146
170 148
170 150
170 153
170 154
170 157
170 163
170 167
170 169
170 174
170 177
170 188
170 202
170 205
170 209
170 211
170 221
170 224
170 228
170 230
170 231
170 233
171 6
171 7
171 10
171 11
171 14
171 15
171 17
171 19
171 23
171 27
171 32
171 33
171 36
171 37
171 40
171 46
171 48
171 55
171 64
171 71
171 94
171 96
171 98
171 104
171 110
171 112
171 114
171 115
171 116
171 121
171 124
171 125
171 127
171 128
171 136
171 137
171 147
171 148
171 149
171 154
171 156
171 157
171 158
171 159
171 161
171 165
171 166
171 176
171 178
171 181
171 186
171 187
171 188
171 193
171 195
171 199
171 201
171 203
171 208
171 209
171 210
171 211
171 212
171 214
171 215
171 222
171 224
171 226
171 234
171 237
171 240
172 1
172 6
172 7
172 13
172 22
172 31
172 35
172 36
172 38
172 39
172 40
172 44
172 46
172 52
172 53
172 58
172 62
172 63
172 64
172 66
172 68
172 70
172 73
172 84
172 85
172 87
172 88
172 92
172 95
172 101
172 104
172 107
172 110
172 111
172 124
172 125
172 129
172 134
172 135
172 137
172 140
172 146
172 148
172 159
172 162
172 163
172 165
172 166
172 170
172 174
172 176
172 178
172 179
172 180
172 187
172 188
172 190
172 191
172 193
172 195
172 199
172 200
172 205
172 210
172 214
172 215
172 218
172 224
172 227
172 228
172 236
172 237
172 238
172 240
173 1
173 3
173 4
173 8
173 9
173 13
173 16
173 20
173 21
173 23
173 24
173 29
173 46
173 49
173 50
173 56
173 58
173 59
173 64
173 66
173 72
173 73
173 77
173 80
173 82
173 90
173 92
173 93
173 95
173 96
173 97
173 99
173 101
173 103
173 105
173 106
173 107
173 108
173 113
173 115
173 127
173 128
173 130
173 131
173 136
173 146
173 154
173 155
173 158
173 161
173 164
173 170
173 171
173 173
173 176
173 178
173 179
173 182
173 183
173 186
173 187
173 189
173 190
173 191
173 192
173 196
173 202
173 205
173 206
173 207
173 209
173 217
173 222
173 230
173 231
173 236
173 237
174 2
174 4
174 8
174 10
174 16
174 20
174 21
174 22
174 24
174 33
174 34
174 37
174 40
174 41
174 43
174 45
174 46
174 51
174 53
174 57
174 58
174 75
174 76
174 78
174 84
174 86
174 87
174 88
174 98
174 102
174 106
174 107
174 110
174 112
174 113
174 115
174 119
174 120
174 122
174 130
174 135
174 136
174 137
174 140
174 144
174 147
174 160
174 162
174 163
174 166
174 168
174 172
174 175
174 179
174 180
174 181
174 182
174 186
174 187
174 188
174 193
174 201
174 205
174 209
174 211
174 218
174 219
174 220
174 222
174 223
174 224
174 235
174 240
175 2
175 3
175 4
175 10
175 16
175 17
175 19
175 26
175 27
175 30
175 34
175 37
175 48
175 49
175 52
175 55
175 56
175 57
175 60
175 71
175 72
175 73
175 77
175 79
175 82
175 85
175 92
175 95
175 97
175 98
175 100
175 105
175 106
175 109
175 113
175 116
175 119
175 121
175 126
175 127
175 129
175 130
175 132
175 134
175 135
175 137
175 138
175 144
175 147
175 154
175 156
175 160
175 164
175 165
175 166
175 167
175 174
175 190
175 191
175 194
175 198
175 200
175 201
175 202
175 204
175 205
175 207
175 209
175 210
175 213
175 217
175 223
175 224
175 226
175 235
175 238
175 240
176 4
176 9
176 11
176 15
176 18
176 32
176 33
176 40
176 49
176 59
176 61
176 69
176 70
176 71
176 73
176 76
176 80
176 82
176 85
176 94
176 97
176 106
176 109
176 119
176 120
176 122
176 124
176 132
176 144
176 147
176 159
176 161
176 167
176 170
176 175
176 178
176 180
176 183
176 188
176 197
176 198
176 204
176 205
176 208
176 213
176 215
176 218
176 219
176 221
176 223
176 226
176 231
176 237
177 1
177 2
177 3
177 7
177 12
177 14
177 16
177 24
177 27
177 33
177 35
177 37
177 38
177 43
177 45
177 46
177 48
177 49
177 53
177 55
177 58
177 63
177 65
177 75
177 82
177 83
177 86
177 87
177 88
177 89
177 91
177 93
177 102
177 105
177 106
177 110
177 112
177 122
177 123
177 124
177 126
177 129
177 134
177 136
177 140
177 146
177 151
177 153
177 154
177 156
177 157
177 160
177 165
177 168
177 170
177 171
177 177
177 178
177 183
177 184
177 186
177 193
177 194
177 196
177 197
177 199
177 203
177 204
177 207
177 211
177 213
177 215
177 217
177 218
177 232
177 237
177 238
178 4
178 5
178 6
178 13
178 15
178 19
178 20
178 30
178 38
178 41
178 43
178 44
178 45
178 49
178 53
178 56
178 57
178 58
178 61
178 62
178 63
178 70
178 75
178 78
178 81
178 83
178 94
178 95
178 96
178 97
178 102
178 106
178 108
178 109
178 110
178 114
178 119
178 120
178 121
178 124
178 128
178 129
178 130
178 132
178 133
178 134
178 135
178 137
178 139
178 140
178 142
178 145
178 153
178 157
178 161
178 168
178 170
178 173
178 178
178 182
178 188
178 189
178 190
178 192
178 197
178 198
178 199
178 200
178 203
178 205
178 207
178 208
178 209
178 215
178 216
178 219
178 229
178 238
179 1
179 2
179 4
179 8
179 9
179 20
179 30
179 37
179 39
179 49
179 53
179 55
179 60
179 62
179 68
179 71
179 75
179 76
179 79
179 80
179 82
179 88
179 90
179 92
179 97
179 113
179 114
179 122
179 124
179 136
179 139
179 147
179 148
179 149
179 153
179 155
179 162
179 166
179 167
179 169
179 174
179 189
179 192
179 196
179 199
179 203
179 207
179 208
179 211
179 212
179 216
179 219
179 226
179 234
179 238
179 240
180 3
180 6
180 7
180 9
180 14
180 16
180 29
180 40
180 46
180 47
180 52
180 55
180 58
180 63
180 65
180 72
180 73
180 74
180 75
180 81
180 89
180 91
180 97
180 98
180 100
180 104
180 106
180 107
180 108
180 112
180 113
180 116
180 117
180 119
180 123
180 126
180 130
180 133
180 144
180 148
180 149
180 152
180 157
180 161
180 162
180 164
180 166
180 172
180 174
180 179
180 182
180 184
180 185
180 188
180 189
180 191
180 193
180 194
180 196
180 197
180 199
180 203
180 204
180 206
180 211
180 215
180 219
180 222
180 227
180 232
180 233
180 234
180 239
180 240
181 3
181 4
181 6
181 12
181 13
181 19
181 21
181 23
181 24
181 25
181 31
181 33
181 35
181 36
181 39
181 43
181 47
181 52
181 58
181 59
181 60
181 63
181 64
181 66
181 67
181 71
181 77
181 80
181 83
181 86
181 87
181 89
181 93
181 98
181 112
181 116
181 120
181 121
181 124
181 126
181 130
181 131
181 132
181 133
181 134
181 136
181 139
181 140
181 141
181 142
181 148
181 150
181 151
181 152
181 158
181 164
181 168
181 169
181 170
181 172
181 175
181 176
181 181
181 184
181 185
181 186
181 189
181 195
181 196
181 198
181 199
181 200
181 204
181 208
181 209
181 212
181 214
181 215
181 218
181 219
181 221
181 223
181 224
181 225
181 227
181 230
181 232
181 233
181 238
182 3
182 16
182 20
182 26
182 28
182 32
182 33
182 41
182 45
182 48
182 56
182 58
182 65
182 69
182 71
182 73
182 78
182 87
182 89
182 91
182 93
182 94
182 99
182 100
182 101
182 102
182 104
182 107
182 111
182 115
182 118
182 122
182 124
182 131
182 134
182 139
182 141
182 142
182 143
182 145
182 147
182 153
182 158
182 160
182 161
182 164
182 165
182 169
182 174
182 178
182 183
182 186
182 188
182 194
182 198
182 199
182 201
182 207
182 209
182 223
182 229
182 230
182 233
182 235
182 237
183 3
183 4
183 5
183 6
183 7
183 12
183 13
183 15
183 18
183 31
183 38
183 39
183 41
183 42
183 49
183 50
183 51
183 62
183 64
183 67
183 69
183 71
183 72
183 80
183 81
183 82
183 83
183 85
183 93
183 95
183 101
183 103
183 106
183 108
183 111
183 112
183 114
183 118
183 121
183 124
183 126
183 130
183 135
183 137
183 146
183 147
183 149
183 150
183 155
183 157
183 162
183 163
183 166
183 170
183 172
183 178
183 182
183 184
183 189
183 190
183 192
183 194
183 195
183 197
183 198
183 207
183 212
183 219
183 220
183 222
183 225
183 236
184 3
184 4
184 6
184 8
184 11
184 13
184 14
184 16
184 17
184 20
184 21
184 24
184 25
184 26
184 37
184 38
184 40
184 41
184 47
184 53
184 60
184 69
184 74
184 78
184 85
184 90
184 93
184 95
184 98
184 105
184 106
184 109
184 111
184 113
184 116
184 118
184 119
184 122
184 123
184 124
184 126
184 127
184 136
184 141
184 142
184 144
184 148
184 152
184 156
184 158
184 162
184 170
184 171
184 173
184 176
184 179
184 180
184 182
184 184
184 186
184 188
184 190
184 194
184 199
184 200
184 204
184 205
184 206
184 207
184 208
184 211
184 217
184 219
184 224
184 229
184 230
184 232
184 234
184 238
184 239
185 4
185 6
185 8
185 12
185 13
185 18
185 24
185 27
185 36
185 45
185 54
185 56
185 57
185 58
185 60
185 68
185 70
185 73
185 77
185 78
185 87
185 88
185 92
185 93
185 97
185 100
185 104
185 106
185 107
185 110
185 112
185 113
185 115
185 122
185 126
185 127
185 129
185 130
185 133
185 135
185 140
185 143
185 145
185 151
185 153
185 154
185 155
185 158
185 162
185 166
185 170
185 172
185 174
185 176
185 180
185 182
185 183
185 184
185 186
185 189
185 190
185 192
185 195
185 203
185 204
185 208
185 212
185 213
185 215
185 217
185 219
185 221
185 223
185 226
185 230
185 238
186 1
186 9
186 10
186 19
186 21
186 22
186 23
186 27
186 33
186 37
186 42
186 48
186 49
186 57
186 58
186 65
186 66
186 68
186 71
186 78
186 80
186 82
186 84
186 88
186 90
186 94
186 102
186 106
186 111
186 115
186 122
186 127
186 132
186 134
186 137
186 143
186 152
186 157
186 161
186 166
186 167
186 168
186 169
186 177
186 178
186 184
186 187
186 188
186 193
186 195
186 196
186 205
186 217
186 219
186 220
186 221
186 223
186 228
186 231
186 232
186 236
187 3
187 4
187 5
187 7
187 8
187 10
187 11
187 13
187 20
187 24
187 28
187 31
187 32
187 37
187 40
187 41
187 45
187 46
187 47
187 48
187 52
187 63
187 67
187 68
187 69
187 72
187 74
187 79
187 80
187 81
187 82
187 83
187 84
187 86
187 88
187 91
187 101
187 102
187 104
187 110
187 112
187 113
187 116
187 119
187 127
187 130
187 131
187 138
187 141
187 143
187 144
187 147
187 150
187 152
187 157
187 160
187 165
187 170
187 174
187 176
187 178
187 179
187 180
187 183
187 194
187 197
187 199
187 200
187 201
187 203
187 204
187 205
187 214
187 217
187 221
187 229
187 233
187 237
187 239
188 3
188 5
188 18
188 19
188 36
188 38
188 41
188 44
188 45
188 47
188 52
188 58
188 62
188 63
188 65
188 67
188 68
188 81
188 82
188 88
188 89
188 90
188 93
188 94
188 95
188 101
188 106
188 109
188 111
188 117
188 124
188 126
188 127
188 133
188 134
188 135
188 136
188 139
188 142
188 151
188 153
188 154
188 168
188 169
188 172
188 177
188 183
188 184
188 190
188 191
188 195
188 197
188 201
188 205
188 206
188 213
188 217
188 219
188 220
188 224
188 226
188 230
188 234
188 236
188 237
188 239
188 240
189 4
189 5
189 8
189 9
189 23
189 25
189 28
189 31
189 34
189 42
189 45
189 48
189 54
189 55
189 56
189 61
189 64
189 68
189 76
189 78
189 80
189 82
189 86
189 89
189 102
189 103
189 107
189 111
189 113
189 117
189 124
189 133
189 138
189 140
189 143
189 146
189 147
189 151
189 154
189 156
189 157
189 161
189 167
189 172
189 173
189 174
189 187
189 194
189 201
189 203
189 207
189 208
189 210
189 211
189 216
189 227
189 232
189 235
189 238
189 239
190 2
190 3
190 5
190 6
190 7
190 9
190 13
190 17
190 18
190 20
190 23
190 27
190 37
190 45
190 46
190 49
190 50
190 52
190 55
190 57
190 63
190 69
190 70
190 72
190 73
190 78
190 83
190 85
190 94
190 98
190 99
190 102
190 104
190 106
190 109
190 111
190 115
190 118
190 125
190 127
190 139
190 144
190 149
190 151
190 155
190 156
190 160
190 164
190 165
190 172
190 180
190 193
190 199
190 203
190 204
190 207
190 208
190 216
190 222
190 224
190 228
190 233
190 238
191 1
191 5
191 6
191 7
191 11
191 13
191 15
191 20
191 22
191 23
191 25
191 28
191 32
191 35
191 36
191 42
191 43
191 48
191 52
191 59
191 60
191 61
191 65
191 67
191 69
191 71
191 89
191 91
191 98
191 100
191 103
191 111
191 115
191 120
191 127
191 130
191 134
191 136
191 139
191 143
191 144
191 148
191 153
191 154
191 157
191 158
191 161
191 167
191 168
191 171
191 173
191 176
191 180
191 182
191 186
191 198
191 200
191 203
191 206
191 207
191 211
191 219
191 221
191 224
191 232
192 1
192 3
192 10
192 13
192 14
192 23
192 25
192 30
192 31
192 46
192 54
192 55
192 57
192 61
192 67
192 72
192 74
192 80
192 82
192 84
192 86
192 87
192 94
192 95
192 96
192 99
192 100
192 107
192 109
192 111
192 113
192 114
192 122
192 123
192 125
192 128
192 130
192 132
192 140
192 142
192 145
192 148
192 149
192 150
192 153
192 155
192 156
192 157
192 159
192 160
192 164
192 165
192 167
192 174
192 175
192 176
192 179
192 182
192 187
192 188
192 190
192 191
192 195
192 202
192 203
192 214
192 217
192 225
192 228
192 234
192 237
